Electronic Materials (Flash Drives)/data/NZclimate/2050/miroc_8_2050/bio06nz.asc
ncols         384
nrows         384
xllcorner     164
yllcorner     -49
cellsize      0.041666666666667
NODATA_value  -9999
[rows 288 to 323 of 384, columns 81 to 161 of 384]
7 0 -5 -4 -7 -18 -15 -14 -2 -22 -14 5 14 -14 -20 -4 -20 -32 -41 -29 -18 -22 -40 -31 10 9 -32 -28 -5 -23 -5 3 8 4 -9 -12 -7 1 -3 -2 -3 -5 -4 9 9 -4 -23 -38 -43 -32 -14 -3 2 4 4 5 6 1 -7 1 -1 -7 -2 -1 -4 -3 -2 0 1 2 -6 -27 -20 -12 -3 2 6 11 16 20 23
-7 -18 -17 -14 5 -23 -14 -5 7 -10 -5 17 -5 -24 -2 -6 -23 -32 -32 -37 -8 -31 -33 -23 7 14 -7 2 7 10 13 14 9 -5 -57 -51 -31 -19 -12 1 -13 -5 9 10 3 -13 -27 -39 -22 -8 2 5 5 5 5 4 2 2 3 -2 -13 -3 1 2 1 1 2 2 5 5 2 -17 -29 -19 -4 1 3 7 11 20 24
-1 -4 -6 -14 1 0 -19 -19 -9 10 15 15 8 1 3 -28 -30 -26 -26 -31 -7 -24 -32 -11 3 11 13 13 6 -8 -32 8 13 -12 -50 -52 -36 -23 -12 -15 -19 -11 5 5 -7 -3 -1 -12 -3 2 5 4 4 6 3 1 3 3 -1 -14 -6 2 4 5 4 5 5 5 7 7 4 -2 -23 -14 -14 -5 0 0 10 19 23
-17 -14 7 6 5 13 8 -5 -12 -1 17 16 15 10 -2 -19 -24 -36 -12 -14 -33 -16 -29 -6 -14 -14 -14 -25 -28 -34 -22 -9 12 -15 -49 -56 -42 -27 -14 -22 -28 -22 -1 1 -11 -17 3 2 3 4 6 7 2 -2 -1 3 2 0 -11 -15 -4 3 5 6 7 8 8 8 9 9 6 2 -8 -22 -13 -17 -8 2 12 14 22
-17 -14 -15 -18 -16 -10 11 17 15 18 17 14 14 10 -1 -20 -14 -32 -7 -25 -30 -29 -5 -14 -27 -33 -29 -35 -22 -17 -6 0 11 -23 -51 -51 -45 -23 -8 -15 -30 -22 -11 -7 -3 -4 7 7 6 8 9 6 1 -5 1 2 1 -7 -17 -16 -6 4 6 8 9 9 10 10 11 11 7 0 0 -5 -20 -16 -6 2 5 11 21
-6 -19 -22 -21 -23 -24 -16 9 17 18 16 13 12 3 -3 -20 -8 -30 -22 -14 -21 -20 -7 -15 -39 -30 -21 -15 -23 -21 -35 -23 10 -19 -39 -54 -41 -15 -16 -27 -47 -37 -25 -14 -10 1 9 10 8 9 7 3 -2 -2 0 0 -2 -7 -13 -18 -3 5 7 8 8 8 4 -2 2 9 4 -4 2 6 2 1 3 1 6 13 19
1 -8 -10 -21 -24 -18 -18 -7 15 17 13 10 9 3 1 -4 -22 -20 -28 -13 -19 -9 -18 -32 -37 -26 -30 -32 -34 -32 -27 -38 5 -3 -42 -46 -29 -23 -38 -42 -52 -44 -35 -32 -23 -3 4 7 5 2 3 1 -1 -4 -5 -6 -10 -13 -15 -15 0 6 7 6 5 -3 -12 -11 -3 10 7 1 -1 5 14 10 5 3 5 14 19
-12 6 -3 7 -18 -21 -19 -10 13 16 13 7 8 5 -8 -2 -9 -14 -17 -5 -5 -20 -42 -31 -34 -37 -40 -36 -26 -12 -22 -24 5 -9 -41 -31 -17 -36 -46 -49 -43 -44 -38 -43 -34 -9 1 2 -4 -1 -2 -8 -7 -8 -8 -11 -15 -16 -19 -10 4 7 5 -4 -12 -23 -26 -20 1 14 5 3 1 2 15 20 19 14 11 14 17
-22 -24 -18 -4 5 10 13 15 16 13 11 10 5 5 1 0 -8 -2 -9 -10 -6 -27 -41 -28 -19 -19 -18 -10 -8 -9 -13 5 -8 -37 -31 -16 -32 -45 -49 -40 -39 -36 -45 -42 -34 -6 1 -3 -11 -9 -12 -11 -10 -12 -14 -17 -17 -23 -20 -7 3 3 2 -12 -22 -28 -28 -9 13 14 5 1 7 9 8 12 20 27 23 17 18
-14 -26 -17 -14 -26 -20 0 15 15 12 10 8 7 -2 -1 -6 -3 -6 -12 -5 -28 -25 -34 -34 -16 -8 -22 -10 2 0 7 6 -12 -36 -21 -29 -38 -47 -47 -37 -29 -29 -36 -45 -31 -6 5 -5 -11 -15 -14 -14 -13 -13 -13 -19 -25 -22 -14 -4 -2 -2 -6 -23 -31 -28 -7 13 16 7 3 6 7 8 9 10 14 24 31 26 23
-8 -23 -20 -15 -5 -6 5 13 13 10 9 9 7 -2 -1 -2 4 1 -3 -26 -25 -30 -36 -24 -26 -6 -17 -12 -3 -2 -6 8 -2 -20 -31 -39 -43 -41 -33 -32 -20 -20 -31 -37 -33 -8 6 3 -6 -16 -15 -14 -14 -13 -14 -18 -18 -13 -5 -1 -2 -9 -19 -27 -31 -5 14 18 11 2 7 11 5 6 6 14 16 20 28 33 31
0 -6 7 9 14 14 9 13 10 10 8 8 7 3 4 5 3 3 -7 -17 -12 -22 -23 -10 -12 -12 0 2 1 6 0 8 -9 -11 -24 -36 -41 -36 -28 -22 -9 -6 -25 -26 -28 -5 11 6 -6 -13 -16 -18 -16 -15 -13 -12 -10 -6 -2 -5 -13 -18 -25 -28 -9 14 18 15 7 6 11 9 7 1 6 13 19 24 29 33 34
1 14 15 17 16 14 14 13 12 13 11 10 7 6 7 0 -2 2 0 0 -8 -6 -3 -5 -4 0 2 7 12 5 -1 4 -2 -12 -17 -26 -23 -26 -24 -8 -2 -14 -20 -20 -20 -3 13 3 -4 -5 -8 -14 -17 -12 -11 -12 -7 -7 -12 -17 -15 -15 -18 -18 11 18 19 17 12 10 13 8 2 1 10 17 20 24 29 34 32
6 -17 -11 12 14 14 14 14 12 8 9 9 8 6 1 -2 2 3 7 -3 -9 4 -3 3 8 7 7 0 -1 3 8 -6 -17 -12 -18 -13 -1 -1 -2 4 -18 -31 -22 -13 -20 -16 10 5 0 -3 -6 -9 -11 -9 -8 -15 -12 -14 -15 -14 -13 -13 -13 -1 14 18 19 17 16 15 14 5 3 8 9 17 18 26 29 35 36
-21 -23 -26 -5 10 6 8 14 10 7 2 -3 -9 -8 -11 -18 2 3 8 6 -3 6 8 12 12 13 5 -19 -11 -1 5 -14 -6 -8 -6 -2 9 10 10 -8 -25 -26 -18 -9 -19 -17 10 15 6 4 -4 -11 -13 -11 -14 -20 -18 -16 -20 -17 -10 -1 5 10 12 15 18 18 17 15 13 8 4 13 13 22 29 33 35 35 34
-29 -18 -16 -20 -2 6 3 13 9 -5 -22 -27 -27 -23 -4 -9 3 7 8 10 11 12 13 14 14 12 -1 -3 -9 -6 6 -8 0 1 0 7 13 11 -1 -8 -18 -15 -3 0 -7 -1 7 15 15 10 1 -4 -13 -17 -23 -24 -18 -22 -22 -14 -3 0 3 4 6 9 11 15 17 17 12 9 18 15 21 26 29 32 34 -9999 -9999
-22 -25 -13 -29 -6 14 15 11 5 -19 -26 -29 -20 -8 0 -6 3 9 9 10 11 11 13 14 15 9 1 4 2 2 12 4 2 7 12 14 14 -1 0 -15 -6 -2 -1 -4 -5 2 5 11 7 14 6 3 -1 -10 -22 -23 -23 -24 -19 -10 1 2 5 7 7 10 12 15 16 17 20 17 7 8 14 25 28 28 32 -9999 -9999
-23 -18 -2 -3 8 17 7 7 1 -16 -26 -31 -23 -8 0 2 6 9 10 12 9 4 6 13 15 14 9 9 12 9 13 13 12 14 15 14 10 3 -6 -13 -4 -2 2 -1 -2 0 4 5 0 8 15 8 3 -4 -12 -18 -23 -22 -16 -5 -4 -1 1 4 4 4 6 10 14 16 18 23 11 10 14 22 35 37 38 -9999 -9999
-23 -24 2 13 15 16 12 12 2 -20 -25 -17 -17 0 -6 -2 0 5 12 13 12 5 7 13 16 17 16 14 14 15 16 16 16 16 12 2 7 2 1 -7 -4 3 9 8 5 7 8 8 6 7 16 11 1 3 -6 -8 -12 -15 -14 -5 -2 2 5 9 9 7 8 11 13 15 23 24 18 18 13 22 32 26 33 36 35
-23 -9 11 12 8 12 17 16 11 1 -6 -3 1 2 -3 -4 0 9 13 11 11 13 10 14 17 16 17 18 16 17 17 17 17 17 13 11 5 5 4 1 4 6 6 5 8 8 9 10 6 6 13 16 12 5 -2 -3 -3 -2 0 4 6 6 7 9 8 9 12 16 18 22 24 24 23 23 9 18 20 32 39 38 38
-17 5 10 -4 6 6 17 14 14 12 9 7 2 2 4 -2 6 14 15 7 2 15 17 18 15 12 16 18 18 17 17 18 18 18 17 14 10 12 9 3 9 8 10 14 15 14 13 10 -1 0 15 16 16 13 10 3 -1 0 5 7 7 8 8 7 4 -2 5 27 29 29 33 35 33 20 26 35 31 35 36 38 35
7 1 -6 6 6 16 19 17 17 16 16 12 8 11 12 7 6 16 16 8 6 17 19 19 14 6 10 14 18 18 17 17 18 18 17 15 13 14 14 13 15 13 15 16 16 14 12 1 -8 1 13 11 9 15 18 16 12 7 8 10 7 6 10 5 4 3 23 32 32 33 33 30 35 33 35 40 37 31 34 34 39
-6 5 13 12 13 16 18 20 19 16 17 18 18 17 15 12 15 17 17 10 6 15 20 18 13 6 10 4 11 17 18 18 18 18 19 18 15 16 17 17 16 16 16 16 17 15 -1 -11 -1 6 16 14 13 17 19 16 16 15 15 12 4 2 8 17 22 29 31 32 29 27 30 30 36 36 -9999 -9999 -9999 -9999 -9999 -9999 -9999
13 14 16 18 19 19 18 21 19 17 19 17 6 14 17 17 18 18 18 15 13 13 20 20 15 9 15 9 1 3 9 11 14 18 19 19 18 17 17 18 17 17 17 15 18 11 0 6 6 14 19 18 17 18 14 12 18 20 18 9 7 9 12 20 28 31 31 30 28 30 -9999 -9999 -9999 -9999 -9999 -9999 -9999 -9999 -9999 -9999 -9999
14 15 17 17 14 15 16 20 22 19 20 19 11 14 18 19 19 19 20 20 20 20 21 21 19 16 9 10 9 8 12 11 14 16 11 13 19 19 17 18 18 17 17 16 18 12 12 15 18 20 21 22 20 17 14 17 18 18 15 13 14 16 19 25 30 28 25 29 31 -9999 -9999 -9999 -9999 -9999 -9999 -9999 -9999 -9999 -9999 -9999 -9999
16 14 19 17 17 15 18 20 23 20 22 21 17 21 21 21 21 21 21 21 21 21 22 22 22 20 18 18 12 5 7 7 10 8 13 10 16 20 19 19 18 18 14 15 17 16 17 19 22 21 22 24 21 18 19 18 15 13 19 20 19 23 25 26 22 22 23 30 33 -9999 -9999 -9999 -9999 -9999 -9999 -9999 -9999 -9999 -9999 -9999 -9999
18 18 21 18 21 18 21 23 22 20 17 12 15 21 23 22 22 22 22 22 22 22 23 22 21 22 22 19 14 9 9 5 10 17 19 19 19 21 17 15 18 19 17 18 18 18 19 19 21 23 22 24 24 21 20 18 16 16 21 25 27 28 29 25 17 20 28 31 -9999 -9999 -9999 -9999 -9999 -9999 -9999 -9999 -9999 -9999 -9999 -9999 -9999
20 21 22 23 22 21 24 24 20 16 4 2 9 18 21 23 22 23 23 23 23 23 23 23 21 22 23 23 19 19 12 13 19 20 19 20 22 21 16 12 16 17 16 14 16 18 19 20 20 21 23 23 24 24 24 21 18 18 22 27 28 27 27 21 19 23 27 31 -9999 -9999 -9999 -9999 -9999 -9999 -9999 -9999 -9999 -9999 -9999 -9999 -9999
22 -9999 -9999 -9999 24 24 25 22 18 8 -3 5 18 16 15 22 23 23 23 23 23 24 24 23 22 20 23 23 21 22 21 22 21 20 20 22 21 18 16 15 15 17 17 17 13 9 14 19 20 21 22 23 23 24 25 25 21 23 28 27 26 21 27 27 29 28 31 -9999 -9999 -9999 -9999 -9999 -9999 -9999 -9999 -9999 -9999 -9999 -9999 -9999 -9999
-9999 -9999 -9999 -9999 -9999 -9999 26 23 18 17 7 -1 15 23 21 22 24 23 24 24 24 25 24 24 24 22 24 24 23 22 22 21 21 21 23 22 15 14 16 11 10 13 14 15 16 15 12 12 16 20 22 23 24 24 24 25 27 26 29 27 25 25 27 30 32 -9999 -9999 -9999 -9999 -9999 -9999 -9999 -9999 -9999 -9999 -9999 -9999 -9999 -9999 -9999 -9999
-9999 -9999 -9999 -9999 -9999 -9999 -9999 26 25 21 7 5 18 23 25 24 24 25 25 25 24 25 25 25 25 25 24 23 23 23 22 22 22 23 24 23 20 15 17 16 9 8 9 8 15 13 11 13 10 7 9 15 22 24 26 26 28 28 29 28 25 28 30 -9999 -9999 -9999 -9999 -9999 -9999 -9999 -9999 -9999 -9999 -9999 -9999 -9999 -9999 -9999 -9999 -9999 -9999
-9999 -9999 -9999 -9999 -9999 -9999 -9999 24 25 24 21 13 20 25 25 26 26 26 26 25 25 26 26 25 25 25 24 24 23 23 23 22 23 24 24 25 22 20 15 13 11 5 1 10 16 13 7 8 10 7 9 14 17 18 25 27 29 29 30 26 27 29 -9999 -9999 -9999 -9999 -9999 -9999 -9999 -9999 -9999 -9999 -9999 -9999 -9999 -9999 -9999 -9999 -9999 -9999 -9999
-9999 -9999 -9999 -9999 -9999 -9999 -9999 -9999 25 25 25 25 25 24 23 25 26 26 26 26 26 26 26 26 26 25 24 24 24 24 23 23 24 25 25 24 23 22 18 10 2 14 16 17 13 9 10 12 8 14 20 16 14 16 18 23 27 29 30 -9999 -9999 -9999 -9999 -9999 -9999 -9999 -9999 -9999 -9999 -9999 -9999 -9999 -9999 -9999 -9999 -9999 -9999 -9999 -9999 -9999 -9999
-9999 -9999 -9999 -9999 -9999 -9999 -9999 -9999 -9999 25 26 25 24 -9999 -9999 25 -9999 -9999 -9999 26 26 26 26 26 26 26 25 25 25 24 24 24 25 26 23 21 21 19 20 20 18 16 19 12 14 7 6 9 13 13 16 22 17 19 21 24 23 27 -9999 -9999 -9999 -9999 -9999 -9999 -9999 -9999 -9999 -9999 -9999 -9999 -9999 -9999 -9999 -9999 -9999 -9999 -9999 -9999 -9999 -9999 -9999
-9999 -9999 -9999 -9999 -9999 -9999 -9999 -9999 -9999 -9999 -9999 26 -9999 -9999 -9999 -9999 -9999 -9999 -9999 -9999 26 26 26 26 26 26 25 25 25 25 25 25 25 26 24 22 19 17 13 20 21 19 18 7 14 7 4 9 7 13 16 17 21 24 27 26 24 24 28 -9999 -9999 -9999 -9999 -9999 -9999 -9999 -9999 -9999 -9999 -9999 -9999 -9999 -9999 -9999 -9999 -9999 -9999 -9999 -9999 -9999 -9999
-9999 -9999 -9999 -9999 -9999 -9999 -9999 -9999 -9999 -9999 -9999 -9999 -9999 -9999 -9999 -9999 -9999 -9999 -9999 -9999 26 26 26 27 27 26 27 26 26 26 26 26 27 26 24 23 21 19 15 14 12 16 15 15 16 19 12 15 15 13 18 19 24 24 27 29 29 28 -9999 -9999 -9999 -9999 -9999 -9999 -9999 -9999 -9999 -9999 -9999 -9999 -9999 -9999 -9999 -9999 -9999 -9999 -9999 -9999 -9999 -9999 -9999
