Electronic Materials (Flash Drives)/data/NZclimate/2050/miroc_8_2050/bio06nz.asc
ncols         384
nrows         384
xllcorner     164
yllcorner     -49
cellsize      0.041666666666667
NODATA_value  -9999
[rows 252 to 287 of 384, columns 81 to 161 of 384]
-9999 -9999 -9999 -9999 -9999 -9999 -9999 -9999 -9999 -9999 -9999 -9999 -9999 -9999 -9999 -9999 -9999 -9999 -9999 -9999 -9999 -9999 -9999 -9999 -9999 -9999 -9999 -9999 -9999 -9999 -9999 -9999 -9999 -9999 -9999 -9999 -9999 -9999 -9999 -9999 -9999 -9999 -9999 -9999 -9999 -9999 -9999 -9999 -9999 -9999 -9999 -9999 -9999 -9999 -9999 36 36 36 34 34 18 1 13 -12 -17 -35 -51 -72 -66 -66 -57 -71 -49 -58 -14 -31 -52 -42 -43 -34 -21
-9999 -9999 -9999 -9999 -9999 -9999 -9999 -9999 -9999 -9999 -9999 -9999 -9999 -9999 -9999 -9999 -9999 -9999 -9999 -9999 -9999 -9999 -9999 -9999 -9999 -9999 -9999 -9999 -9999 -9999 -9999 -9999 -9999 -9999 -9999 -9999 -9999 -9999 -9999 -9999 -9999 -9999 -9999 -9999 -9999 -9999 -9999 -9999 -9999 -9999 -9999 -9999 -9999 36 35 35 32 31 34 9 -16 -24 -7 -12 -17 -41 -82 -73 -32 -50 -67 -42 -45 -41 -13 -37 -53 -26 -50 -44 -56
-9999 -9999 -9999 -9999 -9999 -9999 -9999 -9999 -9999 -9999 -9999 -9999 -9999 -9999 -9999 -9999 -9999 -9999 -9999 -9999 -9999 -9999 -9999 -9999 -9999 -9999 -9999 -9999 -9999 -9999 -9999 -9999 -9999 -9999 -9999 -9999 -9999 -9999 -9999 -9999 -9999 -9999 -9999 -9999 -9999 -9999 -9999 -9999 -9999 36 35 36 34 36 32 32 13 -7 18 11 7 -13 -31 -32 -34 -61 -80 -35 -31 -59 -27 -44 -64 -44 -10 -27 -51 -23 -44 -36 -57
-9999 -9999 -9999 -9999 -9999 -9999 -9999 -9999 -9999 -9999 -9999 -9999 -9999 -9999 -9999 -9999 -9999 -9999 -9999 -9999 -9999 -9999 -9999 -9999 -9999 -9999 -9999 -9999 -9999 -9999 -9999 -9999 -9999 -9999 -9999 -9999 -9999 -9999 -9999 -9999 -9999 -9999 -9999 -9999 -9999 -9999 -9999 34 28 31 19 34 31 32 6 7 -2 -26 12 0 -22 -27 -14 -16 -34 -41 -46 -13 -16 -26 -47 -55 -35 -48 -9 -28 -38 -23 -16 -38 -52
-9999 -9999 -9999 -9999 -9999 -9999 -9999 -9999 -9999 -9999 -9999 -9999 -9999 -9999 -9999 -9999 -9999 -9999 -9999 -9999 -9999 -9999 -9999 -9999 -9999 -9999 -9999 -9999 -9999 -9999 -9999 -9999 -9999 -9999 -9999 -9999 -9999 -9999 -9999 -9999 -9999 -9999 -9999 -9999 35 32 27 28 21 32 25 25 10 19 -2 -20 -10 -12 -12 -5 -23 -32 -45 -65 -48 -21 -30 -5 -47 -52 -54 -50 -27 -50 -26 -2 -13 -6 -28 -48 -38
-9999 -9999 -9999 -9999 -9999 -9999 -9999 -9999 -9999 -9999 -9999 -9999 -9999 -9999 -9999 -9999 -9999 -9999 -9999 -9999 -9999 -9999 -9999 -9999 -9999 -9999 -9999 -9999 -9999 -9999 -9999 -9999 -9999 -9999 -9999 -9999 -9999 -9999 -9999 -9999 -9999 -9999 36 30 27 29 20 15 29 18 22 13 -10 -17 13 11 -8 -26 -28 -31 -20 -34 -49 -52 -35 -6 -4 -16 -48 -30 -50 -51 -25 -47 -45 -5 0 -7 -34 -49 -35
-9999 -9999 -9999 -9999 -9999 -9999 -9999 -9999 -9999 -9999 -9999 -9999 -9999 -9999 -9999 -9999 -9999 -9999 -9999 -9999 -9999 -9999 -9999 -9999 -9999 -9999 -9999 -9999 -9999 -9999 -9999 -9999 -9999 -9999 -9999 -9999 -9999 -9999 -9999 -9999 -9999 35 34 23 12 18 19 21 7 -16 6 24 8 2 -7 -31 -26 -32 -32 -36 -25 -38 -48 -48 -51 -10 1 -39 -32 -35 -54 -44 -23 -46 -37 -8 -1 -10 -32 -45 -48
-9999 -9999 -9999 -9999 -9999 -9999 -9999 -9999 -9999 -9999 -9999 -9999 -9999 -9999 -9999 -9999 -9999 -9999 -9999 -9999 -9999 -9999 -9999 -9999 -9999 -9999 -9999 -9999 -9999 -9999 -9999 -9999 -9999 -9999 -9999 -9999 -9999 -9999 -9999 -9999 34 34 33 26 12 -3 -5 6 3 -4 -9 8 -5 -36 -36 -23 -44 -29 -10 -25 -45 -41 -28 -45 -36 -2 4 -24 -18 -47 -49 -33 -18 -31 -26 -2 -1 -9 -25 -39 -55
-9999 -9999 -9999 -9999 -9999 -9999 -9999 -9999 -9999 -9999 -9999 -9999 -9999 -9999 -9999 -9999 -9999 -9999 -9999 -9999 -9999 -9999 -9999 -9999 -9999 -9999 -9999 -9999 -9999 -9999 -9999 -9999 -9999 -9999 -9999 -9999 -9999 -9999 34 34 33 33 27 4 -7 1 -6 -17 -22 -27 -29 -19 -18 -22 -17 -28 -13 -1 -42 -47 -34 -47 -15 -52 -33 -2 6 -1 -20 -36 -44 -27 -28 -6 -3 0 -2 -12 -39 -43 -50
-9999 -9999 -9999 -9999 -9999 -9999 -9999 -9999 -9999 -9999 -9999 -9999 -9999 -9999 -9999 -9999 -9999 -9999 -9999 -9999 -9999 -9999 -9999 -9999 -9999 -9999 -9999 -9999 -9999 -9999 -9999 -9999 -9999 -9999 -9999 -9999 34 34 33 33 32 27 -3 8 -2 -11 -8 -26 -27 -20 -21 7 6 -2 -18 -2 -4 -39 -33 -23 -27 -37 -17 -59 -45 -6 7 1 -14 -22 -22 -17 -12 -6 -2 -1 -4 -17 -40 -36 -25
-9999 -9999 -9999 -9999 -9999 -9999 -9999 -9999 -9999 -9999 -9999 -9999 -9999 -9999 -9999 -9999 -9999 -9999 -9999 -9999 -9999 -9999 -9999 -9999 -9999 -9999 -9999 -9999 -9999 -9999 -9999 -9999 -9999 -9999 34 33 33 33 32 25 5 9 23 9 3 17 11 6 -15 -4 10 20 1 -14 -16 -14 -41 -42 -24 -19 -48 -15 -24 -55 -38 -13 7 6 -6 -13 -12 -11 -9 -5 -2 -1 -6 -26 -44 -33 -11
-9999 -9999 -9999 -9999 -9999 -9999 -9999 -9999 -9999 -9999 -9999 -9999 -9999 -9999 -9999 -9999 -9999 -9999 -9999 -9999 -9999 -9999 -9999 -9999 -9999 -9999 -9999 34 28 30 31 34 34 33 33 33 23 16 5 2 14 -17 -13 15 5 -20 -14 -8 16 23 7 -23 -38 -39 -37 -46 -27 -40 -13 -34 -51 -4 -35 -49 -51 -21 6 6 -1 -6 -8 -8 -8 -5 -3 -3 -8 -23 -26 -12 0
-9999 -9999 -9999 -9999 -9999 -9999 -9999 -9999 -9999 -9999 -9999 -9999 -9999 -9999 -9999 -9999 -9999 -9999 -9999 -9999 -9999 -9999 -9999 35 32 24 23 21 22 25 23 30 31 29 29 26 6 -21 10 -14 -5 7 -11 -14 -13 -8 -6 7 5 -11 -21 -27 -36 -27 -22 -47 -31 -27 -6 -42 -22 -6 -37 -48 -45 -24 6 6 0 -4 -7 -6 -5 -3 -3 -5 -14 -31 -15 7 10
-9999 -9999 -9999 -9999 -9999 -9999 -9999 -9999 -9999 -9999 -9999 -9999 -9999 -9999 -9999 -9999 -9999 -9999 -9999 -9999 -9999 -9999 34 34 34 34 30 19 10 6 22 25 30 16 -1 11 -6 -8 -14 -6 -17 -3 1 -7 -19 -12 -25 -20 -7 -44 -35 -37 -38 -8 -37 -49 -38 -43 -9 -9 0 -28 -41 -42 -30 -20 5 6 2 -1 -3 -1 -1 0 -1 -2 -7 -12 -8 2 7
-9999 -9999 -9999 -9999 -9999 -9999 -9999 -9999 -9999 -9999 -9999 -9999 -9999 -9999 -9999 -9999 -9999 -9999 -9999 -9999 -9999 30 23 25 15 11 17 31 11 15 16 9 24 -20 10 15 -18 -15 -21 -22 -16 -23 -25 -15 -16 -28 -20 -7 -34 -34 -34 -26 -4 -21 -47 -42 -36 -39 -9 4 -6 -47 -40 -26 -8 -9 4 5 1 -1 2 1 1 2 1 1 -2 -6 3 -4 -5
-9999 -9999 -9999 -9999 -9999 -9999 -9999 -9999 -9999 -9999 -9999 -9999 -9999 -9999 -9999 -9999 -9999 -9999 -9999 -9999 32 27 18 9 6 8 5 22 9 -2 -5 11 19 -3 2 -21 -14 -9 -34 -21 -32 -23 -23 -25 -19 -3 0 -20 -26 -27 -39 -11 -16 -50 -27 -47 -41 -24 -6 5 -12 -40 -23 -5 0 1 5 5 3 -3 4 4 4 4 3 3 -2 -18 -1 1 -14
-9999 -9999 -9999 -9999 -9999 -9999 -9999 -9999 -9999 -9999 -9999 -9999 -9999 -9999 -9999 -9999 -9999 -9999 31 23 25 21 17 10 6 14 14 -2 -17 -26 7 24 -10 12 -15 -22 -31 -28 -33 -24 -21 -25 -12 -14 -1 -2 -25 -34 -38 -25 -15 -2 -40 -38 -20 -39 -38 -22 -8 5 -13 -37 -12 1 4 5 5 4 4 3 5 6 6 5 5 4 -1 -13 -2 7 0
-9999 -9999 -9999 -9999 -9999 -9999 -9999 -9999 -9999 -9999 -9999 -9999 -9999 -9999 -9999 -9999 34 30 22 14 10 16 4 -4 3 13 -11 -17 -17 5 20 2 -25 7 -32 -50 -33 -29 -31 -9 -9 -27 -25 -12 10 -33 -30 -41 -25 -24 4 -38 -38 -13 -33 -48 -30 -44 -4 5 -13 -27 -9 3 6 7 7 8 7 6 4 7 4 6 2 0 -3 -20 -8 2 9
-9999 -9999 -9999 -9999 -9999 -9999 -9999 -9999 -9999 -9999 -9999 -9999 -9999 -9999 -9999 -9999 30 24 12 5 0 10 -1 -15 1 -18 -27 -21 2 25 9 6 -2 -4 -9 -43 -13 -17 -13 -26 -26 -8 1 14 -13 -35 -25 -26 -35 -6 -7 -42 -26 -13 -49 -33 -44 -38 -5 4 -4 -2 4 5 7 8 9 9 10 9 6 1 -4 2 -10 -21 -8 -28 -15 -4 4
-9999 -9999 -9999 -9999 -9999 -9999 -9999 -9999 -9999 -9999 -9999 -9999 -9999 -9999 33 32 32 33 31 29 24 9 -3 -21 -7 -29 -27 -5 22 5 -25 5 -35 -7 -35 -32 -39 -26 -24 -23 -24 -24 -1 10 -30 -39 -37 -24 -8 9 -30 -27 -32 -12 -28 -26 -43 -41 -10 0 1 1 2 3 6 -1 7 10 11 11 10 6 2 -7 -22 -38 -20 -27 -9 -21 -3
-9999 -9999 -9999 -9999 -9999 -9999 -9999 -9999 -9999 -9999 -9999 -9999 -9999 -9999 33 27 7 16 3 16 10 -20 -5 -19 -27 -32 -5 5 -17 -35 -11 -23 -40 -37 -55 -19 -41 -22 -24 -20 -13 -5 14 -1 -30 -38 -34 -24 5 -6 -35 -17 -38 -24 -7 -23 -33 -21 -9 0 0 1 1 5 1 -25 -13 10 12 11 10 1 0 -9 -15 -35 -27 -6 -1 -18 -18
-9999 -9999 -9999 -9999 -9999 -9999 -9999 -9999 -9999 -9999 -9999 -9999 28 28 19 27 22 11 -14 2 19 -13 -22 -43 -27 -14 -2 -13 -19 -35 -23 -41 -66 -37 -12 -20 -42 -40 -25 -36 -23 8 16 5 -34 -27 -13 -3 10 -14 -11 -22 -38 -23 -14 -9 -16 -35 -15 0 1 -1 3 -4 -14 -43 -16 5 12 8 2 -1 -9 -6 -14 -18 -8 -4 1 -3 -26
-9999 -9999 -9999 -9999 -9999 -9999 -9999 -9999 -9999 -9999 -9999 29 21 19 17 16 22 -11 -13 -2 17 -28 -31 -52 -47 -19 -15 -31 -51 -55 -38 -23 -61 -29 -4 -34 -42 -30 -35 -36 -21 8 16 6 -2 1 9 10 3 -8 -23 -35 -39 -21 -16 -6 -13 -27 -12 2 0 6 7 5 -12 -35 -23 3 9 1 -11 -10 -26 -17 -10 -17 -12 -1 3 4 -10
-9999 -9999 -9999 -9999 -9999 -9999 -9999 -9999 -9999 -9999 32 24 11 19 7 -9 24 -13 -9 22 -13 -11 -29 -50 -35 -31 -55 -42 -52 -42 -20 -17 -26 -18 5 0 -22 -45 -32 -22 -26 3 15 -14 -4 11 5 -23 -30 -34 -31 -34 -21 -22 -32 -17 -13 -16 -5 2 5 7 8 9 8 -16 -26 4 0 -9 -24 -21 -42 -33 -25 -40 -27 -3 5 8 1
-9999 -9999 -9999 -9999 -9999 -9999 -9999 -9999 -9999 -9999 31 17 11 -2 -10 -17 23 -6 14 -5 -23 -33 -44 -32 -20 -18 -19 -26 -33 -59 -53 -26 -18 -24 -42 -18 11 -23 -54 -28 0 11 8 -17 0 11 1 -7 -9 -20 -22 -25 -13 -12 -30 -14 -10 -17 0 3 4 4 -14 -6 9 2 0 7 -3 -19 -5 -16 -25 -17 -17 -40 -15 3 7 9 6
-9999 -9999 -9999 -9999 -9999 -9999 -9999 -9999 -9999 30 24 -5 -25 -12 -24 -29 -4 26 11 -26 -40 -27 -32 -4 -38 -50 -36 -28 -48 -51 -38 -28 -48 -34 -45 -28 11 -11 -34 -10 15 12 -12 -16 -1 11 5 -23 -23 -29 -33 -17 -6 -10 -19 -17 -37 -24 -5 2 -9 -5 -16 -16 1 8 0 10 -1 -7 4 -5 -3 -10 -25 -31 -1 8 11 6 -3
-9999 -9999 -9999 -9999 -9999 -9999 -9999 24 18 21 7 -13 -15 -16 -11 -40 -24 24 -5 -14 -38 -23 -19 -11 -61 -36 -11 -36 -53 -34 -18 -40 -27 -30 -47 -37 -1 11 8 8 15 3 9 1 -6 10 6 -18 -22 -17 -12 -6 -11 -16 -20 -41 -39 -39 -18 -5 -12 -31 -22 -17 0 0 0 13 7 13 15 5 1 -13 -22 -3 8 12 13 3 -5
-9999 -9999 -9999 -9999 -9999 31 23 12 -1 9 -10 1 8 -8 -4 -14 -23 16 -5 -30 -29 -25 5 -16 -45 -29 -10 -48 -60 -38 -10 -33 -24 -24 -40 -48 -37 5 9 15 14 10 12 10 9 10 3 -21 -26 -14 -1 -2 -14 -18 -29 -23 -35 -43 -24 -23 -29 -45 -21 -16 -8 -7 -1 0 -1 0 10 14 7 -8 7 11 14 16 14 8 -3
-9999 -9999 -9999 -9999 28 18 16 3 -2 -11 -3 1 5 0 -1 -19 -28 6 -2 -32 -38 -16 5 1 -31 -22 -10 -48 -55 -40 -28 -11 -10 -19 -34 -28 -46 -14 7 -1 -13 12 11 11 10 9 4 -15 -10 -2 1 0 -1 -8 -17 -17 -41 -46 -30 -30 -21 -39 -40 -32 -20 -14 -3 -13 -19 -26 -17 2 14 10 14 17 16 11 10 4 -3
-9999 -9999 -9999 19 21 11 -2 -9 -8 7 10 15 -24 -8 -20 -29 -32 -6 1 -34 -22 -18 7 7 0 -4 -21 -51 -41 -29 -27 -13 0 -25 -48 -38 -14 -7 -13 -25 -23 -3 10 7 7 11 9 -3 -13 -11 -9 -1 -3 -4 -5 -20 -28 -53 -33 -17 -12 -22 -50 -39 -31 -21 -11 -7 -19 -44 -37 -9 6 11 19 12 2 -1 -2 -3 5
-9999 19 13 13 -7 9 10 -7 -7 6 -19 -5 -2 -33 -32 -26 -30 -24 5 -28 -37 -41 -1 -2 11 -2 -35 -45 -44 -51 -33 -21 -7 -32 -44 -34 -13 -22 -36 -24 -2 1 -21 -16 -5 0 8 7 -11 -4 2 7 -2 -5 -9 -14 -17 -35 -30 -20 -9 -12 -43 -39 -30 -18 -28 -17 -11 -31 -44 -17 0 9 17 20 15 7 9 9 7
17 11 0 15 -1 4 -1 -9 -22 -20 -19 -15 -24 -25 -31 -29 -21 -1 -13 -25 -20 -49 -19 14 10 -17 -41 -43 -29 -34 -21 -9 -9 -33 -32 -21 -17 -31 -13 -5 1 -18 -34 -33 -30 -27 -2 11 7 7 5 3 -3 -14 -30 -27 -25 -11 -21 -11 -6 -6 -29 -38 -28 -29 -34 -29 -22 -26 -43 -27 -11 1 13 18 21 23 20 13 9
2 9 9 9 -4 -5 -2 -11 -24 -15 -14 -15 -15 -18 -21 -34 -29 -12 -13 -30 -8 -25 -39 11 11 -16 -33 -46 -24 -20 -10 -5 -29 -33 -14 -31 -21 -45 -22 -1 -14 -39 -45 -52 -37 -13 6 12 9 8 4 -12 -21 -34 -35 -40 -23 -4 -5 -4 -3 -4 -16 -37 -37 -36 -34 -30 -19 -18 -30 -34 -30 -8 -1 14 17 18 21 24 22
12 -6 -1 2 6 3 -12 -18 -7 -9 -24 -19 0 -6 -25 -17 -7 -16 -16 -34 -29 -7 -14 8 14 -15 -48 -26 -19 -16 -11 -5 -18 -21 -18 -14 -18 -31 -14 -18 -32 -44 -53 -41 -8 7 12 9 8 4 -6 -23 -29 -21 -30 -18 -5 0 -2 0 -4 -11 -8 -19 -37 -36 -30 -27 -24 -25 -30 -29 -15 -13 -6 6 9 18 21 20 21
19 7 3 -3 -11 -18 -15 -17 -21 -8 3 -2 5 -1 -25 1 -23 -29 -35 -14 -25 -19 -4 9 15 -3 -31 -25 -24 -7 -3 -14 -13 -4 0 -4 -29 -31 -21 -31 -28 -41 -39 -7 7 12 6 1 -4 -9 -11 -20 -23 -13 -11 -3 1 2 1 1 -3 -4 -8 -12 -22 -32 -32 -29 -21 -22 -23 -14 -5 0 0 3 12 18 18 19 20
13 15 5 -7 -15 -18 -9 1 -21 -23 -15 -11 17 -9 -22 3 -32 -23 -40 -29 -8 -13 -41 -11 15 8 -14 -29 -15 -10 -14 1 8 9 8 5 -11 -27 -30 -20 -15 -30 -16 6 10 6 -8 -19 -28 -29 -21 -16 -12 -1 2 4 4 4 -2 -8 -1 -1 -2 -6 -11 -11 -10 -5 -2 -3 -7 -21 -13 -7 3 9 13 15 17 18 20
