Electronic Materials (Flash Drives)/data/NZclimate/2050/miroc_8_2050/bio01nz.asc
ncols         384
nrows         384
xllcorner     164
yllcorner     -49
cellsize      0.041666666666667
NODATA_value  -9999
[rows 210 to 244 of 384, columns 160 to 239 of 384]
-9999 -9999 -9999 -9999 -9999 -9999 -9999 -9999 -9999 -9999 -9999 -9999 -9999 -9999 -9999 -9999 -9999 -9999 146 145 145 145 146 144 140 118 114 115 121 134 128 125 137 115 124 129 133 131 133 133 129 129 116 120 116 110 110 114 117 116 118 113 103 110 107 116 93 85 102 103 109 107 91 72 96 116 100 112 98 118 113 95 98 96 90 120 135 131 125 128
-9999 -9999 -9999 -9999 -9999 -9999 -9999 -9999 -9999 -9999 -9999 -9999 -9999 -9999 -9999 -9999 -9999 -9999 146 145 145 143 143 143 126 123 130 126 133 139 132 129 131 129 128 126 127 131 127 132 128 130 120 127 113 102 116 110 113 105 101 110 110 86 110 92 75 90 106 83 108 98 78 84 108 98 105 99 104 101 95 84 103 119 126 127 127 125 121 128
-9999 -9999 -9999 -9999 -9999 -9999 -9999 -9999 -9999 -9999 -9999 -9999 -9999 -9999 -9999 -9999 -9999 -9999 146 144 143 139 127 116 128 134 133 139 139 138 140 140 126 103 106 119 122 130 128 130 118 124 114 126 113 105 103 119 108 96 81 93 85 84 102 72 73 74 97 86 100 67 73 94 102 90 99 85 99 105 102 101 118 121 114 120 108 108 107 122
-9999 -9999 -9999 -9999 -9999 -9999 -9999 -9999 -9999 -9999 -9999 -9999 -9999 -9999 -9999 -9999 -9999 -9999 145 143 140 132 114 96 119 117 128 131 128 140 141 137 121 91 96 119 111 126 125 129 117 117 108 120 113 112 104 117 112 69 73 98 69 91 87 67 77 89 71 96 81 69 88 85 81 86 83 89 94 112 117 116 110 98 98 101 106 118 117 123
-9999 -9999 -9999 -9999 -9999 -9999 -9999 -9999 -9999 -9999 -9999 -9999 -9999 -9999 -9999 -9999 -9999 145 137 139 137 114 95 106 121 101 125 122 128 141 138 133 110 90 108 113 130 120 117 120 115 103 109 105 116 99 95 107 97 69 79 88 74 97 79 75 69 79 85 91 76 68 69 69 73 91 96 98 109 113 96 93 91 70 100 111 122 121 120 126
-9999 -9999 -9999 -9999 -9999 -9999 -9999 -9999 -9999 -9999 -9999 -9999 -9999 -9999 -9999 -9999 -9999 140 133 137 134 108 94 115 104 101 110 124 137 139 136 118 93 91 98 111 130 115 88 111 115 113 117 119 118 84 83 95 91 68 84 71 78 96 77 62 63 72 73 66 74 68 74 69 71 89 107 100 102 97 56 50 63 87 113 130 130 110 123 139
-9999 -9999 -9999 -9999 -9999 -9999 -9999 -9999 -9999 -9999 -9999 -9999 -9999 -9999 -9999 -9999 142 137 132 133 127 100 99 94 99 105 116 133 138 136 130 116 108 94 90 104 121 109 100 116 123 112 105 112 120 77 95 69 86 66 64 66 74 98 74 70 66 69 64 79 81 80 78 69 98 107 104 85 83 68 54 44 77 115 128 124 111 134 138 143
-9999 -9999 -9999 -9999 -9999 -9999 -9999 -9999 -9999 -9999 -9999 -9999 -9999 -9999 -9999 -9999 137 130 138 132 105 94 97 102 91 100 127 135 136 132 121 111 110 99 91 96 120 110 118 115 108 98 80 101 106 65 86 70 64 64 78 82 88 82 84 67 79 67 73 86 87 82 96 102 101 94 100 83 62 57 94 105 119 124 111 112 129 141 142 149
-9999 -9999 -9999 -9999 -9999 -9999 -9999 -9999 -9999 -9999 -9999 -9999 -9999 -9999 -9999 144 137 138 132 115 99 107 110 99 105 124 133 129 135 126 121 115 96 103 96 86 117 126 121 117 113 84 74 94 106 65 75 63 63 61 75 69 61 83 81 81 92 86 93 93 92 97 99 92 87 84 79 57 83 94 116 124 106 98 95 125 141 138 146 -9999
-9999 -9999 -9999 -9999 -9999 -9999 -9999 -9999 -9999 -9999 -9999 -9999 -9999 -9999 -9999 144 140 132 125 113 100 108 106 116 131 135 133 129 127 124 120 118 119 105 88 85 111 127 118 103 98 94 64 81 104 69 63 75 74 60 72 79 78 85 94 83 92 94 97 77 93 92 83 75 85 85 68 98 116 121 115 101 75 58 100 124 139 144 148 -9999
-9999 -9999 -9999 -9999 -9999 -9999 -9999 -9999 -9999 -9999 -9999 -9999 -9999 -9999 -9999 144 133 126 117 105 112 111 128 133 136 135 132 127 121 116 127 103 96 94 88 83 112 126 120 105 96 89 62 69 97 80 58 84 71 78 79 72 70 83 94 87 83 93 85 81 79 81 86 94 99 105 107 120 103 108 86 82 43 84 111 114 122 144 -9999 -9999
-9999 -9999 -9999 -9999 -9999 -9999 -9999 -9999 -9999 -9999 -9999 -9999 -9999 -9999 -9999 142 125 110 108 118 130 132 133 136 137 133 133 125 116 112 119 105 94 98 87 90 117 125 117 103 97 89 64 87 74 67 73 94 74 83 82 73 72 77 87 69 81 99 90 91 89 89 95 100 114 115 113 107 100 85 51 56 74 113 122 125 136 -9999 -9999 -9999
-9999 -9999 -9999 -9999 -9999 -9999 -9999 -9999 -9999 -9999 -9999 -9999 -9999 -9999 -9999 129 107 101 119 130 136 136 137 139 138 136 131 122 113 108 106 114 93 92 95 90 121 117 102 100 74 84 69 60 75 96 87 92 75 73 90 73 71 79 82 88 96 98 86 94 82 71 104 112 101 97 107 86 79 71 79 96 119 132 137 137 -9999 -9999 -9999 -9999
-9999 -9999 -9999 -9999 -9999 -9999 -9999 -9999 -9999 -9999 -9999 -9999 -9999 -9999 135 118 105 115 127 137 139 140 140 137 134 136 133 127 125 111 109 101 96 96 100 101 123 115 108 100 92 78 80 80 77 81 103 94 86 75 89 85 76 78 84 94 98 81 91 81 92 103 105 103 99 100 91 85 96 113 98 117 140 145 -9999 -9999 -9999 -9999 -9999 -9999
-9999 -9999 -9999 -9999 -9999 -9999 -9999 -9999 -9999 -9999 -9999 -9999 -9999 143 133 117 110 132 137 141 140 139 137 133 129 134 134 131 129 119 119 100 89 91 94 115 119 111 102 86 88 89 79 85 89 89 103 90 79 75 91 92 93 92 89 100 86 90 87 87 107 92 97 90 95 108 119 123 130 135 138 144 146 -9999 -9999 -9999 -9999 -9999 -9999 -9999
-9999 -9999 -9999 -9999 -9999 -9999 -9999 -9999 -9999 -9999 -9999 -9999 -9999 139 138 124 116 138 142 140 136 133 133 134 133 130 128 125 119 108 118 115 92 96 115 119 103 99 92 96 81 92 77 85 75 83 100 94 88 92 99 101 96 96 102 103 100 108 104 106 91 99 103 97 114 125 135 138 140 142 145 147 148 -9999 -9999 -9999 -9999 -9999 -9999 -9999
-9999 -9999 -9999 -9999 -9999 -9999 -9999 -9999 -9999 -9999 -9999 -9999 143 141 140 137 140 140 136 136 135 135 131 129 130 134 132 118 92 106 99 119 107 112 99 96 83 87 88 81 85 94 78 82 76 91 107 95 93 81 96 98 91 96 95 80 95 97 82 82 97 112 122 124 126 123 123 119 130 139 147 -9999 146 148 -9999 -9999 -9999 -9999 -9999 -9999
-9999 -9999 -9999 -9999 -9999 -9999 -9999 -9999 -9999 -9999 -9999 -9999 141 138 140 138 139 139 134 131 131 131 132 128 129 131 135 123 91 99 99 115 116 101 95 88 85 80 82 87 90 102 79 95 94 108 96 78 79 82 95 100 99 101 86 94 102 93 102 103 117 119 126 129 130 125 119 117 135 -9999 -9999 -9999 -9999 -9999 -9999 -9999 -9999 -9999 -9999 -9999
-9999 -9999 -9999 -9999 -9999 -9999 -9999 -9999 -9999 -9999 -9999 142 141 135 135 135 134 137 136 133 132 131 131 128 124 128 133 131 119 120 106 92 90 97 94 91 84 94 95 88 95 101 89 90 89 109 91 91 107 116 122 125 124 119 108 112 111 120 123 120 116 114 124 132 132 121 122 137 144 -9999 -9999 -9999 -9999 -9999 -9999 -9999 -9999 -9999 -9999 -9999
-9999 -9999 -9999 -9999 -9999 -9999 -9999 -9999 -9999 -9999 142 142 139 138 136 134 131 132 137 137 135 133 122 124 131 129 132 131 127 122 120 120 97 96 93 78 87 83 77 91 108 84 89 103 105 108 111 115 123 128 130 128 126 118 116 117 123 127 129 120 121 119 129 134 130 124 135 142 142 -9999 -9999 -9999 -9999 -9999 -9999 -9999 -9999 -9999 -9999 -9999
-9999 -9999 -9999 -9999 -9999 -9999 -9999 -9999 -9999 -9999 140 140 139 134 135 133 133 135 138 139 137 136 126 117 127 126 109 99 104 98 102 111 96 84 82 88 85 96 94 100 107 113 115 115 116 113 105 94 106 114 125 116 117 122 129 132 134 134 133 131 132 133 136 138 137 140 141 145 -9999 -9999 -9999 -9999 -9999 -9999 -9999 -9999 -9999 -9999 -9999 -9999
-9999 -9999 -9999 -9999 -9999 -9999 -9999 -9999 142 141 138 136 137 138 136 132 127 123 136 123 129 136 128 113 96 93 117 92 94 103 88 80 88 87 82 91 90 101 85 87 96 100 93 97 98 105 94 95 113 115 127 121 127 134 136 137 138 136 136 134 129 137 140 138 134 129 142 -9999 -9999 -9999 -9999 -9999 -9999 -9999 -9999 -9999 -9999 -9999 -9999 -9999
-9999 -9999 -9999 -9999 -9999 -9999 -9999 141 141 140 137 132 135 137 137 112 98 101 130 126 128 115 96 109 93 88 95 84 86 96 81 93 98 106 108 101 109 107 78 77 88 84 94 82 85 113 101 98 120 114 128 131 134 135 136 136 135 139 134 136 124 138 141 142 129 138 143 -9999 -9999 -9999 -9999 -9999 -9999 -9999 -9999 -9999 -9999 -9999 -9999 -9999
-9999 -9999 -9999 -9999 -9999 -9999 141 141 139 135 137 136 135 134 133 127 108 121 130 134 122 100 92 97 86 89 94 95 91 82 85 83 79 85 89 95 101 104 108 102 99 94 105 91 110 120 110 109 123 125 128 128 133 135 136 137 137 132 125 134 138 143 144 144 131 137 -9999 -9999 -9999 -9999 -9999 -9999 -9999 -9999 -9999 -9999 -9999 -9999 -9999 -9999
-9999 -9999 -9999 -9999 -9999 142 140 138 141 138 135 133 135 122 115 118 126 119 117 114 100 106 121 119 121 115 99 89 82 79 84 85 85 80 83 97 102 106 111 112 103 89 112 111 117 122 117 122 127 131 133 135 135 136 136 133 120 120 129 132 137 142 143 140 138 140 -9999 -9999 -9999 -9999 -9999 -9999 -9999 -9999 -9999 -9999 -9999 -9999 -9999 -9999
-9999 -9999 -9999 -9999 142 141 140 138 140 138 126 134 117 129 119 100 85 86 99 116 92 109 102 91 95 90 77 86 82 90 79 84 76 74 84 95 108 105 100 106 109 91 117 117 119 126 129 130 131 132 134 135 136 137 133 122 120 129 131 131 135 141 141 134 135 -9999 -9999 -9999 -9999 -9999 -9999 -9999 -9999 -9999 -9999 -9999 -9999 -9999 -9999 -9999
-9999 -9999 -9999 142 141 139 140 141 141 140 126 134 114 111 112 106 102 87 104 82 81 100 88 77 84 89 88 92 106 85 93 85 77 66 78 87 87 76 81 102 107 105 117 119 121 128 129 130 132 133 134 134 132 132 133 131 131 134 131 129 138 141 139 140 -9999 -9999 -9999 -9999 -9999 -9999 -9999 -9999 -9999 -9999 -9999 -9999 -9999 -9999 -9999 -9999
-9999 142 140 139 137 130 136 135 140 139 137 134 122 108 99 93 91 79 92 64 66 84 77 68 74 83 72 86 101 91 90 98 78 79 88 88 83 73 90 106 110 114 117 114 120 128 129 131 131 131 123 119 127 132 130 133 134 134 136 137 139 142 141 139 -9999 -9999 -9999 -9999 -9999 -9999 -9999 -9999 -9999 -9999 -9999 -9999 -9999 -9999 -9999 -9999
142 141 137 120 122 122 125 132 138 130 114 108 100 97 79 72 72 67 80 70 70 87 77 78 69 88 86 93 84 111 96 87 98 96 96 99 84 76 90 105 103 109 116 121 123 128 126 130 131 129 128 131 134 135 136 131 130 134 133 137 139 139 142 -9999 -9999 -9999 -9999 -9999 -9999 -9999 -9999 -9999 -9999 -9999 -9999 -9999 -9999 -9999 -9999 -9999
141 138 118 121 129 111 117 121 125 103 80 103 76 93 65 75 76 57 82 87 92 83 97 77 81 102 102 96 84 109 81 78 95 105 90 76 81 88 98 98 103 108 117 120 126 127 121 127 129 128 131 132 135 136 129 132 134 132 136 139 138 141 -9999 -9999 -9999 -9999 -9999 -9999 -9999 -9999 -9999 -9999 -9999 -9999 -9999 -9999 -9999 -9999 -9999 -9999
139 138 124 111 124 120 103 96 118 109 96 92 83 63 81 88 69 63 62 75 90 97 106 107 107 109 108 111 80 107 95 83 103 95 77 83 94 81 95 109 112 113 114 121 128 120 118 124 131 133 137 138 138 133 130 137 135 137 141 -9999 -9999 -9999 -9999 -9999 -9999 -9999 -9999 -9999 -9999 -9999 -9999 -9999 -9999 -9999 -9999 -9999 -9999 -9999 -9999 -9999
119 139 123 117 98 95 78 79 113 102 86 76 68 69 93 97 85 63 72 84 67 74 80 78 72 97 111 113 108 114 113 111 98 73 87 100 100 107 114 107 109 111 120 122 122 129 132 132 137 139 139 131 127 129 131 134 136 142 -9999 -9999 -9999 -9999 -9999 -9999 -9999 -9999 -9999 -9999 -9999 -9999 -9999 -9999 -9999 -9999 -9999 -9999 -9999 -9999 -9999 -9999
112 129 102 86 76 69 66 93 102 70 64 77 58 73 83 96 98 67 68 91 70 60 83 75 72 73 101 90 109 106 114 103 66 92 101 107 116 117 107 107 112 111 111 110 112 121 130 134 138 139 138 131 134 137 138 -9999 -9999 -9999 -9999 -9999 -9999 -9999 -9999 -9999 -9999 -9999 -9999 -9999 -9999 -9999 -9999 -9999 -9999 -9999 -9999 -9999 -9999 -9999 -9999 -9999
95 97 105 96 81 68 59 92 73 64 72 91 59 75 84 92 108 94 77 84 93 79 90 74 80 95 94 101 107 106 108 102 79 95 101 119 121 110 104 104 114 125 125 126 122 125 132 135 138 140 140 140 137 -9999 -9999 -9999 -9999 -9999 -9999 -9999 -9999 -9999 -9999 -9999 -9999 -9999 -9999 -9999 -9999 -9999 -9999 -9999 -9999 -9999 -9999 -9999 -9999 -9999 -9999 -9999
111 82 73 76 78 60 56 81 62 68 80 99 61 80 64 68 96 115 109 91 106 106 68 63 96 104 103 104 109 113 112 96 101 108 113 118 108 105 116 121 120 130 132 132 130 127 132 136 139 141 142 -9999 -9999 -9999 -9999 -9999 -9999 -9999 -9999 -9999 -9999 -9999 -9999 -9999 -9999 -9999 -9999 -9999 -9999 -9999 -9999 -9999 -9999 -9999 -9999 -9999 -9999 -9999 -9999 -9999
