Electronic Materials (Flash Drives)/data/NZclimate/2050/miroc_8_2050/bio06nz.asc
ncols         384
nrows         384
xllcorner     164
yllcorner     -49
cellsize      0.041666666666667
NODATA_value  -9999
[rows 216 to 251 of 384, columns 162 to 242 of 384]
-9999 -9999 -9999 -9999 -9999 -9999 -9999 -9999 -9999 -9999 -9999 -9999 -9999 -9999 53 48 43 43 38 10 8 3 8 14 24 42 46 44 38 23 15 2 -2 11 27 15 7 22 29 17 11 17 24 -14 2 -22 -6 -24 -26 -24 -17 5 -16 -20 -23 -20 -24 -10 -7 -8 -9 -18 9 17 14 -2 -4 -18 -31 -40 -8 26 39 36 24 46 49 54 59 -9999 -9999
-9999 -9999 -9999 -9999 -9999 -9999 -9999 -9999 -9999 -9999 -9999 -9999 -9999 -9999 48 40 48 43 15 4 6 11 0 9 36 43 44 40 28 19 17 6 -1 4 26 17 24 21 14 5 -11 7 12 -26 -6 -21 -26 -27 -13 -9 -3 -9 -8 -23 -11 -22 -15 -3 -2 -7 6 13 11 6 11 -4 -24 -29 6 17 30 35 23 24 41 52 54 59 -9999 -9999 -9999
-9999 -9999 -9999 -9999 -9999 -9999 -9999 -9999 -9999 -9999 -9999 -9999 -9999 54 47 49 42 25 8 16 19 8 13 32 41 37 43 34 28 22 4 11 3 -6 23 31 26 23 19 -8 -17 1 12 -26 -16 -27 -27 -29 -16 -21 -29 -8 -10 -10 1 -5 3 3 2 7 9 3 -1 -4 -8 -29 -4 7 28 35 18 12 9 37 53 51 58 -9999 -9999 -9999 -9999
-9999 -9999 -9999 -9999 -9999 -9999 -9999 -9999 -9999 -9999 -9999 -9999 -9999 55 50 42 35 22 9 16 14 25 40 43 41 37 35 31 27 25 26 12 -4 -7 17 32 24 10 5 1 -27 -11 10 -22 -28 -16 -17 -31 -19 -12 -13 -7 2 -7 1 3 7 -12 3 3 -5 -12 -3 -2 -19 10 27 32 27 13 -10 -27 14 37 52 58 61 -9999 -9999 -9999 -9999
-9999 -9999 -9999 -9999 -9999 -9999 -9999 -9999 -9999 -9999 -9999 -9999 -9999 53 42 36 26 14 20 19 36 41 44 43 40 35 28 23 34 11 4 1 -4 -9 18 31 26 11 3 -4 -29 -22 5 -12 -32 -8 -20 -13 -12 -19 -20 -8 2 -4 -7 3 -4 -8 -9 -8 -3 5 10 16 18 31 15 20 0 -4 -41 -1 25 28 36 57 -9999 -9999 -9999 -9999 -9999
-9999 -9999 -9999 -9999 -9999 -9999 -9999 -9999 -9999 -9999 -9999 -9999 -9999 52 33 18 16 26 39 40 42 44 45 41 40 32 23 19 25 12 1 5 -6 -3 23 30 22 9 3 -3 -28 -6 -18 -24 -18 1 -17 -8 -9 -18 -18 -14 -4 -20 -9 8 0 1 0 1 6 11 24 25 24 18 12 -2 -33 -29 -11 26 36 39 50 -9999 -9999 -9999 -9999 -9999 -9999
-9999 -9999 -9999 -9999 -9999 -9999 -9999 -9999 -9999 -9999 -9999 -9999 -9999 38 15 9 27 38 45 44 46 47 46 43 38 29 19 15 12 21 1 -1 2 -3 26 22 8 6 -18 -9 -22 -31 -16 3 -6 -1 -16 -18 -2 -18 -20 -12 -7 -3 5 7 -4 4 -7 -16 15 22 12 9 18 -1 -7 -15 -7 9 33 47 51 53 -9999 -9999 -9999 -9999 -9999 -9999 -9999
-9999 -9999 -9999 -9999 -9999 -9999 -9999 -9999 -9999 -9999 -9999 -9999 43 26 13 22 35 45 48 48 47 45 41 43 39 33 31 18 15 7 3 3 7 8 28 20 13 6 -1 -15 -12 -12 -15 -11 9 1 -6 -16 -3 -7 -15 -12 -6 3 8 -8 2 -8 3 13 16 14 10 11 4 -1 9 26 11 31 55 61 -9999 -9999 -9999 -9999 -9999 -9999 -9999 -9999 -9999
-9999 -9999 -9999 -9999 -9999 -9999 -9999 -9999 -9999 -9999 -9999 52 42 25 17 40 45 49 48 46 44 40 36 40 40 38 35 25 25 7 -4 -2 1 20 24 16 8 -7 -5 -4 -13 -8 -4 -4 9 -3 -12 -16 -2 -1 1 1 -1 9 -4 0 -2 -2 17 3 8 2 7 20 31 36 43 49 53 59 62 -9999 -9999 -9999 -9999 -9999 -9999 -9999 -9999 -9999 -9999
-9999 -9999 -9999 -9999 -9999 -9999 -9999 -9999 -9999 -9999 -9999 47 46 32 23 46 49 47 43 40 39 41 39 36 34 31 25 14 24 21 -1 2 20 24 8 6 -2 2 -12 -1 -15 -8 -17 -10 7 1 -4 0 6 8 4 4 11 11 9 17 14 16 3 10 14 9 25 36 47 52 54 57 60 62 64 -9999 -9999 -9999 -9999 -9999 -9999 -9999 -9999 -9999 -9999
-9999 -9999 -9999 -9999 -9999 -9999 -9999 -9999 -9999 -9999 51 48 48 45 47 48 44 43 42 42 37 36 36 40 38 24 -1 12 5 24 13 17 5 2 -10 -6 -5 -11 -7 0 -15 -11 -17 -2 13 2 0 -11 3 5 0 5 4 -10 5 7 -7 -7 8 22 33 35 38 35 36 32 44 54 63 -9999 63 64 -9999 -9999 -9999 -9999 -9999 -9999 -9999 -9999 -9999
-9999 -9999 -9999 -9999 -9999 -9999 -9999 -9999 -9999 -9999 49 45 47 45 46 46 41 37 37 37 38 34 34 36 41 29 -3 5 5 20 21 7 1 -6 -9 -13 -11 -6 -3 8 -14 1 0 13 2 -14 -13 -10 2 7 8 10 -4 4 11 3 11 13 27 29 36 40 42 37 31 30 50 -9999 -9999 -9999 -9999 -9999 -9999 -9999 -9999 -9999 -9999 -9999 -9999 -9999 -9999
-9999 -9999 -9999 -9999 -9999 -9999 -9999 -9999 -9999 49 48 42 42 42 41 44 42 40 38 37 37 34 29 33 38 36 24 25 11 -2 -4 3 0 -2 -10 0 1 -6 1 7 -4 -3 -4 14 -2 -2 13 21 28 31 31 26 16 20 20 28 31 29 26 24 35 43 44 33 34 51 58 -9999 -9999 -9999 -9999 -9999 -9999 -9999 -9999 -9999 -9999 -9999 -9999 -9999 -9999
-9999 -9999 -9999 -9999 -9999 -9999 -9999 -9999 49 48 46 45 43 41 37 38 43 43 41 38 27 30 35 34 37 36 31 26 24 24 3 1 -1 -15 -7 -10 -16 -3 12 -10 -5 8 10 13 16 19 27 32 35 34 32 25 24 25 30 35 37 29 31 29 39 45 42 36 49 55 56 -9999 -9999 -9999 -9999 -9999 -9999 -9999 -9999 -9999 -9999 -9999 -9999 -9999 -9999
-9999 -9999 -9999 -9999 -9999 -9999 -9999 -9999 47 46 45 40 41 39 38 40 44 44 43 41 31 22 32 31 14 4 9 3 7 16 1 -11 -12 -6 -9 2 -1 5 12 17 19 19 20 18 10 1 12 21 30 23 24 29 36 39 41 42 41 40 42 42 46 49 48 52 54 58 -9999 -9999 -9999 -9999 -9999 -9999 -9999 -9999 -9999 -9999 -9999 -9999 -9999 -9999 -9999
-9999 -9999 -9999 -9999 -9999 -9999 49 48 44 42 44 45 42 37 32 29 42 28 33 41 32 18 1 -1 21 -3 -1 8 -7 -14 -6 -7 -12 -3 -4 6 -9 -7 2 5 -1 3 4 10 1 1 18 21 32 27 33 40 42 44 45 43 44 43 38 46 50 49 45 42 55 -9999 -9999 -9999 -9999 -9999 -9999 -9999 -9999 -9999 -9999 -9999 -9999 -9999 -9999 -9999 -9999
-9999 -9999 -9999 -9999 -9999 48 48 46 42 38 40 43 42 17 3 6 34 31 32 20 1 13 -2 -6 0 -10 -9 1 -13 -2 3 10 12 6 13 11 -16 -16 -6 -9 0 -11 -7 18 7 5 24 20 33 36 39 41 42 42 42 47 42 44 34 48 52 53 41 50 55 -9999 -9999 -9999 -9999 -9999 -9999 -9999 -9999 -9999 -9999 -9999 -9999 -9999 -9999 -9999 -9999
-9999 -9999 -9999 -9999 47 47 44 41 42 41 40 39 38 31 12 25 34 39 26 4 -3 2 -9 -6 -1 0 -5 -12 -10 -11 -15 -9 -5 0 5 8 12 7 4 0 10 -3 15 24 15 15 28 30 33 33 38 40 42 43 44 39 34 42 47 53 54 54 43 49 -9999 -9999 -9999 -9999 -9999 -9999 -9999 -9999 -9999 -9999 -9999 -9999 -9999 -9999 -9999 -9999 -9999
-9999 -9999 -9999 46 46 44 46 44 40 37 39 27 19 22 30 23 21 18 4 10 25 23 24 18 3 -6 -13 -16 -10 -10 -10 -15 -12 2 6 10 14 16 7 -5 17 15 21 25 22 26 31 36 38 39 41 41 42 40 28 28 37 40 46 51 52 50 49 52 -9999 -9999 -9999 -9999 -9999 -9999 -9999 -9999 -9999 -9999 -9999 -9999 -9999 -9999 -9999 -9999 -9999
-9999 -9999 46 46 45 43 45 42 30 38 21 32 22 4 -11 -9 3 19 -4 12 6 -4 -1 -6 -18 -9 -13 -5 -16 -11 -18 -20 -11 -1 11 9 4 10 13 -4 21 21 23 29 32 33 35 36 38 39 41 42 38 29 27 36 39 39 43 50 51 45 46 -9999 -9999 -9999 -9999 -9999 -9999 -9999 -9999 -9999 -9999 -9999 -9999 -9999 -9999 -9999 -9999 -9999 -9999
-9999 46 45 43 44 45 45 45 29 37 17 15 15 9 6 -9 7 -14 -15 4 -9 -19 -11 -7 -8 -4 9 -11 -3 -10 -17 -28 -16 -8 -8 -18 -13 6 12 10 20 22 24 31 32 33 35 36 38 38 37 37 39 38 38 41 39 37 46 50 48 50 -9999 -9999 -9999 -9999 -9999 -9999 -9999 -9999 -9999 -9999 -9999 -9999 -9999 -9999 -9999 -9999 -9999 -9999 -9999
42 42 40 33 39 39 44 43 41 37 25 11 2 -4 -5 -18 -5 -31 -29 -12 -19 -28 -22 -13 -24 -10 4 -5 -6 1 -17 -16 -8 -7 -12 -21 -5 10 14 17 20 18 24 30 32 34 35 34 27 24 32 37 36 39 40 40 43 45 47 51 50 49 -9999 -9999 -9999 -9999 -9999 -9999 -9999 -9999 -9999 -9999 -9999 -9999 -9999 -9999 -9999 -9999 -9999 -9999 -9999
39 21 24 24 27 35 41 33 17 11 2 -1 -17 -24 -24 -29 -17 -26 -26 -9 -19 -18 -26 -9 -10 -4 -12 13 -1 -9 1 -1 -1 2 -11 -18 -5 9 7 13 19 23 26 30 29 33 34 32 32 35 38 40 41 37 37 40 40 44 47 47 51 -9999 -9999 -9999 -9999 -9999 -9999 -9999 -9999 -9999 -9999 -9999 -9999 -9999 -9999 -9999 -9999 -9999 -9999 -9999 -9999
19 22 30 12 18 23 27 4 -18 5 -21 -5 -31 -22 -21 -39 -15 -11 -6 -13 -1 -19 -15 4 5 -1 -12 11 -15 -17 -2 7 -6 -19 -15 -8 2 3 7 12 20 22 28 29 24 30 32 31 34 36 39 41 34 37 40 38 43 46 46 50 -9999 -9999 -9999 -9999 -9999 -9999 -9999 -9999 -9999 -9999 -9999 -9999 -9999 -9999 -9999 -9999 -9999 -9999 -9999 -9999 -9999
24 12 25 21 4 -2 20 10 -3 -6 -15 -34 -16 -10 -28 -33 -34 -22 -7 0 8 9 9 11 10 13 -16 8 -2 -13 6 -1 -19 -13 -1 -13 -1 13 15 16 17 23 30 23 21 27 34 36 40 41 41 37 35 41 41 43 47 -9999 -9999 -9999 -9999 -9999 -9999 -9999 -9999 -9999 -9999 -9999 -9999 -9999 -9999 -9999 -9999 -9999 -9999 -9999 -9999 -9999 -9999 -9999 -9999
23 17 -1 -5 -21 -19 14 3 -12 -22 -30 -29 -6 -2 -13 -33 -26 -14 -29 -23 -17 -19 -25 -1 12 14 10 15 14 12 0 -22 -9 2 4 10 16 11 12 14 22 24 24 30 34 33 38 40 42 34 31 33 36 38 41 48 -9999 -9999 -9999 -9999 -9999 -9999 -9999 -9999 -9999 -9999 -9999 -9999 -9999 -9999 -9999 -9999 -9999 -9999 -9999 -9999 -9999 -9999 -9999 -9999 -9999
1 -13 -23 -29 -32 -6 3 -29 -33 -21 -39 -25 -15 -3 -1 -30 -29 -7 -27 -36 -15 -22 -25 -24 3 -7 10 7 15 4 -28 -4 4 10 18 19 10 10 15 13 14 14 15 23 31 36 39 40 40 34 37 41 42 -9999 -9999 -9999 -9999 -9999 -9999 -9999 -9999 -9999 -9999 -9999 -9999 -9999 -9999 -9999 -9999 -9999 -9999 -9999 -9999 -9999 -9999 -9999 -9999 -9999 -9999 -9999 -9999
4 -5 -19 -31 -38 -8 -26 -34 -26 -8 -38 -23 -15 -7 8 -5 -21 -15 -6 -18 -8 -23 -18 -4 -4 2 9 7 9 4 -16 -2 3 19 21 12 7 7 16 26 26 26 24 26 33 36 39 41 42 42 39 -9999 -9999 -9999 -9999 -9999 -9999 -9999 -9999 -9999 -9999 -9999 -9999 -9999 -9999 -9999 -9999 -9999 -9999 -9999 -9999 -9999 -9999 -9999 -9999 -9999 -9999 -9999 -9999 -9999 -9999
-27 -24 -22 -38 -42 -19 -36 -31 -19 -1 -37 -19 -34 -30 -3 15 9 -8 6 6 -29 -34 -3 5 3 5 10 13 13 -1 4 10 14 19 10 8 17 22 20 30 32 32 30 27 32 36 39 41 43 -9999 -9999 -9999 -9999 -9999 -9999 -9999 -9999 -9999 -9999 -9999 -9999 -9999 -9999 -9999 -9999 -9999 -9999 -9999 -9999 -9999 -9999 -9999 -9999 -9999 -9999 -9999 -9999 -9999 -9999 -9999 -9999
7 -17 -27 -47 -44 -33 -28 -34 -35 -11 5 5 -4 -19 -12 13 8 9 -5 2 -18 -40 -6 5 -4 -14 -19 -1 14 12 9 1 2 14 18 22 28 30 31 33 34 34 34 31 35 38 41 42 -9999 -9999 -9999 -9999 -9999 -9999 -9999 -9999 -9999 -9999 -9999 -9999 -9999 -9999 -9999 -9999 -9999 -9999 -9999 -9999 -9999 -9999 -9999 -9999 -9999 -9999 -9999 -9999 -9999 -9999 -9999 -9999 -9999
-17 -28 -46 -35 -18 -14 -5 -11 -16 -9 0 14 16 18 17 12 2 13 5 8 -14 -25 -7 -13 -21 -14 0 7 20 18 19 20 22 21 24 29 30 31 31 32 34 35 36 37 38 40 41 42 -9999 -9999 -9999 -9999 -9999 -9999 -9999 -9999 -9999 -9999 -9999 -9999 -9999 -9999 -9999 -9999 -9999 -9999 -9999 -9999 -9999 -9999 -9999 -9999 -9999 -9999 -9999 -9999 -9999 -9999 -9999 -9999 -9999
-43 -47 -35 -32 -35 -48 -46 -19 1 6 0 2 7 11 16 18 16 9 13 10 4 -14 -7 -3 5 8 17 19 22 24 23 24 25 27 28 29 30 31 32 33 34 35 36 37 39 40 40 41 -9999 -9999 -9999 -9999 -9999 -9999 -9999 -9999 -9999 -9999 -9999 -9999 -9999 -9999 -9999 -9999 -9999 -9999 -9999 -9999 -9999 -9999 -9999 -9999 -9999 -9999 -9999 -9999 -9999 -9999 -9999 -9999 -9999
-24 -39 -52 -32 -25 -59 -42 -35 -13 -4 -26 -31 -32 -32 -17 -15 0 19 17 13 12 4 -12 -22 0 9 12 17 22 23 25 25 26 27 28 29 30 31 32 33 34 35 36 37 39 39 40 -9999 -9999 -9999 -9999 -9999 -9999 -9999 -9999 -9999 -9999 -9999 -9999 -9999 -9999 -9999 -9999 -9999 -9999 -9999 -9999 -9999 -9999 -9999 -9999 -9999 -9999 -9999 -9999 -9999 -9999 -9999 -9999 -9999 -9999
-23 -21 -43 -16 -40 -33 -30 -21 -25 1 0 -21 -25 -27 -18 -36 -27 3 3 18 18 8 -12 0 9 16 15 18 21 22 24 26 27 27 28 29 30 31 32 33 34 35 36 37 38 39 39 40 -9999 -9999 -9999 -9999 -9999 -9999 -9999 -9999 -9999 -9999 -9999 -9999 -9999 -9999 -9999 -9999 -9999 -9999 -9999 -9999 -9999 -9999 -9999 -9999 -9999 -9999 -9999 -9999 -9999 -9999 -9999 -9999 -9999
-41 -7 -12 -23 -32 -37 -37 -19 -14 -1 4 -11 -38 -28 -19 -30 -21 -11 -33 4 21 14 12 14 15 14 16 21 22 25 25 26 27 28 29 30 30 31 32 33 34 35 36 37 38 38 39 39 -9999 -9999 -9999 -9999 -9999 -9999 -9999 -9999 -9999 -9999 -9999 -9999 -9999 -9999 -9999 -9999 -9999 -9999 -9999 -9999 -9999 -9999 -9999 -9999 -9999 -9999 -9999 -9999 -9999 -9999 -9999 -9999 -9999
-31 -22 2 -36 -31 -20 -43 -17 -27 1 4 -2 -18 -49 -35 -12 -4 -23 -38 -8 19 15 12 7 14 16 18 23 24 27 27 27 28 29 29 30 31 31 32 33 34 35 35 36 37 38 38 39 -9999 -9999 -9999 -9999 -9999 -9999 -9999 -9999 -9999 -9999 -9999 -9999 -9999 -9999 -9999 -9999 -9999 -9999 -9999 -9999 -9999 -9999 -9999 -9999 -9999 -9999 -9999 -9999 -9999 -9999 -9999 -9999 -9999
