Electronic Materials (Flash Drives)/data/NZclimate/2050/miroc_8_2050/bio06nz.asc
ncols         384
nrows         384
xllcorner     164
yllcorner     -49
cellsize      0.041666666666667
NODATA_value  -9999
[rows 144 to 179 of 384, columns 243 to 323 of 384]
72 72 71 70 70 70 67 66 67 66 61 58 59 56 54 57 57 58 57 54 55 56 56 56 50 44 44 46 43 41 40 29 33 36 32 32 33 32 26 28 41 41 34 29 27 26 22 19 15 18 20 25 22 20 21 19 15 21 32 31 26 23 29 39 44 42 43 45 46 48 53 48 48 53 56 56 59 61 63 62 62
70 69 69 69 67 67 67 64 66 62 62 60 60 56 55 56 58 58 57 56 55 54 56 49 47 52 51 47 45 39 36 24 29 28 27 26 27 32 33 25 37 37 30 22 18 11 14 17 14 12 17 26 24 20 21 15 13 20 31 35 26 32 41 37 38 36 38 42 46 48 52 53 55 54 57 59 58 59 61 62 63
67 66 66 66 67 66 64 64 62 61 63 60 57 55 56 58 58 60 56 57 56 54 56 54 54 52 51 51 46 40 36 31 26 22 19 12 -1 8 25 31 33 29 21 10 8 5 7 4 10 8 20 22 21 25 20 21 17 23 31 28 36 42 34 26 27 40 48 50 53 51 54 54 56 59 58 61 62 -9999 -9999 -9999 -9999
62 63 63 65 65 66 65 63 62 63 62 59 56 56 58 55 56 59 57 56 56 50 50 47 53 43 43 49 40 34 28 26 24 21 14 0 -15 -2 15 24 27 16 3 2 1 1 0 4 9 14 9 16 18 22 24 17 26 29 31 32 40 36 15 24 36 41 48 50 54 58 58 59 58 62 -9999 -9999 -9999 -9999 -9999 -9999 -9999
57 58 61 62 63 63 64 63 63 63 61 59 58 58 58 56 54 57 54 55 52 49 47 45 44 40 38 43 38 30 25 22 19 15 8 0 2 7 15 21 17 8 1 -1 4 7 5 2 8 13 8 3 7 15 22 27 32 35 31 37 39 25 19 39 47 48 50 50 55 56 59 63 -9999 -9999 -9999 -9999 -9999 -9999 -9999 -9999 -9999
49 54 57 59 61 62 62 63 62 60 60 59 58 54 51 55 59 57 58 54 54 48 48 42 41 43 39 36 35 30 25 6 10 2 -8 -6 3 11 16 18 13 5 0 0 9 3 6 4 10 6 10 9 6 9 7 22 31 30 28 31 24 32 40 47 48 50 51 46 48 50 -9999 -9999 -9999 -9999 -9999 -9999 -9999 -9999 -9999 -9999 -9999
40 48 53 55 58 61 61 60 60 62 61 59 58 56 54 55 61 57 58 55 57 52 52 47 43 47 44 38 33 29 25 19 8 -13 -45 -22 -2 7 13 10 2 -3 -2 4 12 10 6 1 15 8 3 7 12 0 3 17 28 30 32 32 38 42 44 49 45 43 49 52 54 55 -9999 -9999 -9999 -9999 -9999 -9999 -9999 -9999 -9999 -9999 -9999
37 45 51 55 57 59 61 61 61 62 58 60 59 57 53 50 47 56 55 54 58 55 49 48 46 49 47 42 34 29 25 19 10 -6 -25 -10 3 10 13 6 0 4 7 7 4 15 12 16 19 12 10 18 12 4 16 21 27 32 32 37 45 45 46 52 52 48 53 56 58 -9999 -9999 -9999 -9999 -9999 -9999 -9999 -9999 -9999 -9999 -9999 -9999
44 48 52 55 58 60 62 62 62 61 57 55 48 46 48 46 45 39 47 51 54 57 52 54 56 52 45 40 35 31 27 23 18 12 8 10 13 16 15 12 12 9 6 7 10 19 17 18 19 13 13 21 18 21 24 33 31 41 42 44 46 49 50 55 55 54 60 61 -9999 -9999 -9999 -9999 -9999 -9999 -9999 -9999 -9999 -9999 -9999 -9999 -9999
52 54 56 58 59 60 60 63 63 60 55 53 48 45 51 50 47 43 43 49 54 56 56 54 46 39 37 39 39 38 35 30 28 23 20 22 20 19 20 19 17 12 2 10 12 17 17 20 20 20 16 19 28 27 28 30 37 44 46 49 48 51 52 53 57 59 61 -9999 -9999 -9999 -9999 -9999 -9999 -9999 -9999 -9999 -9999 -9999 -9999 -9999 -9999
58 58 59 61 60 60 59 61 64 61 59 57 54 55 55 53 52 50 50 54 54 60 51 48 45 40 44 41 41 40 37 35 32 30 28 27 24 22 19 21 21 10 13 24 20 24 23 19 19 21 27 28 28 29 29 33 44 47 50 52 53 53 55 52 59 62 -9999 -9999 -9999 -9999 -9999 -9999 -9999 -9999 -9999 -9999 -9999 -9999 -9999 -9999 -9999
62 62 62 62 60 62 61 62 63 62 61 58 57 56 60 55 55 54 51 46 47 55 56 45 43 39 42 39 40 35 34 35 36 33 31 30 25 23 19 16 21 24 28 28 21 27 25 19 18 22 29 26 32 38 37 41 45 48 50 50 53 56 56 56 60 62 61 -9999 -9999 -9999 -9999 -9999 -9999 -9999 -9999 -9999 -9999 -9999 -9999 -9999 -9999
65 64 65 64 63 62 63 62 59 62 62 61 62 57 59 59 56 49 53 53 45 48 54 52 50 44 46 43 43 41 36 37 36 32 30 28 23 23 20 16 18 22 27 21 21 28 26 25 20 12 35 27 31 41 43 46 47 48 49 52 54 57 58 60 60 61 62 -9999 -9999 -9999 -9999 -9999 -9999 -9999 -9999 -9999 -9999 -9999 -9999 -9999 -9999
67 66 66 65 65 66 61 60 56 58 64 58 62 56 52 58 61 58 58 51 42 46 59 59 52 46 47 51 44 37 38 40 38 40 38 36 29 26 21 21 25 33 32 26 25 30 28 16 13 19 20 10 18 35 44 51 51 52 52 54 56 59 60 60 61 61 62 62 -9999 -9999 -9999 -9999 -9999 -9999 -9999 -9999 -9999 -9999 -9999 -9999 -9999
-9999 67 67 66 66 67 64 61 60 60 62 61 59 55 53 55 60 61 54 51 48 50 49 55 57 54 44 48 49 45 44 45 42 39 39 39 33 34 32 32 32 37 35 28 29 30 24 10 7 16 12 7 24 42 46 47 45 51 54 55 55 57 59 61 61 62 62 62 -9999 -9999 -9999 -9999 -9999 -9999 -9999 -9999 -9999 -9999 -9999 -9999 -9999
-9999 -9999 -9999 -9999 66 68 66 63 61 59 64 62 56 59 61 62 60 63 62 58 53 55 56 48 54 56 46 42 52 50 44 48 42 36 42 38 38 35 36 39 37 35 39 37 33 29 29 11 10 6 7 8 34 38 44 45 47 49 54 55 57 58 59 61 62 62 62 60 60 55 57 -9999 -9999 -9999 -9999 -9999 -9999 -9999 -9999 -9999 -9999
-9999 -9999 -9999 -9999 -9999 68 66 65 65 64 63 61 59 61 66 64 62 65 59 55 54 54 55 59 60 50 45 45 53 50 49 48 39 44 42 39 42 37 31 36 40 38 38 40 35 33 20 24 13 4 14 24 35 33 40 39 42 46 52 50 55 57 59 60 61 60 56 58 56 55 57 -9999 -9999 -9999 -9999 -9999 -9999 -9999 -9999 -9999 -9999
-9999 -9999 -9999 -9999 -9999 -9999 69 68 68 66 67 65 64 65 66 61 66 63 58 49 51 57 59 58 63 54 49 52 55 47 48 48 45 47 40 40 44 37 33 29 36 42 40 37 31 26 5 10 9 9 27 35 24 34 39 41 44 44 49 48 55 54 57 56 56 50 56 54 54 57 -9999 -9999 -9999 -9999 -9999 -9999 -9999 -9999 -9999 -9999 -9999
-9999 -9999 -9999 -9999 -9999 -9999 -9999 -9999 69 69 68 66 66 66 68 65 66 60 57 55 54 56 58 64 64 62 59 60 60 55 55 50 47 50 47 46 43 37 37 33 42 44 42 35 29 27 9 3 5 14 35 38 32 39 43 45 47 46 46 48 49 57 59 53 56 54 49 49 53 58 -9999 -9999 -9999 -9999 -9999 -9999 -9999 -9999 -9999 -9999 -9999
-9999 -9999 -9999 -9999 -9999 -9999 -9999 -9999 -9999 69 69 68 68 68 69 66 63 63 62 62 62 62 61 65 65 62 57 63 56 60 58 52 55 53 48 43 38 39 42 43 44 41 37 36 35 29 4 -1 -1 23 35 39 42 43 45 48 50 49 47 46 55 58 53 55 55 49 44 45 57 -9999 -9999 -9999 -9999 -9999 -9999 -9999 -9999 -9999 -9999 -9999 -9999
-9999 -9999 -9999 -9999 -9999 -9999 -9999 -9999 -9999 -9999 -9999 -9999 70 70 69 68 68 68 68 67 65 63 66 69 67 64 61 62 63 61 59 58 59 56 52 48 46 49 49 46 41 40 40 37 32 25 10 2 1 20 35 40 42 46 48 50 51 51 48 51 56 54 55 50 51 46 39 49 56 -9999 -9999 -9999 -9999 -9999 -9999 -9999 -9999 -9999 -9999 -9999 -9999
-9999 -9999 -9999 -9999 -9999 -9999 -9999 -9999 -9999 -9999 -9999 -9999 -9999 -9999 -9999 -9999 -9999 -9999 70 69 67 66 69 70 65 63 60 64 63 62 61 59 57 56 51 51 53 51 48 45 42 39 35 33 27 7 1 -1 17 33 38 43 44 47 50 51 52 52 48 53 56 55 54 52 51 44 42 50 51 -9999 -9999 -9999 -9999 -9999 -9999 -9999 -9999 -9999 -9999 -9999 -9999
-9999 -9999 -9999 -9999 -9999 -9999 -9999 -9999 -9999 -9999 -9999 -9999 -9999 -9999 -9999 -9999 -9999 -9999 -9999 -9999 70 71 70 67 67 64 61 66 64 62 59 57 53 52 52 49 55 49 48 43 40 39 37 33 30 17 15 3 21 34 41 45 47 49 51 52 53 52 51 54 55 53 54 51 52 49 53 56 -9999 -9999 -9999 -9999 -9999 -9999 -9999 -9999 -9999 -9999 -9999 -9999 -9999
-9999 -9999 -9999 -9999 -9999 -9999 -9999 -9999 -9999 -9999 -9999 -9999 -9999 -9999 -9999 -9999 -9999 -9999 -9999 -9999 -9999 71 70 68 66 66 67 66 65 60 55 53 53 55 54 56 53 45 43 43 40 41 38 39 35 23 4 14 30 38 43 46 48 50 52 52 52 53 53 54 55 54 52 50 50 52 57 -9999 -9999 -9999 -9999 -9999 -9999 -9999 -9999 -9999 -9999 -9999 -9999 -9999 -9999
-9999 -9999 -9999 -9999 -9999 -9999 -9999 -9999 -9999 -9999 -9999 -9999 -9999 -9999 -9999 -9999 -9999 -9999 -9999 -9999 -9999 -9999 70 70 70 68 67 66 61 59 58 57 58 60 57 51 47 43 44 42 44 40 43 42 38 15 16 23 32 40 43 46 48 50 51 52 51 54 54 53 50 53 52 49 50 54 54 -9999 -9999 -9999 -9999 -9999 -9999 -9999 -9999 -9999 -9999 -9999 -9999 -9999 -9999
-9999 -9999 -9999 -9999 -9999 -9999 -9999 -9999 -9999 -9999 -9999 -9999 -9999 -9999 -9999 -9999 -9999 -9999 -9999 -9999 -9999 -9999 -9999 71 70 69 67 65 63 61 60 60 62 59 55 53 51 49 46 44 46 44 47 44 29 22 21 33 40 42 44 45 47 46 50 49 53 53 53 50 50 51 51 51 49 55 57 -9999 -9999 -9999 -9999 -9999 -9999 -9999 -9999 -9999 -9999 -9999 -9999 -9999 -9999
-9999 -9999 -9999 -9999 -9999 -9999 -9999 -9999 -9999 -9999 -9999 -9999 -9999 -9999 -9999 -9999 -9999 -9999 -9999 -9999 -9999 -9999 -9999 -9999 70 69 67 66 63 62 62 63 61 58 56 55 54 52 49 50 47 50 49 37 21 21 36 40 44 45 45 47 43 39 43 47 53 52 50 49 51 50 52 49 52 57 59 -9999 -9999 -9999 -9999 -9999 -9999 -9999 -9999 -9999 -9999 -9999 -9999 -9999 -9999
-9999 -9999 -9999 -9999 -9999 -9999 -9999 -9999 -9999 -9999 -9999 -9999 -9999 -9999 -9999 -9999 -9999 -9999 -9999 -9999 -9999 -9999 -9999 -9999 -9999 69 68 66 65 63 64 64 61 61 58 58 58 56 53 50 52 52 44 27 23 41 46 47 47 47 48 44 41 41 49 54 56 57 56 51 52 52 53 52 55 57 -9999 -9999 -9999 -9999 -9999 -9999 -9999 -9999 -9999 -9999 -9999 -9999 -9999 -9999 -9999
-9999 -9999 -9999 -9999 -9999 -9999 -9999 -9999 -9999 -9999 -9999 -9999 -9999 -9999 -9999 -9999 -9999 -9999 -9999 -9999 -9999 -9999 -9999 -9999 -9999 69 69 67 66 66 65 63 62 62 60 61 60 57 54 54 54 44 26 29 44 48 49 50 49 49 46 41 43 41 47 51 52 56 57 58 57 55 55 57 56 -9999 -9999 -9999 -9999 -9999 -9999 -9999 -9999 -9999 -9999 -9999 -9999 -9999 -9999 -9999 -9999
-9999 -9999 -9999 -9999 -9999 -9999 -9999 -9999 -9999 -9999 -9999 -9999 -9999 -9999 -9999 -9999 -9999 -9999 -9999 -9999 -9999 -9999 -9999 -9999 -9999 -9999 69 68 68 67 66 64 62 63 63 62 61 58 55 57 51 29 33 44 50 52 52 53 52 51 49 46 43 44 44 48 53 56 57 58 55 58 59 60 -9999 -9999 -9999 -9999 -9999 -9999 -9999 -9999 -9999 -9999 -9999 -9999 -9999 -9999 -9999 -9999 -9999
-9999 -9999 -9999 -9999 -9999 -9999 -9999 -9999 -9999 -9999 -9999 -9999 -9999 -9999 -9999 -9999 -9999 -9999 -9999 -9999 -9999 -9999 -9999 -9999 -9999 -9999 69 69 67 66 66 65 64 65 64 64 62 59 58 58 48 39 49 52 52 54 53 52 49 49 49 44 44 41 43 47 55 57 58 53 57 61 -9999 -9999 -9999 -9999 -9999 -9999 -9999 -9999 -9999 -9999 -9999 -9999 -9999 -9999 -9999 -9999 -9999 -9999 -9999
-9999 -9999 -9999 -9999 -9999 -9999 -9999 -9999 -9999 -9999 -9999 -9999 -9999 -9999 -9999 -9999 -9999 -9999 -9999 -9999 -9999 -9999 -9999 -9999 -9999 -9999 69 68 67 66 66 66 66 66 65 64 63 62 61 56 50 56 56 55 54 55 52 45 44 48 46 47 46 38 44 52 56 57 53 59 59 61 -9999 -9999 -9999 -9999 -9999 -9999 -9999 -9999 -9999 -9999 -9999 -9999 -9999 -9999 -9999 -9999 -9999 -9999 -9999
-9999 -9999 -9999 -9999 -9999 -9999 -9999 -9999 -9999 -9999 -9999 -9999 -9999 -9999 -9999 -9999 -9999 -9999 -9999 -9999 -9999 -9999 -9999 -9999 -9999 -9999 68 68 67 66 66 66 66 66 65 65 64 62 55 46 57 59 58 55 54 52 48 41 43 41 43 50 50 46 48 53 55 54 54 55 56 -9999 -9999 -9999 -9999 -9999 -9999 -9999 -9999 -9999 -9999 -9999 -9999 -9999 -9999 -9999 -9999 -9999 -9999 -9999 -9999
-9999 -9999 -9999 -9999 -9999 -9999 -9999 -9999 -9999 -9999 -9999 -9999 -9999 -9999 -9999 -9999 -9999 -9999 -9999 -9999 -9999 -9999 -9999 -9999 -9999 -9999 68 68 67 66 66 66 66 66 65 63 61 57 45 52 59 57 58 56 53 49 42 38 39 38 45 49 52 49 47 44 51 52 54 51 57 -9999 -9999 -9999 -9999 -9999 -9999 -9999 -9999 -9999 -9999 -9999 -9999 -9999 -9999 -9999 -9999 -9999 -9999 -9999 -9999
-9999 -9999 -9999 -9999 -9999 -9999 -9999 -9999 -9999 -9999 -9999 -9999 -9999 -9999 -9999 -9999 -9999 -9999 -9999 -9999 -9999 -9999 -9999 -9999 -9999 -9999 68 68 67 66 66 66 66 66 64 59 53 47 52 56 58 57 55 55 49 45 32 36 39 49 52 52 55 53 50 49 52 54 54 54 60 -9999 -9999 -9999 -9999 -9999 -9999 -9999 -9999 -9999 -9999 -9999 -9999 -9999 -9999 -9999 -9999 -9999 -9999 -9999 -9999
-9999 -9999 -9999 -9999 -9999 -9999 -9999 -9999 -9999 -9999 -9999 -9999 -9999 -9999 -9999 -9999 -9999 -9999 -9999 -9999 -9999 -9999 -9999 -9999 -9999 -9999 68 68 67 67 66 66 66 63 51 47 42 48 56 56 56 55 55 51 43 42 39 35 47 50 50 54 57 55 55 51 49 54 58 56 60 -9999 -9999 -9999 -9999 -9999 -9999 -9999 -9999 -9999 -9999 -9999 -9999 -9999 -9999 -9999 -9999 -9999 -9999 -9999 -9999
