Electronic Materials (Flash Drives)/data/NZclimate/2050/miroc_8_2050/bio01nz.asc
ncols         384
nrows         384
xllcorner     164
yllcorner     -49
cellsize      0.041666666666667
NODATA_value  -9999
[rows 280 to 314 of 384, columns 80 to 159 of 384]
-9999 -9999 -9999 -9999 -9999 123 114 111 98 94 84 93 98 101 97 96 78 69 105 97 65 59 84 106 104 70 80 94 51 45 62 75 94 96 86 70 77 57 94 119 109 97 124 123 124 123 122 117 95 101 111 114 113 111 103 93 94 64 59 78 78 89 67 66 75 89 95 107 96 89 81 90 111 124 118 122 125 123 118 117
-9999 -9999 -9999 -9999 114 116 106 93 86 88 103 106 112 72 89 77 67 65 93 100 64 77 81 109 110 103 100 82 48 61 74 76 92 107 80 53 66 93 102 95 82 85 108 122 120 120 124 123 109 98 100 102 112 109 108 107 89 80 51 74 93 98 87 54 67 76 87 99 103 89 61 68 99 115 119 127 119 109 105 104
-9999 -9999 114 108 107 87 104 106 88 88 103 76 91 95 63 64 71 67 74 105 70 61 58 101 101 115 101 66 55 57 49 70 83 99 72 58 70 94 85 69 83 109 112 87 93 106 113 122 120 100 108 116 121 111 107 102 96 93 72 77 89 102 98 62 67 77 90 79 91 97 75 59 90 109 117 125 128 122 114 115
118 111 105 94 110 94 99 94 86 72 76 77 81 72 71 65 68 76 98 86 74 79 49 82 117 115 85 59 58 73 68 84 97 98 71 73 85 91 75 95 105 113 90 72 72 77 81 110 126 122 122 120 118 109 97 78 81 84 99 87 99 105 105 79 68 79 78 71 77 85 80 61 79 95 109 121 125 128 129 126
114 96 103 104 104 90 89 93 85 70 80 82 81 81 79 76 63 68 87 86 68 92 75 60 115 115 87 69 55 79 84 95 101 75 71 92 74 85 58 86 110 95 66 60 50 68 97 120 127 124 124 118 99 89 73 71 66 85 108 106 107 108 107 93 68 69 69 72 76 88 89 75 70 74 98 106 120 123 124 127
101 106 88 93 96 101 98 83 77 88 87 71 78 97 92 71 81 92 83 84 64 69 95 87 112 118 88 51 77 85 88 94 102 87 84 88 94 89 74 95 90 74 60 49 63 103 122 127 125 123 119 107 85 78 88 77 91 107 113 110 112 107 99 102 89 68 69 76 79 83 81 75 75 91 93 100 111 114 123 125
100 114 101 98 92 83 76 80 77 74 88 99 95 103 97 72 100 75 68 63 86 74 82 98 113 119 101 71 78 79 98 103 92 93 103 109 105 76 75 86 76 79 63 67 104 122 127 120 114 109 103 101 90 86 98 101 110 114 115 114 113 108 106 102 97 86 73 73 76 85 83 83 92 101 106 105 108 117 123 122
90 108 110 100 87 79 76 86 97 74 73 81 86 115 89 75 103 65 76 57 70 93 88 58 92 119 112 89 74 90 95 91 108 117 119 118 115 98 80 76 88 95 77 93 120 125 120 103 90 79 78 89 94 100 112 116 118 118 117 110 103 110 110 107 104 97 96 98 102 105 104 99 83 92 98 108 114 117 119 121
99 101 95 89 91 88 77 80 82 94 73 82 103 112 83 77 95 78 65 56 69 81 79 59 70 115 114 70 74 101 81 101 111 116 113 98 96 102 112 108 109 109 107 108 123 124 108 85 67 61 74 96 111 117 119 118 119 119 114 104 113 110 103 108 108 105 105 106 107 109 109 100 76 84 93 101 107 110 115 119
98 86 75 77 80 100 71 81 91 104 86 92 115 93 72 97 93 75 65 66 60 93 69 67 79 112 119 97 108 114 117 121 122 118 103 43 51 75 89 98 114 96 107 124 126 117 97 79 66 87 104 117 120 121 120 120 118 115 115 116 109 96 107 112 111 110 110 110 110 112 112 108 87 74 85 99 105 106 111 114
89 94 90 88 80 96 96 75 76 87 107 113 114 107 100 101 69 67 72 72 68 93 77 68 91 107 116 119 119 112 97 71 116 122 94 51 49 68 84 97 94 90 98 119 119 104 110 112 99 110 117 121 119 120 121 117 114 116 116 110 94 103 112 114 114 113 113 113 113 114 113 110 103 80 90 89 98 103 103 112
85 76 80 103 101 100 109 104 91 84 96 115 115 113 109 97 79 73 61 87 85 65 85 71 98 88 90 89 78 75 68 82 97 121 91 52 45 61 78 95 85 78 85 111 114 99 92 119 117 119 120 122 124 116 111 111 116 115 112 98 93 105 114 115 116 115 115 115 115 116 115 112 107 95 81 90 85 94 104 113
71 76 80 78 76 78 85 107 115 112 115 115 113 113 109 97 78 84 65 92 74 68 71 97 88 74 68 73 66 81 88 100 107 121 82 50 50 57 83 101 94 75 84 98 104 109 108 123 125 123 125 127 123 114 106 115 115 112 103 91 92 102 114 116 117 117 117 117 116 117 117 112 104 104 97 82 85 96 103 106
77 88 74 71 72 70 70 79 106 115 115 115 112 111 102 96 77 91 67 76 85 78 81 95 87 60 71 82 89 80 83 67 82 118 87 63 47 62 92 92 79 56 67 80 95 101 115 126 128 126 127 123 118 111 110 113 113 108 103 95 89 106 115 116 116 116 115 110 103 107 114 108 99 105 108 104 103 104 102 106
72 96 86 84 72 69 76 77 88 113 115 112 109 108 101 100 95 76 79 70 86 80 93 83 68 63 75 72 70 68 71 76 64 114 104 60 56 75 83 66 62 49 58 69 72 84 109 120 124 121 117 117 115 111 107 106 104 99 95 92 92 109 115 116 114 112 103 92 92 101 114 110 104 101 107 115 111 105 103 105
72 81 101 91 103 76 73 76 86 111 114 111 106 107 104 90 97 89 84 82 96 96 80 57 69 66 63 60 65 76 93 82 80 113 98 61 73 90 67 57 53 59 58 65 59 70 101 114 116 108 112 111 102 103 101 101 97 93 91 87 97 114 115 113 102 93 80 76 83 104 117 108 106 102 103 116 120 119 114 111
74 70 68 75 90 101 107 111 113 114 112 110 109 104 105 100 99 90 98 90 90 95 72 57 73 83 83 84 94 97 96 92 113 98 65 73 90 72 57 52 62 63 67 56 60 70 105 115 109 98 101 97 98 98 96 94 90 89 82 85 100 111 110 109 93 82 74 74 94 116 117 107 103 108 109 108 111 119 125 121
89 79 66 76 80 67 74 96 113 114 111 109 107 107 96 97 92 96 94 87 95 70 73 65 65 85 95 80 93 107 106 114 113 94 66 84 75 65 54 54 65 75 75 67 56 73 105 118 106 98 93 94 94 95 95 94 87 79 82 92 102 104 104 98 80 71 74 96 116 118 109 105 107 108 108 109 109 112 122 128
88 85 70 73 79 90 90 102 111 111 109 108 108 106 97 98 97 104 101 97 72 73 68 61 76 74 97 85 91 101 103 99 115 104 85 72 64 59 60 70 71 85 86 72 65 70 101 119 116 104 91 92 93 93 94 92 87 88 93 102 105 103 95 84 75 70 98 117 120 113 103 109 111 105 106 105 112 114 117 125
98 94 88 103 105 111 112 107 111 108 109 107 107 106 102 104 105 103 103 93 81 87 76 76 90 89 91 104 107 106 112 106 115 97 95 80 66 61 65 75 82 98 102 79 78 76 104 124 119 104 94 90 88 90 91 93 93 96 100 105 100 91 85 77 74 94 117 121 117 109 107 111 109 106 100 104 111 116 120 125
90 95 109 111 113 113 113 112 112 110 111 110 109 106 106 107 99 97 102 100 100 91 95 98 96 97 103 105 111 117 110 104 110 104 92 86 77 80 77 79 98 106 93 85 85 85 107 126 114 105 103 100 92 88 94 95 94 99 98 92 86 88 88 84 84 114 121 121 118 112 110 112 107 101 99 108 114 117 120 124
80 101 75 82 108 111 112 112 112 110 106 108 108 107 105 100 97 102 103 107 97 91 106 98 105 111 109 110 102 102 108 114 99 86 91 85 91 106 106 105 112 87 71 82 93 85 90 121 115 110 105 102 98 95 97 98 89 93 90 88 89 90 90 89 101 117 120 121 118 115 115 113 103 101 105 106 113 114 121 123
98 71 69 66 90 107 103 105 112 108 105 100 94 87 90 86 79 101 103 108 106 97 107 110 114 115 115 108 81 91 102 109 89 97 96 98 104 116 118 118 98 78 77 86 97 85 88 120 126 116 113 104 94 92 94 90 83 85 87 82 85 93 103 108 112 114 116 119 118 116 113 111 106 102 110 109 117 123 126 129
97 62 75 77 73 93 103 100 111 107 92 72 67 68 73 94 88 103 107 108 110 111 113 114 116 116 115 101 99 93 96 110 95 104 106 105 113 120 118 105 97 85 90 104 107 99 107 117 125 124 119 109 102 91 87 79 78 84 79 79 88 100 103 105 106 107 109 111 114 115 115 110 106 114 111 116 120 122 125 127
83 69 67 80 62 88 111 112 109 102 75 68 65 75 89 98 91 102 108 109 110 112 112 114 115 117 111 103 107 105 105 116 108 106 112 117 120 120 104 105 89 99 104 106 101 101 110 114 119 116 122 114 110 105 94 79 78 79 77 82 92 103 104 107 109 107 109 110 113 113 114 116 113 103 103 109 118 121 120 124
86 68 74 92 91 104 113 104 104 98 78 67 63 72 89 97 101 105 108 110 112 109 104 106 114 117 116 111 112 115 112 117 117 117 119 120 119 115 108 98 90 101 104 108 105 104 106 111 113 105 115 122 115 108 100 90 83 78 79 84 97 97 100 102 104 104 103 105 108 111 112 113 118 106 104 108 115 126 128 127
85 68 67 96 108 111 112 108 108 98 73 69 77 78 97 91 95 97 103 111 112 112 105 107 113 117 118 118 116 117 118 119 119 119 120 116 106 111 106 105 96 99 109 115 114 112 113 114 114 112 113 122 117 106 107 96 94 89 85 86 95 99 103 105 108 108 106 106 108 109 111 117 118 112 111 106 114 122 117 123
93 68 83 106 107 103 107 114 112 108 97 90 93 98 99 93 92 97 107 112 110 110 113 109 114 117 117 118 119 118 119 120 120 120 120 117 115 109 110 108 106 109 111 112 111 113 113 115 116 112 111 118 122 117 109 101 99 99 99 102 105 106 106 107 108 107 106 109 112 113 116 118 117 116 115 102 110 112 122 128
104 74 98 104 90 100 101 113 110 110 109 106 104 99 99 101 94 103 112 113 105 101 114 116 118 115 112 116 119 119 119 119 120 121 121 120 118 114 116 113 107 114 113 115 119 120 119 118 114 102 103 120 120 120 116 113 105 99 100 105 107 107 108 107 105 102 95 102 122 123 123 125 126 124 112 116 124 121 124 124
83 99 94 87 100 100 111 115 113 113 112 112 108 105 108 110 104 104 114 114 106 104 116 119 119 114 106 110 114 119 119 118 119 121 121 121 118 116 117 118 117 119 117 119 120 120 118 116 104 94 103 117 115 112 117 120 118 113 107 108 110 106 105 108 103 101 99 118 126 126 126 125 122 125 123 124 127 125 119 123
75 85 98 107 105 108 111 113 116 115 112 113 115 115 113 111 109 112 115 114 107 104 113 119 118 112 106 110 104 111 118 119 119 119 121 121 120 117 119 119 121 119 119 119 119 120 118 101 90 100 108 118 116 115 119 120 117 117 115 115 111 102 100 106 114 118 124 125 126 122 119 122 121 126 125 -9999 -9999 -9999 -9999 -9999
100 105 106 110 112 113 114 113 117 115 112 115 113 102 110 113 114 114 116 116 113 111 111 118 119 113 108 114 108 100 103 109 112 115 120 121 121 120 119 119 121 119 119 119 117 120 114 101 108 108 117 122 120 119 120 114 112 118 119 117 107 105 106 109 117 123 125 125 123 120 122 -9999 -9999 -9999 -9999 -9999 -9999 -9999 -9999 -9999
105 107 107 110 110 108 108 110 115 117 114 116 114 106 109 115 116 116 116 117 117 118 118 119 119 118 114 108 109 108 107 112 111 114 116 112 114 120 121 119 120 120 118 118 117 121 113 114 116 120 122 122 123 121 117 114 117 117 116 113 110 111 112 115 120 124 122 119 122 123 -9999 -9999 -9999 -9999 -9999 -9999 -9999 -9999 -9999 -9999
103 107 106 112 110 110 108 112 115 117 115 117 116 113 117 117 117 117 117 117 118 118 119 119 120 120 119 117 117 111 103 106 106 110 108 113 110 117 121 120 120 118 119 115 115 119 117 118 120 123 123 123 124 121 118 118 117 113 110 116 117 115 119 120 121 116 116 116 123 125 -9999 -9999 -9999 -9999 -9999 -9999 -9999 -9999 -9999 -9999
96 110 111 114 111 114 112 115 117 116 114 112 106 110 116 118 118 118 118 118 118 119 119 120 119 118 120 120 118 112 107 108 103 108 116 118 119 120 121 117 116 119 119 117 119 119 118 120 120 121 123 122 123 123 120 119 116 113 113 118 121 122 123 123 120 111 113 120 123 -9999 -9999 -9999 -9999 -9999 -9999 -9999 -9999 -9999 -9999 -9999
