Electronic Materials (Flash Drives)/data/NZclimate/2050/miroc_8_2050/bio01nz.asc
ncols         384
nrows         384
xllcorner     164
yllcorner     -49
cellsize      0.041666666666667
NODATA_value  -9999
[rows 140 to 174 of 384, columns 240 to 319 of 384]
-9999 -9999 -9999 -9999 -9999 -9999 -9999 -9999 -9999 -9999 -9999 -9999 160 155 157 156 154 151 146 139 137 136 140 152 150 145 142 143 138 148 148 146 147 144 142 136 126 118 121 129 137 139 140 143 143 144 144 144 141 136 136 134 129 125 123 124 126 126 126 123 123 116 115 115 112 116 119 121 126 140 127 129 131 135 138 145 152 148 145 146
-9999 -9999 -9999 -9999 -9999 -9999 -9999 -9999 -9999 -9999 -9999 159 155 154 154 153 153 152 148 141 138 138 144 150 152 149 143 147 141 148 150 148 149 147 144 135 127 125 127 132 133 136 142 143 143 144 142 136 131 132 132 132 130 124 123 123 126 124 125 122 124 116 118 116 118 112 119 134 127 128 145 146 146 145 146 149 145 151 156 150
-9999 -9999 -9999 -9999 -9999 -9999 -9999 -9999 -9999 -9999 159 157 155 155 151 147 146 143 144 140 140 139 147 149 153 150 147 150 148 151 149 146 145 146 143 134 132 126 129 130 124 133 143 143 143 141 139 131 129 128 133 130 126 122 123 123 124 125 122 122 124 117 121 114 109 118 124 134 122 139 141 140 147 151 152 153 152 156 157 157
-9999 -9999 -9999 -9999 158 158 158 158 158 158 157 155 154 154 148 146 146 144 146 146 142 144 145 149 152 148 148 146 142 143 141 142 139 141 136 135 130 126 127 126 111 119 140 142 141 138 135 134 130 127 127 124 117 114 123 122 120 121 121 121 124 125 125 125 115 123 134 134 128 140 139 141 145 142 146 149 151 153 152 156
-9999 -9999 158 157 157 157 156 156 156 154 153 155 153 149 146 148 146 144 147 148 149 148 146 147 149 149 149 144 138 137 141 138 135 135 123 128 131 128 128 129 128 122 124 139 139 132 127 125 125 120 117 112 115 118 124 121 119 120 118 112 120 132 131 125 122 129 140 145 143 143 145 146 148 154 148 148 153 156 155 158
156 156 156 155 155 154 155 153 153 153 151 153 149 150 148 148 146 145 146 149 149 148 148 147 146 149 142 141 145 145 141 140 133 130 118 123 123 122 122 122 128 130 121 135 135 127 119 114 106 109 114 110 109 114 125 123 118 119 112 110 118 131 135 125 132 142 137 139 136 138 142 146 148 152 154 155 154 157 159 158
153 152 153 152 151 151 152 153 153 151 151 150 148 150 148 145 145 146 148 148 151 147 149 148 146 149 147 148 146 145 145 140 134 129 125 120 116 113 105 91 101 121 127 130 126 117 105 103 100 101 98 105 104 118 120 119 124 118 119 115 121 130 128 136 142 134 125 126 140 149 151 154 152 154 154 156 159 159 161 162
148 147 148 148 148 149 151 151 152 152 150 149 151 150 147 144 146 148 145 146 150 148 148 148 142 142 140 146 136 137 143 134 127 122 119 118 114 107 91 75 90 109 120 124 111 96 95 94 95 94 99 104 110 105 113 116 120 123 115 125 129 131 132 140 136 112 122 136 142 149 151 155 159 159 160 158 162 -9999 -9999 -9999
136 138 141 142 144 147 149 149 149 151 150 150 150 148 147 146 146 147 146 144 148 145 146 143 141 139 137 136 133 131 136 132 123 118 115 112 108 100 92 94 100 109 116 112 102 94 91 98 102 99 96 103 109 104 97 103 112 120 127 132 134 131 137 140 123 116 139 148 149 151 151 156 157 159 163 -9999 -9999 -9999 -9999 -9999
109 117 130 135 140 143 145 147 149 149 150 149 148 147 147 146 142 139 145 149 148 148 145 145 140 139 134 133 136 132 129 129 122 118 97 101 93 81 84 95 103 110 112 107 99 92 93 103 97 101 98 105 101 106 104 101 104 102 119 130 130 127 130 122 132 140 148 149 151 151 146 148 150 -9999 -9999 -9999 -9999 -9999 -9999 -9999
112 96 113 126 134 139 142 144 148 148 147 147 150 149 146 146 144 142 143 149 148 149 146 148 143 144 139 135 140 137 130 126 121 117 111 99 76 42 67 88 100 106 103 94 89 90 98 107 104 101 95 110 103 98 101 108 94 97 114 127 129 131 131 138 142 144 150 145 143 149 152 155 155 -9999 -9999 -9999 -9999 -9999 -9999 -9999
111 81 107 123 132 137 141 143 145 148 148 148 149 145 147 147 145 141 138 136 146 146 145 149 147 141 140 138 142 139 135 126 121 117 111 102 84 63 79 95 103 106 99 92 97 101 101 98 110 107 112 116 107 105 114 108 98 113 119 125 131 131 137 146 146 147 152 153 148 154 157 159 -9999 -9999 -9999 -9999 -9999 -9999 -9999 -9999
130 123 125 130 134 138 142 144 146 148 149 149 148 145 142 136 134 136 135 134 128 136 140 144 147 142 145 148 143 137 132 127 123 119 115 110 103 99 101 106 109 108 105 105 102 99 101 104 114 113 114 116 109 108 118 115 119 123 132 129 140 142 144 147 149 151 156 156 154 161 162 -9999 -9999 -9999 -9999 -9999 -9999 -9999 -9999 -9999
140 137 137 138 140 142 144 146 146 147 149 150 147 142 140 136 133 139 138 136 131 132 138 143 146 146 145 137 130 128 131 131 130 127 123 121 116 113 115 114 113 114 113 110 105 95 104 106 112 112 116 116 117 112 115 126 125 126 128 137 144 146 149 148 151 153 153 158 160 162 -9999 -9999 -9999 -9999 -9999 -9999 -9999 -9999 -9999 -9999
146 144 145 145 145 146 147 147 147 146 148 151 148 146 145 142 143 143 141 141 139 139 143 144 150 142 138 135 131 135 132 133 132 129 127 125 124 122 121 118 116 113 115 115 103 107 120 115 119 119 115 114 118 124 125 125 127 127 132 143 147 150 152 153 154 156 152 160 163 -9999 -9999 -9999 -9999 -9999 -9999 -9999 -9999 -9999 -9999 -9999
150 149 149 149 148 149 149 147 149 148 149 150 149 148 146 144 144 148 143 143 143 140 135 136 144 146 135 133 130 132 130 131 127 126 128 128 126 124 123 119 117 112 109 115 119 124 123 116 123 121 115 114 119 127 123 130 137 135 139 145 148 150 150 153 157 157 157 161 163 162 -9999 -9999 -9999 -9999 -9999 -9999 -9999 -9999 -9999 -9999
153 153 152 152 151 152 151 150 149 150 149 146 149 150 149 150 145 146 147 144 137 142 142 134 137 144 142 140 135 136 134 135 133 128 129 128 125 123 121 116 117 113 109 111 116 122 116 117 124 122 121 116 106 132 124 128 140 142 145 146 148 149 151 154 157 158 161 160 162 163 -9999 -9999 -9999 -9999 -9999 -9999 -9999 -9999 -9999 -9999
154 154 154 154 153 153 152 152 153 148 147 143 146 151 145 149 144 140 146 150 147 147 139 131 135 148 149 142 136 137 142 135 128 130 132 130 133 131 129 122 120 114 114 119 128 127 121 120 126 124 111 108 114 116 104 114 132 143 150 150 152 152 153 156 159 160 161 162 162 163 162 -9999 -9999 -9999 -9999 -9999 -9999 -9999 -9999 -9999
-9999 -9999 -9999 -9999 154 154 153 153 154 151 149 147 147 149 148 146 143 141 143 148 149 142 140 137 139 138 144 147 144 134 138 140 136 136 137 135 131 131 132 126 128 126 126 127 132 131 124 126 127 120 105 102 112 108 101 121 141 145 146 145 151 155 156 156 158 160 161 162 162 162 162 -9999 -9999 -9999 -9999 -9999 -9999 -9999 -9999 -9999
-9999 -9999 -9999 -9999 -9999 -9999 -9999 153 155 153 151 148 146 151 150 143 146 148 149 148 151 150 147 142 144 145 137 144 146 136 132 143 141 136 140 134 128 135 131 131 129 130 133 132 129 134 133 130 126 125 106 105 101 101 103 132 137 143 145 147 150 154 156 157 159 160 161 162 162 162 159 159 154 156 -9999 -9999 -9999 -9999 -9999 -9999
-9999 -9999 -9999 -9999 -9999 -9999 -9999 -9999 156 154 153 152 151 150 148 147 149 153 152 150 153 147 144 143 143 144 148 149 139 135 135 143 141 140 139 131 136 134 132 135 131 125 131 136 134 134 136 131 130 115 120 107 98 109 121 133 131 138 138 141 146 152 150 155 158 160 161 161 160 156 158 157 154 155 -9999 -9999 -9999 -9999 -9999 -9999
-9999 -9999 -9999 -9999 -9999 -9999 -9999 -9999 -9999 156 155 156 154 154 153 151 152 153 149 154 151 146 137 139 145 147 147 152 144 139 142 146 137 139 139 136 139 133 132 137 131 127 124 132 138 136 133 127 122 99 104 103 104 123 132 121 132 137 139 143 144 149 148 155 154 157 157 156 150 156 154 154 156 -9999 -9999 -9999 -9999 -9999 -9999 -9999
-9999 -9999 -9999 -9999 -9999 -9999 -9999 -9999 -9999 -9999 -9999 156 156 155 154 154 154 156 153 153 148 144 143 142 144 147 152 153 152 148 150 150 146 146 141 138 141 140 139 136 131 131 127 138 139 138 131 124 123 103 96 98 108 132 136 130 137 142 144 146 145 146 148 149 157 159 153 156 154 148 148 152 157 -9999 -9999 -9999 -9999 -9999 -9999 -9999
-9999 -9999 -9999 -9999 -9999 -9999 -9999 -9999 -9999 -9999 -9999 -9999 157 156 156 156 155 156 153 151 150 150 149 149 150 149 154 153 152 147 152 146 151 148 143 146 145 140 135 130 133 137 138 139 136 132 131 131 125 97 92 92 120 132 137 140 142 144 147 149 148 146 145 155 158 153 154 155 148 143 144 156 -9999 -9999 -9999 -9999 -9999 -9999 -9999 -9999
-9999 -9999 -9999 -9999 -9999 -9999 -9999 -9999 -9999 -9999 -9999 -9999 -9999 -9999 -9999 157 158 157 156 155 155 155 155 152 151 153 157 155 153 150 152 153 152 149 149 150 147 143 140 139 143 143 141 136 134 135 132 128 120 103 94 94 116 132 138 140 144 147 148 150 150 147 150 156 153 155 149 150 145 137 147 156 -9999 -9999 -9999 -9999 -9999 -9999 -9999 -9999
-9999 -9999 -9999 -9999 -9999 -9999 -9999 -9999 -9999 -9999 -9999 -9999 -9999 -9999 -9999 -9999 -9999 -9999 -9999 -9999 -9999 157 156 154 154 157 157 153 151 149 153 153 152 152 150 148 148 143 143 146 145 142 139 137 133 130 128 121 99 93 91 111 130 135 140 142 145 148 149 150 150 147 152 156 154 153 152 150 142 140 149 150 -9999 -9999 -9999 -9999 -9999 -9999 -9999 -9999
-9999 -9999 -9999 -9999 -9999 -9999 -9999 -9999 -9999 -9999 -9999 -9999 -9999 -9999 -9999 -9999 -9999 -9999 -9999 -9999 -9999 -9999 -9999 157 158 157 155 155 152 150 155 153 152 149 148 144 143 143 141 147 143 141 137 134 134 132 128 125 110 109 95 115 130 138 142 145 147 149 150 151 151 150 153 153 152 152 150 150 148 152 154 -9999 -9999 -9999 -9999 -9999 -9999 -9999 -9999 -9999
-9999 -9999 -9999 -9999 -9999 -9999 -9999 -9999 -9999 -9999 -9999 -9999 -9999 -9999 -9999 -9999 -9999 -9999 -9999 -9999 -9999 -9999 -9999 -9999 158 157 156 154 154 155 155 154 150 145 143 143 146 146 148 145 138 137 137 134 135 133 134 130 117 96 107 126 135 139 143 145 148 149 151 151 151 152 152 153 153 150 148 148 151 156 -9999 -9999 -9999 -9999 -9999 -9999 -9999 -9999 -9999 -9999
-9999 -9999 -9999 -9999 -9999 -9999 -9999 -9999 -9999 -9999 -9999 -9999 -9999 -9999 -9999 -9999 -9999 -9999 -9999 -9999 -9999 -9999 -9999 -9999 -9999 158 157 158 156 155 155 150 148 148 147 149 151 148 142 139 135 137 136 138 135 138 137 133 108 110 117 128 136 140 143 145 147 149 150 149 152 152 152 149 152 150 147 148 152 152 -9999 -9999 -9999 -9999 -9999 -9999 -9999 -9999 -9999 -9999
-9999 -9999 -9999 -9999 -9999 -9999 -9999 -9999 -9999 -9999 -9999 -9999 -9999 -9999 -9999 -9999 -9999 -9999 -9999 -9999 -9999 -9999 -9999 -9999 -9999 -9999 158 158 157 156 153 151 150 150 151 153 149 146 144 143 142 139 137 140 138 141 139 124 116 115 128 135 138 140 142 144 143 147 146 151 151 151 148 148 150 149 149 147 152 155 -9999 -9999 -9999 -9999 -9999 -9999 -9999 -9999 -9999 -9999
-9999 -9999 -9999 -9999 -9999 -9999 -9999 -9999 -9999 -9999 -9999 -9999 -9999 -9999 -9999 -9999 -9999 -9999 -9999 -9999 -9999 -9999 -9999 -9999 -9999 -9999 -9999 158 157 156 154 152 151 151 153 151 149 147 146 146 145 142 143 140 145 144 132 114 114 131 135 139 141 142 143 140 136 140 144 150 150 148 146 149 148 150 146 150 155 157 -9999 -9999 -9999 -9999 -9999 -9999 -9999 -9999 -9999 -9999
-9999 -9999 -9999 -9999 -9999 -9999 -9999 -9999 -9999 -9999 -9999 -9999 -9999 -9999 -9999 -9999 -9999 -9999 -9999 -9999 -9999 -9999 -9999 -9999 -9999 -9999 -9999 -9999 157 156 155 153 152 153 154 151 151 149 149 149 148 146 143 146 146 138 121 116 136 141 143 143 143 144 140 138 138 146 151 153 154 153 149 149 149 151 149 152 154 -9999 -9999 -9999 -9999 -9999 -9999 -9999 -9999 -9999 -9999 -9999
-9999 -9999 -9999 -9999 -9999 -9999 -9999 -9999 -9999 -9999 -9999 -9999 -9999 -9999 -9999 -9999 -9999 -9999 -9999 -9999 -9999 -9999 -9999 -9999 -9999 -9999 -9999 -9999 157 157 156 155 155 155 153 152 152 151 152 151 149 146 147 148 138 119 122 139 143 144 146 144 145 142 137 139 137 143 147 149 153 155 155 154 152 152 154 153 -9999 -9999 -9999 -9999 -9999 -9999 -9999 -9999 -9999 -9999 -9999 -9999
-9999 -9999 -9999 -9999 -9999 -9999 -9999 -9999 -9999 -9999 -9999 -9999 -9999 -9999 -9999 -9999 -9999 -9999 -9999 -9999 -9999 -9999 -9999 -9999 -9999 -9999 -9999 -9999 -9999 157 157 156 156 155 154 152 153 153 153 152 150 147 151 144 122 127 138 145 147 148 148 148 147 145 142 139 140 140 144 150 154 155 155 153 155 156 158 -9999 -9999 -9999 -9999 -9999 -9999 -9999 -9999 -9999 -9999 -9999 -9999 -9999
-9999 -9999 -9999 -9999 -9999 -9999 -9999 -9999 -9999 -9999 -9999 -9999 -9999 -9999 -9999 -9999 -9999 -9999 -9999 -9999 -9999 -9999 -9999 -9999 -9999 -9999 -9999 -9999 -9999 157 157 156 155 156 155 154 155 155 154 153 150 150 151 141 132 143 146 147 149 149 147 145 144 145 139 139 137 139 143 151 154 155 149 153 157 -9999 -9999 -9999 -9999 -9999 -9999 -9999 -9999 -9999 -9999 -9999 -9999 -9999 -9999 -9999
