Electronic Materials (Flash Drives)/data/NZclimate/2050/miroc_8_2050/bio01nz.asc
ncols         384
nrows         384
xllcorner     164
yllcorner     -49
cellsize      0.041666666666667
NODATA_value  -9999
[rows 105 to 139 of 384, columns 240 to 319 of 384]
-9999 -9999 -9999 -9999 -9999 -9999 -9999 -9999 -9999 -9999 -9999 -9999 -9999 -9999 -9999 -9999 168 164 156 159 161 164 166 165 166 167 166 167 167 165 164 161 154 155 164 167 167 167 167 167 165 153 158 159 161 159 162 -9999 -9999 -9999 -9999 -9999 -9999 -9999 -9999 -9999 -9999 -9999 -9999 -9999 -9999 -9999 -9999 -9999 -9999 -9999 -9999 -9999 -9999 -9999 -9999 -9999 -9999 -9999 -9999 -9999 -9999 -9999 -9999 -9999
-9999 -9999 -9999 -9999 -9999 -9999 -9999 -9999 -9999 -9999 -9999 -9999 -9999 -9999 -9999 -9999 165 163 158 160 161 162 162 165 166 166 167 167 167 165 161 161 157 152 154 163 166 166 166 165 160 154 159 159 159 160 165 167 -9999 -9999 -9999 -9999 -9999 -9999 -9999 -9999 -9999 -9999 -9999 -9999 -9999 -9999 -9999 -9999 -9999 -9999 -9999 -9999 -9999 -9999 -9999 -9999 -9999 -9999 -9999 -9999 -9999 -9999 -9999 -9999
-9999 -9999 -9999 -9999 -9999 -9999 -9999 -9999 -9999 -9999 -9999 -9999 -9999 -9999 -9999 -9999 -9999 163 164 164 161 162 163 165 166 166 166 166 166 165 164 162 151 157 159 161 166 166 166 166 163 149 151 145 153 158 166 166 165 -9999 -9999 -9999 -9999 -9999 -9999 -9999 -9999 -9999 -9999 -9999 -9999 -9999 -9999 -9999 -9999 -9999 -9999 -9999 -9999 -9999 -9999 -9999 -9999 -9999 -9999 -9999 -9999 -9999 -9999 -9999
-9999 -9999 -9999 -9999 -9999 -9999 -9999 -9999 -9999 -9999 -9999 -9999 -9999 -9999 -9999 -9999 -9999 166 165 160 160 161 163 164 164 165 165 165 165 162 164 165 163 164 163 162 165 165 165 165 165 145 138 141 151 162 165 166 166 166 -9999 -9999 -9999 -9999 -9999 -9999 -9999 -9999 -9999 -9999 -9999 -9999 -9999 -9999 -9999 -9999 -9999 -9999 -9999 -9999 -9999 -9999 -9999 -9999 -9999 168 162 -9999 -9999 -9999
-9999 -9999 -9999 -9999 -9999 -9999 -9999 -9999 -9999 -9999 -9999 -9999 -9999 -9999 -9999 -9999 -9999 -9999 162 160 160 160 163 162 159 163 165 165 162 164 164 164 164 163 159 160 164 165 165 165 165 160 154 136 150 163 166 166 166 166 165 -9999 -9999 -9999 -9999 -9999 -9999 -9999 -9999 -9999 -9999 -9999 -9999 -9999 -9999 -9999 -9999 -9999 -9999 -9999 -9999 -9999 -9999 -9999 -9999 -9999 -9999 -9999 -9999 -9999
-9999 -9999 -9999 -9999 -9999 -9999 -9999 -9999 -9999 -9999 -9999 -9999 -9999 -9999 -9999 -9999 -9999 -9999 162 163 161 161 161 158 156 161 162 160 162 164 164 163 163 163 162 162 164 164 164 164 164 164 164 154 149 162 165 166 166 165 165 166 -9999 -9999 -9999 -9999 -9999 166 164 -9999 -9999 -9999 -9999 -9999 -9999 -9999 -9999 -9999 -9999 -9999 -9999 -9999 -9999 -9999 -9999 -9999 -9999 -9999 -9999 -9999
-9999 -9999 -9999 -9999 -9999 -9999 -9999 -9999 -9999 -9999 -9999 -9999 -9999 -9999 -9999 -9999 -9999 -9999 -9999 163 163 162 159 159 159 158 158 160 164 163 163 163 163 162 163 163 163 163 163 164 164 164 164 158 141 155 162 164 165 165 165 166 165 165 -9999 -9999 -9999 165 164 -9999 -9999 -9999 -9999 -9999 -9999 -9999 -9999 -9999 -9999 -9999 -9999 -9999 -9999 -9999 -9999 -9999 -9999 -9999 -9999 -9999
-9999 -9999 -9999 -9999 -9999 -9999 -9999 -9999 -9999 -9999 -9999 -9999 -9999 -9999 -9999 -9999 -9999 -9999 -9999 162 163 162 160 160 158 155 158 163 163 162 162 162 162 162 162 162 161 163 162 162 163 163 163 163 144 144 153 158 162 164 165 165 165 165 165 165 -9999 -9999 -9999 -9999 -9999 -9999 -9999 -9999 -9999 -9999 -9999 -9999 -9999 -9999 -9999 -9999 -9999 -9999 -9999 -9999 -9999 -9999 -9999 -9999
-9999 -9999 -9999 -9999 -9999 -9999 -9999 -9999 -9999 -9999 -9999 -9999 -9999 -9999 -9999 -9999 -9999 -9999 -9999 162 162 161 162 161 157 155 161 163 162 162 162 162 161 161 161 158 160 162 161 162 162 162 162 163 159 141 144 150 155 160 164 164 164 163 162 165 165 165 -9999 166 -9999 -9999 -9999 -9999 -9999 -9999 -9999 -9999 -9999 -9999 -9999 -9999 -9999 -9999 -9999 -9999 -9999 -9999 -9999 -9999
-9999 -9999 -9999 -9999 -9999 -9999 -9999 -9999 -9999 -9999 -9999 -9999 -9999 -9999 -9999 -9999 -9999 -9999 -9999 -9999 161 163 164 161 154 155 162 162 162 161 161 161 161 161 161 159 156 156 159 160 160 161 162 162 162 142 141 146 154 163 162 161 156 155 158 165 166 165 166 165 166 -9999 -9999 -9999 -9999 -9999 -9999 -9999 -9999 -9999 -9999 -9999 -9999 -9999 -9999 -9999 -9999 -9999 -9999 -9999
-9999 -9999 -9999 -9999 -9999 -9999 -9999 -9999 -9999 -9999 -9999 -9999 -9999 -9999 -9999 -9999 -9999 -9999 164 161 163 162 163 162 157 156 160 162 162 161 161 161 160 160 160 158 152 152 150 156 158 160 161 161 160 143 139 151 155 157 156 154 150 147 156 161 163 165 165 166 166 165 165 -9999 -9999 -9999 -9999 -9999 -9999 -9999 -9999 -9999 -9999 -9999 -9999 -9999 -9999 -9999 -9999 -9999
-9999 -9999 -9999 -9999 -9999 -9999 -9999 -9999 -9999 -9999 -9999 -9999 -9999 -9999 -9999 -9999 -9999 -9999 148 146 157 159 157 155 160 156 156 161 161 161 160 160 160 160 160 160 155 153 151 150 156 160 160 161 161 152 139 149 152 150 149 148 148 150 152 156 160 163 163 163 164 163 164 164 164 166 -9999 -9999 -9999 -9999 -9999 166 -9999 -9999 -9999 -9999 -9999 -9999 -9999 -9999
-9999 -9999 -9999 -9999 -9999 -9999 -9999 -9999 -9999 -9999 -9999 -9999 -9999 -9999 -9999 -9999 -9999 -9999 158 155 157 153 151 145 157 157 159 161 161 161 160 160 160 160 160 160 159 157 154 155 158 159 160 160 160 156 141 141 144 144 144 143 143 145 149 153 159 160 160 160 161 161 160 161 158 156 165 166 166 166 -9999 -9999 -9999 -9999 -9999 -9999 -9999 -9999 -9999 -9999
-9999 -9999 -9999 -9999 -9999 -9999 -9999 -9999 -9999 -9999 -9999 -9999 -9999 -9999 -9999 -9999 -9999 -9999 161 160 161 156 155 150 153 151 155 159 161 161 161 160 160 159 159 159 156 159 157 157 157 158 159 159 159 154 139 140 140 140 137 140 142 145 149 152 155 155 155 157 156 157 158 157 152 160 166 166 166 166 166 166 165 -9999 -9999 -9999 -9999 -9999 -9999 -9999
-9999 -9999 -9999 -9999 -9999 -9999 -9999 -9999 -9999 -9999 -9999 -9999 -9999 -9999 -9999 -9999 -9999 -9999 159 161 163 159 152 146 145 136 133 148 160 161 160 160 160 159 159 159 153 155 155 157 156 155 158 158 157 153 144 137 136 136 137 139 141 145 147 149 151 150 151 152 151 151 151 148 149 161 165 166 166 166 166 165 160 165 166 166 165 166 166 165
-9999 -9999 -9999 -9999 -9999 -9999 -9999 -9999 -9999 -9999 -9999 -9999 -9999 -9999 -9999 -9999 -9999 -9999 163 161 161 156 152 154 147 135 136 149 159 161 160 160 160 159 159 154 149 137 145 156 156 154 157 157 155 151 146 139 136 135 136 138 143 145 146 147 149 150 149 147 149 147 147 148 156 165 165 165 163 159 161 164 156 164 165 165 165 164 166 165
-9999 -9999 -9999 -9999 -9999 -9999 -9999 -9999 -9999 -9999 -9999 -9999 -9999 -9999 -9999 -9999 -9999 -9999 162 161 162 162 160 156 148 143 151 157 161 159 159 160 160 159 158 156 150 148 152 157 156 155 155 154 153 149 143 138 136 135 136 141 147 150 150 150 148 145 145 142 138 144 146 154 161 164 164 164 156 155 160 165 160 159 159 163 162 158 164 164
-9999 -9999 -9999 -9999 -9999 -9999 -9999 -9999 -9999 -9999 -9999 -9999 -9999 -9999 -9999 -9999 162 154 162 163 162 161 160 154 149 150 155 158 160 160 160 159 159 160 159 157 155 154 155 155 155 154 153 152 151 148 145 139 136 135 135 143 139 149 150 150 142 136 138 131 139 144 145 155 162 155 157 159 153 158 162 164 162 160 160 162 158 148 159 155
-9999 -9999 -9999 -9999 -9999 -9999 -9999 -9999 -9999 -9999 -9999 -9999 -9999 -9999 -9999 -9999 159 158 158 161 159 153 156 149 146 153 157 156 159 160 159 158 158 159 157 155 156 154 153 155 152 152 151 150 149 147 145 143 136 133 132 139 143 149 149 145 140 145 135 127 148 155 158 160 156 152 151 155 149 156 162 164 159 163 163 159 155 143 153 147
-9999 -9999 -9999 -9999 -9999 -9999 -9999 -9999 -9999 -9999 -9999 -9999 -9999 -9999 -9999 -9999 163 159 156 150 155 150 152 143 140 150 152 153 160 160 159 159 159 156 155 155 155 152 151 150 151 149 149 148 148 145 142 139 135 131 129 134 139 144 145 137 140 148 149 145 144 150 153 153 148 147 150 155 150 149 152 159 153 155 159 147 148 135 150 149
-9999 -9999 -9999 -9999 -9999 -9999 -9999 -9999 -9999 -9999 -9999 -9999 -9999 -9999 -9999 -9999 -9999 156 153 151 149 146 146 139 142 150 154 158 159 160 159 159 154 155 153 150 148 149 143 145 149 146 145 145 146 144 143 139 135 132 134 135 142 144 142 140 137 143 148 134 124 135 144 145 143 146 151 157 153 142 138 150 147 142 152 141 145 138 146 149
-9999 -9999 -9999 -9999 -9999 -9999 -9999 -9999 -9999 -9999 -9999 -9999 -9999 -9999 -9999 -9999 -9999 155 158 157 154 151 149 146 145 153 156 159 159 157 156 150 154 153 148 144 143 143 142 146 150 146 143 142 144 143 142 140 137 136 140 140 145 145 141 135 137 142 146 144 139 140 142 143 144 148 152 155 146 139 137 143 149 143 152 140 139 131 143 147
-9999 -9999 -9999 -9999 -9999 -9999 -9999 -9999 -9999 -9999 -9999 -9999 -9999 -9999 -9999 -9999 162 158 152 150 149 149 146 144 145 151 156 158 155 154 151 146 153 147 136 136 136 137 142 146 150 149 145 144 145 142 138 142 145 143 143 145 146 147 144 140 137 141 142 141 141 142 144 143 145 150 155 152 140 137 136 149 153 148 147 146 143 128 134 146
-9999 -9999 -9999 -9999 -9999 -9999 -9999 -9999 -9999 -9999 -9999 -9999 -9999 -9999 -9999 162 152 157 147 141 147 147 144 142 145 151 158 154 154 150 147 147 149 139 129 126 128 134 142 147 149 148 150 151 146 136 138 146 147 147 142 143 147 142 139 139 144 144 140 138 138 140 141 143 147 153 156 154 132 134 138 147 150 143 142 139 136 123 136 139
-9999 -9999 -9999 -9999 -9999 -9999 -9999 -9999 -9999 -9999 -9999 -9999 -9999 -9999 -9999 158 150 152 139 140 146 145 146 144 147 150 152 153 151 151 149 148 145 138 133 130 127 133 140 144 147 149 151 146 136 136 146 146 147 146 144 144 142 134 134 146 148 146 139 137 136 137 141 144 151 156 156 154 134 131 139 146 149 140 141 139 125 126 136 135
-9999 -9999 -9999 -9999 -9999 -9999 -9999 -9999 -9999 -9999 -9999 -9999 -9999 -9999 -9999 156 151 145 139 140 146 148 150 148 150 154 152 152 150 148 147 146 140 139 136 135 132 133 135 140 145 148 148 147 142 145 146 145 136 141 140 144 138 136 143 147 148 145 138 136 135 137 142 147 153 155 153 133 137 133 145 142 145 135 140 133 124 130 132 131
-9999 -9999 -9999 -9999 -9999 -9999 -9999 -9999 -9999 -9999 -9999 -9999 -9999 -9999 -9999 157 154 147 137 145 148 149 152 150 154 152 150 151 150 149 147 145 142 141 138 136 133 133 133 136 141 143 143 142 136 138 140 140 132 133 134 144 142 141 145 148 148 144 139 136 135 138 142 146 152 153 145 123 136 131 139 141 139 136 131 132 120 121 126 126
-9999 -9999 -9999 -9999 -9999 -9999 -9999 -9999 -9999 -9999 -9999 -9999 -9999 -9999 -9999 156 149 142 135 147 150 153 152 151 153 151 151 147 144 144 142 143 143 135 137 136 133 131 127 127 126 136 140 139 136 135 138 137 132 134 139 141 146 146 145 148 148 141 137 136 137 140 141 145 144 146 141 132 132 134 139 142 131 133 134 130 114 112 114 121
-9999 -9999 -9999 -9999 -9999 -9999 -9999 -9999 -9999 -9999 -9999 -9999 -9999 -9999 -9999 156 148 145 138 147 155 157 156 154 154 152 151 150 145 142 141 141 137 139 140 134 133 130 120 120 130 136 138 137 132 129 134 133 134 134 138 142 143 145 146 147 143 136 132 135 140 141 142 143 139 140 142 130 124 127 131 139 130 129 132 118 115 117 120 124
-9999 -9999 -9999 -9999 -9999 -9999 -9999 -9999 -9999 -9999 -9999 -9999 -9999 -9999 161 153 151 148 155 155 155 158 157 154 154 152 147 150 147 141 141 145 148 146 141 137 134 126 119 123 130 136 137 135 133 133 132 132 135 138 141 142 145 145 147 146 136 131 130 135 139 139 142 135 138 142 144 132 132 129 136 135 123 119 113 108 115 123 124 124
-9999 -9999 -9999 -9999 -9999 -9999 -9999 -9999 -9999 -9999 -9999 -9999 -9999 -9999 161 156 153 151 150 144 145 157 153 153 148 145 144 144 141 138 143 148 146 142 138 136 127 118 117 124 131 134 137 137 137 138 139 134 134 138 141 140 143 144 142 134 132 130 131 134 135 136 135 132 138 144 135 130 127 131 136 130 117 115 106 111 120 123 125 137
-9999 -9999 -9999 -9999 -9999 -9999 -9999 -9999 -9999 -9999 -9999 -9999 -9999 -9999 160 156 157 157 153 154 149 152 147 145 144 148 145 145 144 145 145 144 142 136 134 129 124 121 128 132 134 135 140 142 143 143 138 139 138 143 140 131 138 139 135 128 129 131 132 132 132 131 128 131 138 131 121 121 121 128 120 113 113 122 110 111 112 119 125 135
-9999 -9999 -9999 -9999 -9999 -9999 -9999 -9999 -9999 -9999 -9999 -9999 -9999 -9999 159 156 154 152 150 148 150 147 144 145 146 149 148 147 147 145 146 145 145 137 127 122 117 124 128 131 133 138 143 144 144 144 144 143 142 144 139 134 132 133 127 128 129 131 131 130 128 126 123 130 133 121 122 124 131 125 115 116 122 128 122 118 122 123 126 136
-9999 -9999 -9999 -9999 -9999 -9999 -9999 -9999 -9999 -9999 -9999 -9999 -9999 -9999 156 154 154 152 148 142 140 139 142 148 148 151 150 148 143 147 144 142 143 136 123 120 121 118 121 127 134 139 143 143 144 144 144 144 144 144 140 136 130 126 126 128 128 129 129 128 124 123 120 127 124 118 124 119 127 118 124 125 131 131 133 129 123 133 144 140
-9999 -9999 -9999 -9999 -9999 -9999 -9999 -9999 -9999 -9999 -9999 -9999 -9999 160 157 155 154 150 144 139 138 140 145 149 151 148 141 140 141 148 145 147 146 137 136 133 125 117 117 124 133 135 136 139 144 144 144 144 144 140 139 135 128 124 124 126 127 127 127 125 122 121 118 120 117 114 114 116 137 124 128 125 123 120 132 145 141 144 148 149
