Electronic Materials (Flash Drives)/data/NZclimate/2050/miroc_8_2050/bio13nz.asc
ncols         384
nrows         384
xllcorner     164
yllcorner     -49
cellsize      0.041666666666667
NODATA_value  -9999
[rows 140 to 174 of 384, columns 240 to 319 of 384]
-9999 -9999 -9999 -9999 -9999 -9999 -9999 -9999 -9999 -9999 -9999 -9999 175 201 190 196 207 220 242 270 272 268 245 193 192 201 203 193 201 162 156 156 150 153 155 177 232 279 262 213 164 158 155 148 145 144 144 143 149 159 159 162 173 185 195 190 184 186 192 206 209 240 247 250 267 254 245 242 228 190 231 226 223 216 208 195 178 187 191 189
-9999 -9999 -9999 -9999 -9999 -9999 -9999 -9999 -9999 -9999 -9999 181 205 206 210 213 208 210 232 260 263 259 230 200 185 188 198 177 191 163 153 152 146 147 150 181 226 233 219 191 190 171 154 151 151 148 150 163 176 169 169 168 172 189 194 196 188 197 195 213 206 243 238 248 244 272 246 202 224 229 183 185 188 193 192 187 195 179 163 184
-9999 -9999 -9999 -9999 -9999 -9999 -9999 -9999 -9999 -9999 179 190 204 202 221 244 243 256 247 257 256 251 217 201 181 182 185 169 167 155 153 154 152 148 150 185 196 225 212 204 236 191 157 157 158 160 161 179 182 184 167 173 182 202 198 197 195 194 208 213 209 240 227 256 277 251 230 205 240 196 195 199 185 176 172 172 174 161 162 167
-9999 -9999 -9999 -9999 165 166 175 178 180 179 186 203 208 206 239 242 242 245 232 230 240 228 218 199 181 185 179 177 183 173 176 164 170 159 179 180 204 222 220 224 313 270 173 168 172 173 174 173 180 189 186 196 227 242 196 202 214 211 215 216 209 213 215 219 257 234 204 207 226 195 202 198 190 200 190 182 177 173 178 173
-9999 -9999 168 171 171 174 185 188 187 204 209 201 208 231 241 230 236 241 222 216 206 206 211 201 186 180 172 182 195 191 174 178 184 183 238 211 195 213 210 205 213 249 240 185 181 190 200 205 202 219 229 253 234 217 194 207 218 215 228 252 225 194 198 220 234 216 190 180 186 189 186 186 183 168 186 187 171 168 169 171
182 180 181 187 189 194 192 206 206 206 223 206 227 219 226 220 229 230 221 204 200 200 198 195 193 176 191 190 169 163 170 169 192 201 266 232 238 242 246 244 208 201 247 187 183 206 240 257 288 268 242 258 263 235 189 200 221 220 249 263 234 198 193 223 207 184 199 198 206 203 196 188 184 173 168 168 170 168 168 170
200 205 204 210 218 221 216 208 207 221 217 224 227 212 221 234 228 220 208 202 188 200 188 187 187 172 172 164 164 162 156 165 184 199 221 244 269 290 330 385 341 252 206 190 210 249 299 304 315 303 314 279 283 215 207 216 200 225 223 243 224 202 212 195 182 207 234 232 197 177 172 165 172 166 165 164 160 165 163 164
240 246 240 244 243 237 219 218 210 211 216 222 206 209 220 231 219 205 214 205 187 190 187 180 197 189 192 167 192 183 160 181 208 231 243 250 272 312 379 448 379 315 254 214 279 335 336 337 332 333 307 278 249 272 233 225 214 208 237 209 203 203 205 188 201 273 241 208 193 178 172 161 149 148 149 156 151 -9999 -9999 -9999
343 326 295 279 265 249 236 229 226 209 211 208 202 208 212 213 210 203 206 211 190 196 186 193 196 198 196 194 198 200 177 187 222 242 256 272 298 331 368 355 329 303 270 276 308 338 348 313 291 301 314 278 250 275 305 281 241 216 199 191 190 204 193 191 236 258 198 177 176 171 172 157 153 147 137 -9999 -9999 -9999 -9999 -9999
572 518 387 331 288 264 249 235 221 214 206 208 210 205 203 206 224 237 203 181 184 177 187 180 195 190 204 199 183 190 197 192 215 236 344 320 362 413 397 342 305 283 271 283 315 337 334 279 309 287 300 262 282 260 270 287 273 285 220 196 203 215 213 237 214 194 174 174 168 169 182 179 171 -9999 -9999 -9999 -9999 -9999 -9999 -9999
562 623 557 413 325 278 255 237 216 212 215 208 192 189 201 199 208 214 205 173 178 171 176 166 177 170 182 187 168 169 188 198 211 226 261 324 436 573 470 365 308 279 290 328 351 344 302 248 263 279 309 228 267 294 278 253 317 306 235 204 205 208 209 192 186 182 166 182 186 171 163 156 154 -9999 -9999 -9999 -9999 -9999 -9999 -9999
550 631 595 443 342 284 246 226 217 203 200 197 186 205 191 188 200 212 223 230 180 176 178 159 162 176 174 172 158 158 166 189 203 217 248 298 391 485 408 325 278 263 297 330 302 276 276 289 222 235 209 193 242 252 217 246 294 235 219 206 200 205 191 168 170 169 154 158 170 154 147 142 -9999 -9999 -9999 -9999 -9999 -9999 -9999 -9999
366 442 413 352 306 263 231 212 203 192 185 186 187 202 214 248 255 237 237 235 259 214 189 171 155 167 155 142 149 160 167 177 187 198 214 240 276 296 279 251 226 232 250 246 262 278 265 242 186 195 191 186 226 234 199 218 206 198 177 193 165 165 164 159 156 152 140 144 148 129 126 -9999 -9999 -9999 -9999 -9999 -9999 -9999 -9999 -9999
245 271 268 255 239 221 208 200 196 192 177 174 185 209 219 242 250 215 213 219 235 228 195 169 154 151 150 167 184 182 166 160 156 160 168 170 184 194 177 176 178 175 176 193 228 294 235 221 192 191 170 177 183 211 204 176 181 185 186 167 153 149 144 150 144 142 142 135 126 119 -9999 -9999 -9999 -9999 -9999 -9999 -9999 -9999 -9999 -9999
188 194 194 196 196 192 186 186 187 188 181 162 177 184 185 201 192 190 193 191 196 190 169 163 140 160 166 167 175 154 156 148 144 146 147 145 144 143 137 136 147 165 149 153 230 204 136 155 147 148 169 180 174 159 162 171 172 180 172 148 139 133 132 130 131 124 138 121 107 -9999 -9999 -9999 -9999 -9999 -9999 -9999 -9999 -9999 -9999 -9999
156 157 159 162 166 167 168 180 169 173 169 160 166 167 177 182 180 161 181 177 173 180 195 186 154 144 170 169 174 158 160 148 156 151 142 133 132 130 127 128 130 156 180 144 134 122 125 143 133 140 162 177 173 152 169 156 149 158 153 143 136 132 134 124 115 115 118 108 100 103 -9999 -9999 -9999 -9999 -9999 -9999 -9999 -9999 -9999 -9999
138 137 138 142 146 145 152 155 163 158 163 179 161 157 160 153 174 164 161 167 193 169 164 191 172 146 147 146 156 145 144 136 136 144 134 131 133 129 128 133 127 144 175 158 135 120 131 134 128 134 142 166 227 141 167 158 140 141 136 137 133 132 124 116 105 104 100 102 99 99 -9999 -9999 -9999 -9999 -9999 -9999 -9999 -9999 -9999 -9999
130 128 128 128 131 134 139 140 140 160 166 184 172 147 172 151 174 190 161 143 152 147 171 196 175 132 127 139 150 140 126 134 146 137 128 128 123 121 121 123 123 143 138 125 111 113 120 125 124 131 182 205 183 188 244 206 157 137 117 118 115 115 111 103 95 95 94 95 95 97 98 -9999 -9999 -9999 -9999 -9999 -9999 -9999 -9999 -9999
-9999 -9999 -9999 -9999 128 129 135 132 130 142 154 162 159 150 153 160 174 180 166 147 141 160 166 172 159 156 136 127 129 146 132 124 128 126 123 122 124 122 120 121 118 116 115 113 109 111 118 120 124 143 214 238 191 218 255 182 139 131 129 136 115 101 99 100 93 91 91 92 93 96 98 -9999 -9999 -9999 -9999 -9999 -9999 -9999 -9999 -9999
-9999 -9999 -9999 -9999 -9999 -9999 -9999 129 124 131 141 152 162 139 143 170 154 144 139 141 131 130 139 151 142 134 153 132 123 140 145 120 121 126 119 123 129 120 122 120 120 117 114 112 113 110 113 119 127 132 211 218 247 252 251 154 152 139 134 127 116 101 95 91 87 88 89 91 93 97 103 109 128 130 -9999 -9999 -9999 -9999 -9999 -9999
-9999 -9999 -9999 -9999 -9999 -9999 -9999 -9999 119 125 129 130 135 139 145 151 141 124 128 134 122 137 147 146 143 136 123 118 137 143 139 119 121 120 119 129 120 121 123 118 122 124 118 113 113 112 112 120 126 165 147 210 266 214 179 157 165 157 162 151 131 104 112 94 89 87 89 92 97 111 106 116 134 135 -9999 -9999 -9999 -9999 -9999 -9999
-9999 -9999 -9999 -9999 -9999 -9999 -9999 -9999 -9999 115 118 116 122 119 126 129 125 121 135 117 126 138 166 156 134 126 124 111 126 135 124 115 128 123 120 122 118 125 124 118 123 125 126 120 114 115 119 127 139 246 226 234 237 165 153 184 168 163 157 144 140 114 121 94 103 96 104 113 141 116 128 133 128 -9999 -9999 -9999 -9999 -9999 -9999 -9999
-9999 -9999 -9999 -9999 -9999 -9999 -9999 -9999 -9999 -9999 -9999 113 113 115 119 118 118 111 120 117 133 142 144 143 135 126 112 107 110 114 110 107 114 112 118 120 115 116 117 121 125 125 127 117 115 117 125 135 141 229 269 260 219 149 150 166 159 145 136 126 134 130 124 123 94 93 120 110 128 161 163 148 126 -9999 -9999 -9999 -9999 -9999 -9999 -9999
-9999 -9999 -9999 -9999 -9999 -9999 -9999 -9999 -9999 -9999 -9999 -9999 108 110 110 110 111 108 117 123 124 123 123 121 119 119 107 107 110 117 106 115 106 109 115 108 110 117 124 130 126 121 119 117 122 126 128 131 143 263 292 294 180 152 149 143 139 132 120 114 120 130 141 99 94 120 117 121 163 202 195 138 -9999 -9999 -9999 -9999 -9999 -9999 -9999 -9999
-9999 -9999 -9999 -9999 -9999 -9999 -9999 -9999 -9999 -9999 -9999 -9999 -9999 -9999 -9999 104 103 105 108 108 108 108 107 112 114 108 99 102 107 111 108 105 106 107 107 103 106 112 117 118 112 111 116 125 127 128 132 139 164 236 281 289 199 157 151 143 125 116 111 109 112 128 116 99 114 114 149 151 193 248 183 142 -9999 -9999 -9999 -9999 -9999 -9999 -9999 -9999
-9999 -9999 -9999 -9999 -9999 -9999 -9999 -9999 -9999 -9999 -9999 -9999 -9999 -9999 -9999 -9999 -9999 -9999 -9999 -9999 -9999 101 103 106 108 100 98 106 109 113 106 106 105 104 106 106 106 113 113 107 109 115 120 126 131 136 141 165 255 289 301 221 166 157 145 132 116 109 106 106 110 128 112 102 114 126 139 156 210 227 177 169 -9999 -9999 -9999 -9999 -9999 -9999 -9999 -9999
-9999 -9999 -9999 -9999 -9999 -9999 -9999 -9999 -9999 -9999 -9999 -9999 -9999 -9999 -9999 -9999 -9999 -9999 -9999 -9999 -9999 -9999 -9999 98 97 97 103 102 107 111 102 105 106 109 110 116 116 114 119 105 114 117 126 133 136 141 155 167 219 221 281 209 173 154 136 119 109 105 101 101 105 116 109 114 126 132 152 155 176 161 150 -9999 -9999 -9999 -9999 -9999 -9999 -9999 -9999 -9999
-9999 -9999 -9999 -9999 -9999 -9999 -9999 -9999 -9999 -9999 -9999 -9999 -9999 -9999 -9999 -9999 -9999 -9999 -9999 -9999 -9999 -9999 -9999 -9999 96 99 102 105 105 102 102 103 111 119 122 120 113 111 105 109 128 133 132 141 140 149 151 164 202 281 240 190 171 149 131 116 107 105 101 104 104 109 114 118 127 147 164 173 162 145 -9999 -9999 -9999 -9999 -9999 -9999 -9999 -9999 -9999 -9999
-9999 -9999 -9999 -9999 -9999 -9999 -9999 -9999 -9999 -9999 -9999 -9999 -9999 -9999 -9999 -9999 -9999 -9999 -9999 -9999 -9999 -9999 -9999 -9999 -9999 98 99 98 102 102 103 112 116 115 115 110 104 109 122 131 142 137 143 139 151 147 154 169 239 235 216 195 174 149 129 116 110 110 107 112 102 108 119 141 136 152 172 174 159 162 -9999 -9999 -9999 -9999 -9999 -9999 -9999 -9999 -9999 -9999
-9999 -9999 -9999 -9999 -9999 -9999 -9999 -9999 -9999 -9999 -9999 -9999 -9999 -9999 -9999 -9999 -9999 -9999 -9999 -9999 -9999 -9999 -9999 -9999 -9999 -9999 96 98 99 102 105 109 113 112 109 103 109 117 121 124 127 138 146 139 152 147 159 200 220 226 199 183 170 146 132 121 126 114 120 105 109 119 138 148 149 158 165 182 160 152 -9999 -9999 -9999 -9999 -9999 -9999 -9999 -9999 -9999 -9999
-9999 -9999 -9999 -9999 -9999 -9999 -9999 -9999 -9999 -9999 -9999 -9999 -9999 -9999 -9999 -9999 -9999 -9999 -9999 -9999 -9999 -9999 -9999 -9999 -9999 -9999 -9999 98 99 101 104 107 109 108 103 107 112 117 119 119 123 133 131 147 134 144 185 230 234 197 183 164 148 139 128 144 166 149 134 109 118 133 147 148 160 158 179 170 152 146 -9999 -9999 -9999 -9999 -9999 -9999 -9999 -9999 -9999 -9999
-9999 -9999 -9999 -9999 -9999 -9999 -9999 -9999 -9999 -9999 -9999 -9999 -9999 -9999 -9999 -9999 -9999 -9999 -9999 -9999 -9999 -9999 -9999 -9999 -9999 -9999 -9999 -9999 97 99 102 104 106 102 100 108 106 113 113 112 118 128 141 131 134 171 217 233 185 166 149 144 139 131 149 161 160 122 106 103 106 116 140 149 156 156 168 161 156 -9999 -9999 -9999 -9999 -9999 -9999 -9999 -9999 -9999 -9999 -9999
-9999 -9999 -9999 -9999 -9999 -9999 -9999 -9999 -9999 -9999 -9999 -9999 -9999 -9999 -9999 -9999 -9999 -9999 -9999 -9999 -9999 -9999 -9999 -9999 -9999 -9999 -9999 -9999 98 97 98 100 100 99 104 107 104 109 105 110 120 133 129 128 172 225 221 183 162 147 132 137 132 143 168 157 166 138 121 119 113 115 121 132 145 153 151 158 -9999 -9999 -9999 -9999 -9999 -9999 -9999 -9999 -9999 -9999 -9999 -9999
-9999 -9999 -9999 -9999 -9999 -9999 -9999 -9999 -9999 -9999 -9999 -9999 -9999 -9999 -9999 -9999 -9999 -9999 -9999 -9999 -9999 -9999 -9999 -9999 -9999 -9999 -9999 -9999 -9999 96 96 97 98 98 101 107 101 99 100 105 119 134 122 153 223 214 182 154 137 126 119 121 126 137 148 161 157 160 143 123 116 120 125 140 136 139 138 -9999 -9999 -9999 -9999 -9999 -9999 -9999 -9999 -9999 -9999 -9999 -9999 -9999
-9999 -9999 -9999 -9999 -9999 -9999 -9999 -9999 -9999 -9999 -9999 -9999 -9999 -9999 -9999 -9999 -9999 -9999 -9999 -9999 -9999 -9999 -9999 -9999 -9999 -9999 -9999 -9999 -9999 95 96 98 99 97 98 101 97 96 98 105 122 129 125 171 199 159 144 136 119 119 129 143 146 141 168 166 178 171 154 127 123 126 150 142 128 -9999 -9999 -9999 -9999 -9999 -9999 -9999 -9999 -9999 -9999 -9999 -9999 -9999 -9999 -9999
