Electronic Materials (Flash Drives)/data/NZclimate/2050/miroc_8_2050/bio13nz.asc
ncols         384
nrows         384
xllcorner     164
yllcorner     -49
cellsize      0.041666666666667
NODATA_value  -9999
[rows 280 to 314 of 384, columns 80 to 159 of 384]
-9999 -9999 -9999 -9999 -9999 482 435 425 361 336 320 328 360 388 336 313 280 287 326 277 275 281 241 214 208 248 227 199 272 281 245 217 173 165 182 215 197 236 153 95 114 136 78 73 71 70 71 79 123 107 87 80 81 81 92 109 104 163 173 128 125 100 146 144 123 91 78 63 78 87 102 85 64 63 66 67 68 69 73 75
-9999 -9999 -9999 -9999 403 423 385 338 318 309 358 387 419 301 284 286 281 280 268 269 268 246 238 200 188 187 184 211 269 242 213 204 167 132 187 241 210 146 123 135 166 155 99 70 72 69 68 68 88 108 102 97 79 81 80 79 109 125 185 133 92 81 100 168 136 115 91 73 68 87 143 127 73 63 65 66 68 73 76 79
-9999 -9999 382 363 369 315 367 367 306 293 342 290 291 311 283 278 269 270 259 250 251 261 262 199 191 162 172 231 250 244 256 210 177 140 196 223 193 135 156 190 154 92 85 137 122 93 79 67 70 99 83 71 66 76 79 85 92 97 136 123 97 75 79 147 134 112 86 105 83 75 112 143 86 66 65 65 66 69 74 74
375 363 346 318 363 316 330 306 293 286 285 283 275 271 268 275 265 252 233 230 237 223 271 211 166 156 189 237 237 201 209 172 139 134 191 184 153 137 171 121 98 80 127 166 162 149 139 80 64 65 64 65 67 75 93 127 118 111 83 100 80 72 71 110 130 106 107 118 106 93 100 137 103 79 69 65 66 66 68 70
353 313 326 321 327 296 297 300 283 278 276 279 274 261 254 257 260 248 224 216 238 200 219 240 159 148 178 210 236 181 167 140 125 178 185 132 172 143 202 136 84 113 175 186 205 163 102 67 62 62 63 66 90 106 135 136 146 106 72 73 71 71 71 85 127 124 122 116 107 86 84 107 117 109 77 73 67 67 69 69
309 319 293 292 298 300 289 274 270 263 261 265 258 258 244 243 232 216 217 211 236 223 181 187 155 142 172 238 183 162 153 136 117 144 147 136 121 129 159 113 121 152 182 203 170 89 63 61 61 61 63 76 111 123 102 121 95 73 66 69 67 71 77 73 89 124 120 107 101 94 97 105 106 84 84 78 72 72 69 69
299 315 293 285 275 269 268 261 259 260 253 248 248 244 236 234 211 223 227 234 195 209 191 163 146 138 149 192 175 168 128 114 132 130 107 94 96 152 152 126 146 136 169 159 86 62 61 64 68 72 80 82 100 105 85 80 69 65 64 65 66 71 72 73 77 92 112 111 105 92 94 95 83 75 72 75 75 71 69 71
281 288 287 276 266 261 259 250 247 248 244 230 226 237 211 222 199 229 208 236 211 172 172 222 164 132 127 149 177 142 127 133 101 87 83 80 81 104 137 143 116 104 136 103 63 61 63 79 101 120 120 100 90 82 66 62 62 61 61 68 74 68 68 69 70 75 76 74 69 66 68 75 93 83 79 73 72 71 72 72
273 269 263 256 251 248 250 242 244 227 236 221 211 208 206 216 192 201 219 231 205 179 179 214 190 128 122 182 169 117 151 115 97 86 90 109 109 96 80 85 81 83 82 78 61 61 72 108 142 153 126 88 67 61 60 60 60 60 63 72 63 66 72 67 66 67 67 65 64 62 64 74 104 93 86 79 78 77 76 74
262 257 258 253 246 237 247 233 221 214 216 204 196 192 213 185 181 200 211 207 215 153 191 192 167 122 115 132 112 102 96 90 85 82 100 213 195 141 111 97 74 96 80 61 60 64 87 117 141 101 73 61 60 59 58 57 59 60 60 59 65 79 66 61 60 61 61 60 61 59 60 66 91 107 94 81 79 81 81 80
253 252 241 238 236 224 220 229 224 207 189 179 173 168 173 167 205 205 192 190 195 146 170 185 142 119 110 106 101 104 120 160 87 80 114 191 194 151 118 93 98 103 88 63 62 76 70 66 80 66 60 58 58 57 56 58 61 58 59 63 80 70 60 56 56 56 56 56 57 57 59 64 72 99 89 91 85 85 88 83
242 249 239 222 215 209 200 194 198 201 180 160 154 153 152 158 180 187 206 157 159 191 150 174 129 138 134 133 150 152 163 135 106 80 114 184 198 162 125 95 109 120 107 70 65 81 91 59 60 57 57 56 55 58 62 61 57 57 60 75 81 66 56 54 53 53 52 52 54 55 57 62 69 82 99 91 97 90 87 82
248 238 229 228 226 219 205 183 171 163 153 145 141 141 141 149 175 162 193 143 172 178 171 124 134 159 168 154 165 136 123 101 93 79 123 186 183 167 114 84 93 123 106 84 75 68 68 56 54 55 54 54 55 58 65 57 57 59 68 82 81 68 55 53 52 51 50 50 53 54 56 62 72 74 82 99 98 90 88 89
235 218 229 229 222 222 219 200 162 151 144 136 133 132 139 144 172 144 184 165 148 156 148 121 132 180 156 134 120 134 125 153 128 80 112 153 186 153 97 97 116 158 136 110 85 77 62 55 54 54 54 54 56 60 61 58 58 62 67 76 84 64 54 52 52 51 52 57 67 64 58 65 77 73 72 79 83 84 88 88
233 204 211 206 217 218 203 198 175 143 136 130 128 127 133 132 137 165 158 172 142 148 123 137 163 171 146 150 151 152 145 133 155 83 90 158 163 125 110 138 146 169 151 129 122 101 66 57 55 56 57 56 57 60 64 64 65 71 76 79 80 60 54 53 54 56 67 80 81 70 59 64 72 77 74 70 77 84 88 89
226 211 187 195 177 203 201 193 171 136 129 124 125 122 122 141 128 137 143 145 121 118 141 183 157 161 164 168 157 134 105 120 123 83 96 152 128 99 135 154 160 147 148 134 144 124 74 60 59 64 60 61 68 67 69 69 73 79 80 86 73 55 55 56 67 79 96 102 93 68 58 67 70 76 77 71 71 74 80 84
218 220 218 204 182 165 152 142 135 129 122 119 117 120 117 121 120 131 117 128 126 117 153 179 146 127 125 122 105 101 100 106 83 97 142 128 98 126 152 161 141 138 130 148 141 122 70 61 64 75 71 75 72 72 75 77 83 83 93 89 69 58 59 60 78 94 105 105 79 59 60 68 74 71 73 76 77 74 71 76
196 203 217 197 187 204 188 150 128 122 118 115 114 112 124 120 126 119 120 129 115 155 146 160 157 120 105 124 103 90 90 85 84 99 138 108 120 137 155 154 133 115 114 126 146 116 71 60 67 74 80 79 78 76 76 77 86 97 93 79 67 65 65 71 96 110 106 77 61 60 66 71 71 72 75 77 80 80 74 70
192 193 205 197 183 164 158 136 124 118 115 112 110 109 119 115 115 105 106 111 149 145 153 164 135 137 102 115 105 93 91 93 83 87 107 125 138 145 143 125 122 99 97 116 127 118 75 60 60 69 83 81 80 80 78 79 86 85 79 69 66 68 76 90 103 110 76 61 61 64 72 69 70 76 78 81 80 81 80 73
179 176 179 156 149 139 132 129 120 116 112 110 107 106 108 105 103 103 102 114 131 119 135 135 110 111 108 93 92 92 87 89 84 94 96 113 132 140 132 115 104 83 79 105 106 109 74 59 61 71 80 85 86 83 82 80 79 76 72 67 72 81 89 100 106 81 62 62 64 69 71 70 73 77 85 84 83 81 79 74
182 172 154 147 141 135 129 123 117 113 109 106 104 104 103 100 107 107 101 102 101 110 105 101 102 100 95 92 90 87 89 92 86 88 99 103 116 110 113 109 86 79 90 96 97 95 74 61 66 71 72 74 83 86 80 78 80 74 76 82 89 85 86 91 92 64 63 64 65 68 72 72 76 83 88 84 84 83 81 76
185 161 184 169 140 132 126 121 115 111 109 105 103 101 101 105 107 100 98 95 103 110 96 100 95 92 91 91 98 96 91 88 94 105 100 105 99 85 84 84 78 98 117 101 88 96 90 65 68 69 72 74 78 80 78 77 86 82 84 87 86 84 85 87 75 64 65 65 67 69 72 74 81 85 86 88 87 88 82 78
161 190 189 190 151 131 128 123 114 110 108 111 117 125 119 122 134 99 98 94 95 103 94 92 92 91 91 93 115 104 95 91 104 95 95 92 88 82 82 80 89 108 109 96 86 96 93 69 66 69 70 75 83 85 83 86 94 92 89 94 92 83 74 69 67 67 68 68 69 70 74 77 82 87 87 90 89 82 77 74
159 200 176 169 173 140 127 128 112 108 123 153 160 157 145 109 116 98 95 94 93 92 93 92 92 91 91 97 97 101 99 91 98 92 90 90 86 84 84 86 91 100 95 85 83 85 82 74 69 68 70 74 78 87 91 99 100 94 99 98 90 78 76 74 75 74 73 72 73 74 76 80 85 86 91 92 91 87 82 77
172 185 185 161 187 143 119 115 111 111 148 158 161 140 116 103 111 99 94 94 93 92 92 92 92 92 93 96 94 95 94 89 92 92 89 87 87 86 90 88 99 91 89 87 88 87 83 79 74 75 72 74 74 77 85 100 101 100 102 97 87 78 77 74 74 76 75 75 75 76 78 80 86 92 96 98 97 93 91 82
163 183 171 142 142 128 118 115 111 114 140 157 162 144 115 104 100 96 94 94 93 94 96 96 94 93 93 94 94 92 92 90 89 89 88 88 88 88 90 95 99 93 91 89 90 89 88 84 81 83 78 75 75 77 83 90 97 102 101 95 85 85 84 82 81 82 83 82 81 80 81 84 89 95 99 103 106 87 81 78
159 180 178 137 124 120 117 112 108 112 146 152 135 132 104 110 104 102 97 93 93 93 97 96 95 94 94 93 94 93 92 90 90 89 88 90 95 91 93 93 98 95 91 87 87 88 86 83 82 82 81 82 79 80 80 86 88 92 96 95 88 85 83 82 81 81 83 83 83 84 84 87 93 99 105 106 111 97 101 87
149 177 153 129 125 122 116 113 109 105 110 117 110 105 103 107 107 103 96 93 94 95 94 96 96 95 95 95 94 94 93 91 90 89 89 90 92 95 94 94 95 93 92 91 91 88 87 86 84 84 84 82 82 79 81 85 86 86 87 85 83 83 85 85 85 85 85 84 83 84 86 91 95 100 108 108 115 113 94 77
143 166 139 132 136 123 118 113 108 105 101 100 101 103 103 101 106 98 93 93 97 100 94 94 95 97 99 98 96 95 94 93 91 90 90 90 91 94 92 94 97 93 93 91 88 86 86 86 87 91 90 86 82 80 79 79 83 87 87 84 84 85 86 88 89 90 95 90 80 83 86 86 88 95 111 109 98 103 91 87
159 141 142 142 128 123 117 114 109 106 102 100 99 100 99 98 100 99 93 93 97 99 94 94 96 99 105 104 101 97 96 95 92 91 91 91 93 94 94 93 94 92 93 91 89 88 88 88 94 97 91 86 84 83 80 77 77 79 83 84 83 87 91 89 91 92 93 82 81 83 85 87 94 92 98 96 89 92 102 90
164 150 137 129 126 121 117 114 112 107 103 102 101 100 98 96 96 94 93 93 98 100 96 94 97 101 107 107 109 106 99 95 94 94 93 93 93 96 95 94 94 94 94 92 92 91 90 98 102 96 90 85 84 83 79 77 78 77 77 78 82 90 94 91 82 78 76 79 81 85 90 90 94 91 93 -9999 -9999 -9999 -9999 -9999
144 137 133 130 126 122 118 115 113 109 105 105 103 103 100 99 96 94 93 93 95 97 99 95 96 102 109 107 112 112 112 110 105 102 98 96 95 96 97 97 96 96 95 94 95 92 94 100 95 93 87 83 81 80 78 80 81 76 74 76 86 91 92 89 79 75 76 79 82 87 87 -9999 -9999 -9999 -9999 -9999 -9999 -9999 -9999 -9999
141 137 133 130 127 123 119 116 114 113 109 109 107 105 103 102 100 96 93 93 93 93 94 95 96 99 106 112 116 116 116 113 112 109 107 108 105 100 99 100 99 99 99 98 97 94 97 95 92 87 84 81 78 77 79 80 78 77 78 80 83 83 83 80 76 74 78 83 83 84 -9999 -9999 -9999 -9999 -9999 -9999 -9999 -9999 -9999 -9999
141 137 134 131 127 124 120 117 116 115 113 113 112 109 110 108 104 99 93 92 92 93 93 94 96 97 101 106 108 116 118 117 117 116 116 112 112 106 102 102 101 102 101 103 101 98 97 94 90 86 82 79 76 75 76 76 77 81 83 77 77 79 76 75 76 82 84 86 82 81 -9999 -9999 -9999 -9999 -9999 -9999 -9999 -9999 -9999 -9999
145 137 134 131 128 125 122 120 118 117 115 114 112 112 115 114 110 103 95 93 93 93 93 94 96 99 100 102 108 116 119 120 119 119 115 111 108 107 105 107 108 106 104 104 102 100 99 95 92 87 82 78 74 73 74 75 77 80 81 76 73 73 73 73 77 88 87 81 81 -9999 -9999 -9999 -9999 -9999 -9999 -9999 -9999 -9999 -9999 -9999
