Electronic Materials (Flash Drives)/data/NZclimate/2050/miroc_8_2050/bio13nz.asc
ncols         384
nrows         384
xllcorner     164
yllcorner     -49
cellsize      0.041666666666667
NODATA_value  -9999
[rows 105 to 139 of 384, columns 240 to 319 of 384]
-9999 -9999 -9999 -9999 -9999 -9999 -9999 -9999 -9999 -9999 -9999 -9999 -9999 -9999 -9999 -9999 158 171 197 187 180 170 161 161 151 143 140 134 132 138 141 160 205 197 142 125 127 129 135 144 171 284 264 266 259 278 250 -9999 -9999 -9999 -9999 -9999 -9999 -9999 -9999 -9999 -9999 -9999 -9999 -9999 -9999 -9999 -9999 -9999 -9999 -9999 -9999 -9999 -9999 -9999 -9999 -9999 -9999 -9999 -9999 -9999 -9999 -9999 -9999 -9999
-9999 -9999 -9999 -9999 -9999 -9999 -9999 -9999 -9999 -9999 -9999 -9999 -9999 -9999 -9999 -9999 166 175 189 185 181 174 173 156 149 142 136 134 134 139 157 155 179 215 203 142 125 128 133 154 209 267 243 260 263 264 223 211 -9999 -9999 -9999 -9999 -9999 -9999 -9999 -9999 -9999 -9999 -9999 -9999 -9999 -9999 -9999 -9999 -9999 -9999 -9999 -9999 -9999 -9999 -9999 -9999 -9999 -9999 -9999 -9999 -9999 -9999 -9999 -9999
-9999 -9999 -9999 -9999 -9999 -9999 -9999 -9999 -9999 -9999 -9999 -9999 -9999 -9999 -9999 -9999 -9999 173 171 170 181 173 170 159 150 144 141 138 137 137 142 147 213 176 165 149 124 126 130 138 175 290 290 330 297 269 213 207 211 -9999 -9999 -9999 -9999 -9999 -9999 -9999 -9999 -9999 -9999 -9999 -9999 -9999 -9999 -9999 -9999 -9999 -9999 -9999 -9999 -9999 -9999 -9999 -9999 -9999 -9999 -9999 -9999 -9999 -9999 -9999
-9999 -9999 -9999 -9999 -9999 -9999 -9999 -9999 -9999 -9999 -9999 -9999 -9999 -9999 -9999 -9999 -9999 164 168 182 186 179 168 160 158 150 149 145 144 151 139 134 139 134 136 139 123 124 128 135 154 293 343 335 293 233 210 203 204 201 -9999 -9999 -9999 -9999 -9999 -9999 -9999 -9999 -9999 -9999 -9999 -9999 -9999 -9999 -9999 -9999 -9999 -9999 -9999 -9999 -9999 -9999 -9999 -9999 -9999 183 200 -9999 -9999 -9999
-9999 -9999 -9999 -9999 -9999 -9999 -9999 -9999 -9999 -9999 -9999 -9999 -9999 -9999 -9999 -9999 -9999 -9999 176 186 185 183 167 172 182 162 153 151 157 147 139 135 134 134 154 147 124 124 127 137 153 199 248 343 288 216 200 197 197 195 194 -9999 -9999 -9999 -9999 -9999 -9999 -9999 -9999 -9999 -9999 -9999 -9999 -9999 -9999 -9999 -9999 -9999 -9999 -9999 -9999 -9999 -9999 -9999 -9999 -9999 -9999 -9999 -9999 -9999
-9999 -9999 -9999 -9999 -9999 -9999 -9999 -9999 -9999 -9999 -9999 -9999 -9999 -9999 -9999 -9999 -9999 -9999 177 175 182 180 178 190 194 173 167 171 158 146 142 137 134 132 135 132 126 124 128 138 152 170 188 251 284 219 199 193 191 191 185 180 -9999 -9999 -9999 -9999 -9999 178 188 -9999 -9999 -9999 -9999 -9999 -9999 -9999 -9999 -9999 -9999 -9999 -9999 -9999 -9999 -9999 -9999 -9999 -9999 -9999 -9999 -9999
-9999 -9999 -9999 -9999 -9999 -9999 -9999 -9999 -9999 -9999 -9999 -9999 -9999 -9999 -9999 -9999 -9999 -9999 -9999 175 174 177 187 187 185 187 186 173 153 148 143 138 136 134 131 131 131 127 130 135 148 164 181 221 309 245 210 197 190 183 179 173 169 165 -9999 -9999 -9999 182 186 -9999 -9999 -9999 -9999 -9999 -9999 -9999 -9999 -9999 -9999 -9999 -9999 -9999 -9999 -9999 -9999 -9999 -9999 -9999 -9999 -9999
-9999 -9999 -9999 -9999 -9999 -9999 -9999 -9999 -9999 -9999 -9999 -9999 -9999 -9999 -9999 -9999 -9999 -9999 -9999 180 175 176 185 182 191 200 185 161 155 149 145 140 136 134 132 131 138 131 135 138 145 157 170 180 284 289 251 227 206 189 179 174 165 166 169 172 -9999 -9999 -9999 -9999 -9999 -9999 -9999 -9999 -9999 -9999 -9999 -9999 -9999 -9999 -9999 -9999 -9999 -9999 -9999 -9999 -9999 -9999 -9999 -9999
-9999 -9999 -9999 -9999 -9999 -9999 -9999 -9999 -9999 -9999 -9999 -9999 -9999 -9999 -9999 -9999 -9999 -9999 -9999 177 177 183 175 177 195 205 172 158 155 150 145 140 137 135 133 149 143 135 137 139 146 151 160 168 196 292 283 258 239 216 182 176 179 185 191 171 172 171 -9999 168 -9999 -9999 -9999 -9999 -9999 -9999 -9999 -9999 -9999 -9999 -9999 -9999 -9999 -9999 -9999 -9999 -9999 -9999 -9999 -9999
-9999 -9999 -9999 -9999 -9999 -9999 -9999 -9999 -9999 -9999 -9999 -9999 -9999 -9999 -9999 -9999 -9999 -9999 -9999 -9999 184 174 167 178 216 206 166 159 154 151 146 140 137 135 134 142 161 162 144 142 147 147 152 159 169 281 288 270 241 194 195 198 229 236 213 174 170 170 168 169 165 -9999 -9999 -9999 -9999 -9999 -9999 -9999 -9999 -9999 -9999 -9999 -9999 -9999 -9999 -9999 -9999 -9999 -9999 -9999
-9999 -9999 -9999 -9999 -9999 -9999 -9999 -9999 -9999 -9999 -9999 -9999 -9999 -9999 -9999 -9999 -9999 -9999 170 184 175 177 174 177 202 204 178 160 156 152 147 141 137 135 134 146 177 178 197 161 153 147 146 153 169 263 286 240 232 223 225 233 258 273 223 197 181 171 166 164 164 163 163 -9999 -9999 -9999 -9999 -9999 -9999 -9999 -9999 -9999 -9999 -9999 -9999 -9999 -9999 -9999 -9999 -9999
-9999 -9999 -9999 -9999 -9999 -9999 -9999 -9999 -9999 -9999 -9999 -9999 -9999 -9999 -9999 -9999 -9999 -9999 248 259 205 196 205 215 184 204 202 163 157 154 149 143 138 136 134 133 157 166 184 192 159 144 145 150 159 214 277 241 233 241 249 257 261 250 241 218 194 177 173 172 171 175 167 165 166 160 -9999 -9999 -9999 -9999 -9999 162 -9999 -9999 -9999 -9999 -9999 -9999 -9999 -9999
-9999 -9999 -9999 -9999 -9999 -9999 -9999 -9999 -9999 -9999 -9999 -9999 -9999 -9999 -9999 -9999 -9999 -9999 202 216 209 229 243 270 205 203 188 166 160 155 152 145 140 137 134 134 134 145 162 157 149 144 147 152 158 185 259 260 251 256 259 263 269 264 250 227 197 191 190 190 187 185 188 180 193 206 164 159 157 157 -9999 -9999 -9999 -9999 -9999 -9999 -9999 -9999 -9999 -9999
-9999 -9999 -9999 -9999 -9999 -9999 -9999 -9999 -9999 -9999 -9999 -9999 -9999 -9999 -9999 -9999 -9999 -9999 187 191 189 216 224 251 236 245 216 183 164 159 153 148 144 140 136 136 151 137 144 151 152 152 149 153 161 188 259 254 259 261 271 265 259 251 240 222 210 215 216 206 215 207 199 205 235 188 164 161 159 159 163 166 170 -9999 -9999 -9999 -9999 -9999 -9999 -9999
-9999 -9999 -9999 -9999 -9999 -9999 -9999 -9999 -9999 -9999 -9999 -9999 -9999 -9999 -9999 -9999 -9999 -9999 199 187 176 198 242 272 274 305 315 250 172 162 158 152 146 141 137 138 165 155 159 148 155 161 153 154 166 189 229 259 263 263 263 256 249 238 230 227 220 230 232 234 249 251 251 266 251 187 170 167 164 164 166 172 184 172 169 167 168 163 158 160
-9999 -9999 -9999 -9999 -9999 -9999 -9999 -9999 -9999 -9999 -9999 -9999 -9999 -9999 -9999 -9999 -9999 -9999 176 187 188 221 242 234 269 309 302 255 186 164 158 153 149 144 142 167 188 251 209 153 154 166 157 158 170 187 211 240 255 256 253 246 231 224 222 220 215 222 235 254 259 271 276 267 212 181 177 172 171 181 179 176 197 178 174 170 167 166 159 160
-9999 -9999 -9999 -9999 -9999 -9999 -9999 -9999 -9999 -9999 -9999 -9999 -9999 -9999 -9999 -9999 -9999 -9999 182 186 180 182 195 225 265 279 254 204 172 173 167 155 148 145 146 157 184 193 171 152 154 159 162 166 175 191 213 234 242 246 241 220 198 187 187 188 205 229 236 254 269 265 261 218 193 190 182 176 188 192 183 180 189 191 188 178 176 183 164 162
-9999 -9999 -9999 -9999 -9999 -9999 -9999 -9999 -9999 -9999 -9999 -9999 -9999 -9999 -9999 -9999 184 229 181 178 181 190 195 233 259 253 229 200 180 171 161 158 156 145 144 151 161 161 158 158 159 164 168 171 177 186 200 222 234 238 234 203 220 179 172 173 214 243 241 267 253 246 245 208 191 206 190 183 195 183 181 182 186 189 187 181 185 213 177 188
-9999 -9999 -9999 -9999 -9999 -9999 -9999 -9999 -9999 -9999 -9999 -9999 -9999 -9999 -9999 -9999 200 204 210 192 205 240 227 257 270 239 212 207 183 168 164 163 160 150 154 158 155 160 165 159 170 170 172 174 177 186 193 197 222 236 239 209 191 168 167 185 212 198 239 273 212 195 187 183 192 203 201 187 205 186 179 181 188 187 184 185 193 226 195 212
-9999 -9999 -9999 -9999 -9999 -9999 -9999 -9999 -9999 -9999 -9999 -9999 -9999 -9999 -9999 -9999 179 202 226 259 236 261 248 282 287 248 234 222 176 166 161 159 155 162 161 162 160 167 174 176 171 178 178 179 179 186 196 205 221 237 244 223 197 178 174 209 198 177 181 200 210 197 191 191 207 208 195 181 198 199 192 182 194 192 185 211 208 252 199 201
-9999 -9999 -9999 -9999 -9999 -9999 -9999 -9999 -9999 -9999 -9999 -9999 -9999 -9999 -9999 -9999 -9999 223 242 260 267 278 275 290 279 246 217 188 172 162 160 158 173 165 172 180 186 180 200 191 175 184 187 185 180 182 186 198 212 224 213 209 178 169 176 183 199 178 171 224 266 223 201 200 208 200 182 170 183 213 228 195 203 218 193 224 210 237 209 198
-9999 -9999 -9999 -9999 -9999 -9999 -9999 -9999 -9999 -9999 -9999 -9999 -9999 -9999 -9999 -9999 -9999 232 213 231 249 263 268 268 267 228 203 182 173 174 172 194 175 170 188 201 201 198 203 184 170 179 187 190 181 181 185 188 196 199 183 184 161 161 172 196 188 169 164 175 192 193 192 193 192 181 168 164 190 214 224 206 190 210 187 223 225 254 214 201
-9999 -9999 -9999 -9999 -9999 -9999 -9999 -9999 -9999 -9999 -9999 -9999 -9999 -9999 -9999 -9999 184 217 252 269 278 274 273 272 263 235 204 183 189 189 194 206 174 192 235 229 227 216 195 179 166 169 178 178 173 178 191 174 165 168 165 159 154 151 155 166 176 163 162 169 173 176 176 180 177 164 156 162 202 215 220 184 177 190 195 199 209 265 240 200
-9999 -9999 -9999 -9999 -9999 -9999 -9999 -9999 -9999 -9999 -9999 -9999 -9999 -9999 -9999 187 257 227 282 295 282 277 274 273 260 231 191 197 189 201 202 196 185 218 261 271 257 226 192 172 167 165 160 154 165 196 186 157 152 150 162 158 147 157 171 163 151 149 161 170 173 169 170 170 165 156 150 154 227 222 210 181 177 199 206 217 228 277 230 219
-9999 -9999 -9999 -9999 -9999 -9999 -9999 -9999 -9999 -9999 -9999 -9999 -9999 -9999 -9999 209 264 262 307 300 284 277 271 266 250 230 211 199 200 192 190 187 194 212 235 243 255 224 194 175 165 158 152 162 191 193 154 151 148 147 151 150 154 182 182 141 137 142 157 164 169 168 165 165 157 151 149 153 214 227 200 182 178 205 205 214 265 265 226 232
-9999 -9999 -9999 -9999 -9999 -9999 -9999 -9999 -9999 -9999 -9999 -9999 -9999 -9999 -9999 228 258 289 306 297 283 274 262 254 236 209 207 198 197 194 192 187 204 203 214 215 225 220 205 184 166 155 152 152 166 155 150 149 175 156 157 147 161 164 144 136 136 142 156 163 168 168 163 158 153 150 154 208 194 214 181 193 183 218 202 229 266 243 235 240
-9999 -9999 -9999 -9999 -9999 -9999 -9999 -9999 -9999 -9999 -9999 -9999 -9999 -9999 -9999 218 239 277 312 285 277 268 248 242 214 209 206 196 191 187 187 187 191 190 196 201 216 215 212 196 175 166 162 163 182 171 162 158 188 179 173 142 145 147 138 135 136 143 154 164 168 166 162 160 154 155 170 246 197 220 194 191 199 212 233 230 278 275 256 257
-9999 -9999 -9999 -9999 -9999 -9999 -9999 -9999 -9999 -9999 -9999 -9999 -9999 -9999 -9999 222 266 293 318 273 261 244 240 230 206 205 197 202 203 197 196 184 181 205 193 196 210 217 236 234 238 188 167 169 177 177 163 164 181 169 153 146 136 136 138 134 137 148 159 165 164 162 164 160 166 165 177 206 207 204 190 185 226 222 220 235 298 305 296 273
-9999 -9999 -9999 -9999 -9999 -9999 -9999 -9999 -9999 -9999 -9999 -9999 -9999 -9999 -9999 217 262 278 303 266 227 209 207 204 195 195 190 186 196 198 194 186 193 185 179 202 209 222 274 272 214 182 171 173 191 199 177 175 168 163 153 144 141 138 137 137 144 161 173 167 160 160 162 165 175 175 175 209 235 229 219 194 226 234 226 278 289 284 273 258
-9999 -9999 -9999 -9999 -9999 -9999 -9999 -9999 -9999 -9999 -9999 -9999 -9999 -9999 178 229 240 256 222 219 219 191 190 197 190 188 203 182 184 198 191 170 158 159 171 184 196 241 278 253 208 177 171 177 184 177 182 176 161 151 146 142 139 139 135 139 160 173 176 168 162 164 163 180 175 171 172 202 204 220 197 207 250 270 292 314 288 258 253 255
-9999 -9999 -9999 -9999 -9999 -9999 -9999 -9999 -9999 -9999 -9999 -9999 -9999 -9999 176 206 222 234 243 266 257 193 206 196 210 214 207 198 201 207 180 159 158 167 181 183 231 284 288 242 202 182 168 165 162 158 152 167 163 150 144 147 141 140 145 162 169 174 174 171 170 170 177 186 176 169 189 208 223 211 199 221 272 283 315 301 268 258 253 209
-9999 -9999 -9999 -9999 -9999 -9999 -9999 -9999 -9999 -9999 -9999 -9999 -9999 -9999 176 200 195 195 217 210 232 212 231 228 224 197 201 190 187 176 169 167 169 188 196 221 245 265 219 194 181 176 157 145 142 143 155 151 151 139 145 171 151 151 160 176 176 173 173 175 176 181 193 187 176 198 237 241 243 220 255 282 283 252 297 296 294 269 248 214
-9999 -9999 -9999 -9999 -9999 -9999 -9999 -9999 -9999 -9999 -9999 -9999 -9999 -9999 178 195 209 221 233 238 222 231 238 224 211 190 185 181 174 173 165 162 156 184 233 263 289 246 221 199 186 165 143 141 140 140 139 141 142 138 148 160 165 164 177 178 175 173 176 180 188 199 217 193 187 236 233 229 208 232 273 271 251 234 254 270 256 254 245 213
-9999 -9999 -9999 -9999 -9999 -9999 -9999 -9999 -9999 -9999 -9999 -9999 -9999 -9999 193 209 207 216 236 261 268 261 244 209 201 180 177 174 186 167 171 169 160 184 254 272 262 278 261 222 182 156 143 142 141 141 140 140 139 138 147 156 170 180 180 177 178 177 180 186 203 212 228 204 219 245 224 249 222 257 238 239 221 224 219 233 253 225 191 197
-9999 -9999 -9999 -9999 -9999 -9999 -9999 -9999 -9999 -9999 -9999 -9999 -9999 174 187 198 206 229 255 271 272 256 230 206 188 191 209 203 192 162 166 156 153 178 180 195 236 287 284 239 186 172 172 159 142 142 142 141 142 149 151 159 175 186 187 180 181 185 187 198 212 221 238 234 246 263 265 263 194 238 225 239 247 259 225 197 202 195 185 183
