Electronic Materials (Flash Drives)/data/NZclimate/2050/miroc_8_2050/bio13nz.asc
ncols         384
nrows         384
xllcorner     164
yllcorner     -49
cellsize      0.041666666666667
NODATA_value  -9999
[rows 210 to 244 of 384, columns 160 to 239 of 384]
-9999 -9999 -9999 -9999 -9999 -9999 -9999 -9999 -9999 -9999 -9999 -9999 -9999 -9999 -9999 -9999 -9999 -9999 220 221 215 214 210 212 227 296 304 294 273 237 246 250 220 261 237 219 203 201 190 182 192 186 210 201 201 201 193 189 182 175 167 164 160 154 149 137 155 158 132 127 118 115 133 185 123 99 111 99 115 91 95 128 123 132 148 103 88 93 101 101
-9999 -9999 -9999 -9999 -9999 -9999 -9999 -9999 -9999 -9999 -9999 -9999 -9999 -9999 -9999 -9999 -9999 -9999 219 219 216 218 215 214 273 281 253 264 241 226 235 238 231 228 226 224 215 198 204 184 189 181 199 183 201 202 189 186 179 174 170 163 158 174 145 155 181 147 125 150 115 119 163 144 104 112 103 109 102 107 120 151 113 96 92 93 95 98 105 100
-9999 -9999 -9999 -9999 -9999 -9999 -9999 -9999 -9999 -9999 -9999 -9999 -9999 -9999 -9999 -9999 -9999 -9999 217 220 221 232 276 312 265 242 245 222 225 225 223 218 239 282 268 236 226 200 200 189 209 196 208 183 197 197 191 176 176 179 192 175 182 174 149 189 182 177 132 143 119 195 174 119 104 122 105 135 105 97 104 115 91 91 98 97 112 116 120 106
-9999 -9999 -9999 -9999 -9999 -9999 -9999 -9999 -9999 -9999 -9999 -9999 -9999 -9999 -9999 -9999 -9999 -9999 221 224 230 261 329 365 295 302 258 243 251 218 216 217 251 296 283 237 247 205 205 189 211 204 210 189 194 190 187 173 169 216 204 166 205 164 163 202 168 146 181 123 147 182 128 132 142 127 139 121 113 88 83 88 95 119 119 118 115 103 108 105
-9999 -9999 -9999 -9999 -9999 -9999 -9999 -9999 -9999 -9999 -9999 -9999 -9999 -9999 -9999 -9999 -9999 221 251 239 243 328 376 347 290 344 268 274 251 209 213 223 274 296 264 246 204 220 219 205 212 219 206 203 187 194 190 176 180 217 192 172 189 149 169 175 191 159 142 127 158 185 181 178 165 113 104 101 89 85 115 119 129 187 117 106 100 103 105 104
-9999 -9999 -9999 -9999 -9999 -9999 -9999 -9999 -9999 -9999 -9999 -9999 -9999 -9999 -9999 -9999 -9999 242 271 246 257 357 378 319 346 346 321 265 215 206 214 261 301 293 277 248 201 228 254 217 205 205 192 184 181 206 203 184 182 212 181 197 179 147 173 211 206 174 169 188 162 181 161 176 170 114 89 98 94 108 224 248 206 146 106 96 98 111 104 95
-9999 -9999 -9999 -9999 -9999 -9999 -9999 -9999 -9999 -9999 -9999 -9999 -9999 -9999 -9999 -9999 237 261 276 269 291 375 374 371 359 340 303 227 204 211 227 267 276 288 284 260 222 235 238 210 190 200 201 187 174 214 184 219 187 217 218 209 185 141 175 185 193 181 195 145 136 137 142 173 95 86 89 125 133 183 229 263 164 100 98 99 109 98 98 94
-9999 -9999 -9999 -9999 -9999 -9999 -9999 -9999 -9999 -9999 -9999 -9999 -9999 -9999 -9999 -9999 265 298 251 271 373 389 380 361 371 353 257 217 204 218 261 281 275 283 281 267 222 229 211 209 210 214 225 195 183 234 192 214 223 220 184 173 157 163 154 191 152 185 163 126 120 131 96 85 89 99 89 132 198 217 118 107 99 99 103 106 103 103 98 86
-9999 -9999 -9999 -9999 -9999 -9999 -9999 -9999 -9999 -9999 -9999 -9999 -9999 -9999 -9999 234 269 255 281 351 392 364 354 369 352 282 230 244 203 246 263 274 293 276 274 274 226 202 206 203 201 226 231 198 178 231 207 225 222 224 186 193 215 157 156 151 125 134 116 110 109 94 89 101 112 123 141 213 136 119 95 99 102 117 125 104 111 105 95 -9999
-9999 -9999 -9999 -9999 -9999 -9999 -9999 -9999 -9999 -9999 -9999 -9999 -9999 -9999 -9999 236 254 294 325 375 396 368 367 330 254 227 232 249 250 260 268 265 258 274 279 272 234 199 208 218 214 211 247 210 176 221 228 199 195 225 189 169 168 150 129 143 123 117 107 147 105 104 123 148 121 120 177 108 94 98 100 108 162 214 117 106 108 104 94 -9999
-9999 -9999 -9999 -9999 -9999 -9999 -9999 -9999 -9999 -9999 -9999 -9999 -9999 -9999 -9999 240 297 328 371 397 376 371 292 255 228 227 240 264 291 298 245 293 289 280 276 270 230 199 202 212 213 213 247 229 178 198 238 180 198 179 173 183 184 150 127 134 140 117 129 134 138 132 125 102 94 89 96 99 99 95 130 142 257 146 108 111 111 107 -9999 -9999
-9999 -9999 -9999 -9999 -9999 -9999 -9999 -9999 -9999 -9999 -9999 -9999 -9999 -9999 -9999 250 351 404 408 367 301 281 262 238 220 245 243 283 313 309 276 290 292 277 275 262 224 201 204 210 208 208 241 195 213 218 202 161 189 167 164 179 177 161 137 176 145 108 118 112 112 108 101 105 98 97 96 95 100 130 227 214 166 112 111 112 107 -9999 -9999 -9999
-9999 -9999 -9999 -9999 -9999 -9999 -9999 -9999 -9999 -9999 -9999 -9999 -9999 -9999 -9999 334 419 426 377 316 264 256 234 218 217 234 263 305 324 319 307 282 290 279 267 259 218 210 217 209 232 210 228 239 207 165 175 161 184 184 148 178 180 154 144 130 114 110 127 106 131 161 105 98 99 101 97 125 142 166 148 123 114 122 124 122 -9999 -9999 -9999 -9999
-9999 -9999 -9999 -9999 -9999 -9999 -9999 -9999 -9999 -9999 -9999 -9999 -9999 -9999 312 396 428 412 343 280 250 236 224 240 263 238 260 291 294 310 303 297 286 274 261 247 214 211 207 204 205 216 206 199 199 186 147 154 162 178 147 149 165 156 141 120 112 140 120 139 121 108 100 97 100 101 112 128 118 111 119 116 142 130 -9999 -9999 -9999 -9999 -9999 -9999
-9999 -9999 -9999 -9999 -9999 -9999 -9999 -9999 -9999 -9999 -9999 -9999 -9999 252 326 416 429 337 301 261 258 258 260 284 308 269 260 273 280 293 290 296 287 274 261 235 217 211 208 216 206 195 205 188 174 170 143 158 171 177 143 136 129 127 130 116 132 124 130 133 107 114 106 114 109 108 115 118 120 125 132 135 124 -9999 -9999 -9999 -9999 -9999 -9999 -9999
-9999 -9999 -9999 -9999 -9999 -9999 -9999 -9999 -9999 -9999 -9999 -9999 -9999 286 297 396 420 305 278 286 305 318 313 295 295 309 315 315 318 320 300 286 283 269 248 230 227 217 215 201 211 187 204 184 197 177 144 147 155 143 128 123 126 125 117 115 119 112 110 111 118 112 112 112 115 123 126 122 124 126 127 119 108 -9999 -9999 -9999 -9999 -9999 -9999 -9999
-9999 -9999 -9999 -9999 -9999 -9999 -9999 -9999 -9999 -9999 -9999 -9999 245 270 283 320 303 303 333 329 328 321 347 346 328 294 295 334 331 323 307 290 280 263 252 239 240 225 215 213 199 179 200 186 193 158 131 145 145 162 132 127 136 126 125 147 123 117 140 138 113 116 128 129 130 126 124 120 123 119 117 -9999 106 102 -9999 -9999 -9999 -9999 -9999 -9999
-9999 -9999 -9999 -9999 -9999 -9999 -9999 -9999 -9999 -9999 -9999 -9999 264 309 296 327 320 320 368 388 381 375 354 370 356 329 284 313 328 320 305 294 278 261 249 241 234 229 218 202 189 162 195 161 157 131 144 174 169 160 135 125 125 120 138 126 118 124 121 122 126 127 132 131 132 129 123 120 118 -9999 -9999 -9999 -9999 -9999 -9999 -9999 -9999 -9999 -9999 -9999
-9999 -9999 -9999 -9999 -9999 -9999 -9999 -9999 -9999 -9999 -9999 266 278 342 357 363 378 355 371 388 396 391 377 385 393 357 310 292 312 316 304 286 273 257 244 233 230 207 194 196 177 160 173 165 161 125 151 147 122 114 111 113 117 119 119 118 119 122 127 129 126 124 132 132 132 127 125 115 107 -9999 -9999 -9999 -9999 -9999 -9999 -9999 -9999 -9999 -9999 -9999
-9999 -9999 -9999 -9999 -9999 -9999 -9999 -9999 -9999 -9999 272 278 308 324 356 387 423 420 384 376 389 397 428 406 366 355 324 303 303 308 287 278 267 254 241 241 221 216 218 187 152 184 170 140 132 122 117 113 105 101 99 104 112 117 118 119 117 117 117 125 129 126 133 132 132 129 123 106 106 -9999 -9999 -9999 -9999 -9999 -9999 -9999 -9999 -9999 -9999 -9999
-9999 -9999 -9999 -9999 -9999 -9999 -9999 -9999 -9999 -9999 294 304 324 375 384 415 425 417 397 387 388 381 424 426 391 364 369 344 332 309 293 277 261 252 242 225 218 191 186 167 148 131 122 115 110 113 125 139 121 112 102 112 113 108 101 95 94 98 105 114 118 124 129 130 126 114 103 96 -9999 -9999 -9999 -9999 -9999 -9999 -9999 -9999 -9999 -9999 -9999 -9999
-9999 -9999 -9999 -9999 -9999 -9999 -9999 -9999 284 292 321 345 348 348 389 428 449 445 427 440 432 391 420 421 381 360 374 330 318 306 284 270 257 245 237 217 206 178 196 186 162 149 156 144 139 124 141 138 111 109 94 105 95 80 78 79 81 89 94 105 119 118 120 130 126 128 100 -9999 -9999 -9999 -9999 -9999 -9999 -9999 -9999 -9999 -9999 -9999 -9999 -9999
-9999 -9999 -9999 -9999 -9999 -9999 -9999 287 289 306 344 388 383 370 383 454 436 445 460 465 446 440 402 426 370 344 345 313 303 299 276 263 247 225 205 197 172 163 205 199 173 175 151 171 163 109 128 131 100 106 86 80 74 72 74 78 82 79 96 99 120 111 110 110 129 116 97 -9999 -9999 -9999 -9999 -9999 -9999 -9999 -9999 -9999 -9999 -9999 -9999 -9999
-9999 -9999 -9999 -9999 -9999 -9999 304 301 319 353 353 369 392 403 394 421 433 458 458 448 459 402 393 392 347 342 338 324 302 282 272 259 249 233 218 198 179 162 146 148 147 153 126 153 115 100 111 111 93 88 82 83 71 68 70 72 76 90 108 101 100 94 96 99 124 114 -9999 -9999 -9999 -9999 -9999 -9999 -9999 -9999 -9999 -9999 -9999 -9999 -9999 -9999
-9999 -9999 -9999 -9999 -9999 318 319 329 318 343 377 397 394 425 430 428 429 443 452 455 419 403 433 412 412 379 337 307 286 273 263 251 240 233 220 189 172 152 131 122 135 161 111 112 101 97 99 92 83 72 67 64 62 64 67 76 102 107 100 101 99 95 95 103 109 103 -9999 -9999 -9999 -9999 -9999 -9999 -9999 -9999 -9999 -9999 -9999 -9999 -9999 -9999
-9999 -9999 -9999 -9999 329 328 330 344 338 356 397 393 406 408 422 403 373 377 411 455 384 439 399 360 355 330 295 295 278 273 256 246 241 235 214 189 154 148 151 131 122 155 101 99 96 85 79 75 72 67 64 62 61 63 73 95 103 93 94 100 100 93 94 110 111 -9999 -9999 -9999 -9999 -9999 -9999 -9999 -9999 -9999 -9999 -9999 -9999 -9999 -9999 -9999
-9999 -9999 -9999 335 335 341 336 339 345 347 382 384 393 392 401 400 398 364 411 348 345 398 350 321 318 318 303 294 288 263 247 237 235 239 217 196 189 198 185 138 122 123 99 93 89 76 74 71 68 65 62 64 68 71 72 79 83 83 92 100 92 91 96 94 -9999 -9999 -9999 -9999 -9999 -9999 -9999 -9999 -9999 -9999 -9999 -9999 -9999 -9999 -9999 -9999
-9999 339 344 344 345 357 350 352 348 349 356 367 376 375 368 364 363 337 363 316 315 333 317 297 291 295 277 275 270 253 238 222 228 218 200 190 192 200 163 126 114 104 96 99 85 72 71 68 67 67 82 90 77 70 76 74 78 83 87 90 91 89 90 94 -9999 -9999 -9999 -9999 -9999 -9999 -9999 -9999 -9999 -9999 -9999 -9999 -9999 -9999 -9999 -9999
343 341 346 360 356 354 352 345 343 350 351 350 349 345 335 328 322 320 326 312 307 331 306 295 285 289 277 270 253 235 227 222 200 193 183 168 185 192 163 127 128 112 95 84 78 70 73 69 67 69 73 69 65 65 69 77 82 82 87 90 91 91 89 -9999 -9999 -9999 -9999 -9999 -9999 -9999 -9999 -9999 -9999 -9999 -9999 -9999 -9999 -9999 -9999 -9999
341 344 353 348 343 342 339 337 334 333 331 329 325 327 322 317 316 315 319 321 325 307 324 288 278 283 268 257 242 220 229 223 197 171 184 200 186 168 143 139 126 112 92 85 74 72 80 72 69 70 68 66 65 66 77 75 78 83 86 89 91 88 -9999 -9999 -9999 -9999 -9999 -9999 -9999 -9999 -9999 -9999 -9999 -9999 -9999 -9999 -9999 -9999 -9999 -9999
340 336 340 334 329 326 323 323 319 313 312 311 311 318 306 305 304 305 301 292 302 304 301 287 274 260 246 229 238 204 208 211 177 180 201 186 158 177 147 115 107 102 97 83 72 84 86 76 67 64 62 63 65 69 75 75 78 82 86 -9999 -9999 -9999 -9999 -9999 -9999 -9999 -9999 -9999 -9999 -9999 -9999 -9999 -9999 -9999 -9999 -9999 -9999 -9999 -9999 -9999
340 327 326 321 320 316 325 319 297 297 302 307 309 304 286 279 284 294 286 279 279 272 265 264 259 244 220 206 198 180 171 164 176 206 178 148 143 126 110 118 112 104 86 82 81 72 68 68 65 63 64 68 75 74 73 74 77 82 -9999 -9999 -9999 -9999 -9999 -9999 -9999 -9999 -9999 -9999 -9999 -9999 -9999 -9999 -9999 -9999 -9999 -9999 -9999 -9999 -9999 -9999
326 320 316 323 326 328 326 295 283 310 311 294 311 292 279 256 251 283 280 259 270 274 255 252 251 244 210 217 184 181 158 168 217 171 148 132 113 108 119 116 105 105 101 101 97 82 70 68 67 66 65 68 67 68 70 -9999 -9999 -9999 -9999 -9999 -9999 -9999 -9999 -9999 -9999 -9999 -9999 -9999 -9999 -9999 -9999 -9999 -9999 -9999 -9999 -9999 -9999 -9999 -9999 -9999
322 316 302 302 310 320 325 282 300 305 292 265 301 278 264 250 209 227 259 248 227 242 231 244 233 213 205 187 171 167 156 160 193 159 142 110 104 117 123 121 101 83 81 78 81 77 71 69 69 68 67 66 66 -9999 -9999 -9999 -9999 -9999 -9999 -9999 -9999 -9999 -9999 -9999 -9999 -9999 -9999 -9999 -9999 -9999 -9999 -9999 -9999 -9999 -9999 -9999 -9999 -9999 -9999 -9999
303 317 320 311 303 320 321 285 304 293 272 238 290 260 279 271 219 162 175 218 177 177 245 249 203 177 176 167 154 142 139 163 147 127 117 107 121 122 103 93 93 85 83 79 76 75 72 71 69 68 67 -9999 -9999 -9999 -9999 -9999 -9999 -9999 -9999 -9999 -9999 -9999 -9999 -9999 -9999 -9999 -9999 -9999 -9999 -9999 -9999 -9999 -9999 -9999 -9999 -9999 -9999 -9999 -9999 -9999
