Electronic Materials (Flash Drives)/data/NZclimate/2050/miroc_8_2050/bio14nz.asc
ncols         384
nrows         384
xllcorner     164
yllcorner     -49
cellsize      0.041666666666667
NODATA_value  -9999
[rows 252 to 287 of 384, columns 80 to 159 of 384]
-9999 -9999 -9999 -9999 -9999 -9999 -9999 -9999 -9999 -9999 -9999 -9999 -9999 -9999 -9999 -9999 -9999 -9999 -9999 -9999 -9999 -9999 -9999 -9999 -9999 -9999 -9999 -9999 -9999 -9999 -9999 -9999 -9999 -9999 -9999 -9999 -9999 -9999 -9999 -9999 -9999 -9999 -9999 -9999 -9999 -9999 -9999 -9999 -9999 -9999 -9999 -9999 -9999 -9999 -9999 -9999 301 300 294 290 282 296 294 285 267 257 244 238 253 245 242 228 242 212 220 157 176 202 184 182
-9999 -9999 -9999 -9999 -9999 -9999 -9999 -9999 -9999 -9999 -9999 -9999 -9999 -9999 -9999 -9999 -9999 -9999 -9999 -9999 -9999 -9999 -9999 -9999 -9999 -9999 -9999 -9999 -9999 -9999 -9999 -9999 -9999 -9999 -9999 -9999 -9999 -9999 -9999 -9999 -9999 -9999 -9999 -9999 -9999 -9999 -9999 -9999 -9999 -9999 -9999 -9999 -9999 -9999 306 305 301 299 294 280 302 279 263 278 268 252 235 263 251 212 220 235 203 202 192 146 177 197 151 187
-9999 -9999 -9999 -9999 -9999 -9999 -9999 -9999 -9999 -9999 -9999 -9999 -9999 -9999 -9999 -9999 -9999 -9999 -9999 -9999 -9999 -9999 -9999 -9999 -9999 -9999 -9999 -9999 -9999 -9999 -9999 -9999 -9999 -9999 -9999 -9999 -9999 -9999 -9999 -9999 -9999 -9999 -9999 -9999 -9999 -9999 -9999 -9999 -9999 -9999 362 360 337 327 305 305 298 312 297 289 285 282 265 246 238 230 240 257 218 208 225 188 201 220 191 133 155 191 139 173
-9999 -9999 -9999 -9999 -9999 -9999 -9999 -9999 -9999 -9999 -9999 -9999 -9999 -9999 -9999 -9999 -9999 -9999 -9999 -9999 -9999 -9999 -9999 -9999 -9999 -9999 -9999 -9999 -9999 -9999 -9999 -9999 -9999 -9999 -9999 -9999 -9999 -9999 -9999 -9999 -9999 -9999 -9999 -9999 -9999 -9999 -9999 -9999 376 378 369 362 342 327 308 319 310 293 267 282 277 257 251 252 247 223 222 218 209 196 191 204 208 177 191 121 148 164 132 113
-9999 -9999 -9999 -9999 -9999 -9999 -9999 -9999 -9999 -9999 -9999 -9999 -9999 -9999 -9999 -9999 -9999 -9999 -9999 -9999 -9999 -9999 -9999 -9999 -9999 -9999 -9999 -9999 -9999 -9999 -9999 -9999 -9999 -9999 -9999 -9999 -9999 -9999 -9999 -9999 -9999 -9999 -9999 -9999 -9999 364 373 378 378 373 370 358 344 328 317 298 273 275 271 260 263 248 237 234 242 234 220 207 201 206 207 204 196 158 189 144 89 106 89 133
-9999 -9999 -9999 -9999 -9999 -9999 -9999 -9999 -9999 -9999 -9999 -9999 -9999 -9999 -9999 -9999 -9999 -9999 -9999 -9999 -9999 -9999 -9999 -9999 -9999 -9999 -9999 -9999 -9999 -9999 -9999 -9999 -9999 -9999 -9999 -9999 -9999 -9999 -9999 -9999 -9999 -9999 -9999 353 365 371 369 365 359 365 356 348 331 289 277 299 288 264 249 246 238 238 224 226 224 209 223 192 185 199 174 195 193 146 178 172 86 72 84 139
-9999 -9999 -9999 -9999 -9999 -9999 -9999 -9999 -9999 -9999 -9999 -9999 -9999 -9999 -9999 -9999 -9999 -9999 -9999 -9999 -9999 -9999 -9999 -9999 -9999 -9999 -9999 -9999 -9999 -9999 -9999 -9999 -9999 -9999 -9999 -9999 -9999 -9999 -9999 -9999 -9999 -9999 344 350 355 347 355 352 352 327 284 314 326 301 284 267 247 247 242 234 229 223 219 219 214 213 187 167 187 175 174 195 177 133 172 152 86 66 83 131
-9999 -9999 -9999 -9999 -9999 -9999 -9999 -9999 -9999 -9999 -9999 -9999 -9999 -9999 -9999 -9999 -9999 -9999 -9999 -9999 -9999 -9999 -9999 -9999 -9999 -9999 -9999 -9999 -9999 -9999 -9999 -9999 -9999 -9999 -9999 -9999 -9999 -9999 -9999 -9999 -9999 333 337 339 343 337 313 305 319 309 294 281 296 272 248 247 244 235 232 223 218 217 211 204 206 194 161 137 162 147 183 181 152 115 137 122 67 62 74 109
-9999 -9999 -9999 -9999 -9999 -9999 -9999 -9999 -9999 -9999 -9999 -9999 -9999 -9999 -9999 -9999 -9999 -9999 -9999 -9999 -9999 -9999 -9999 -9999 -9999 -9999 -9999 -9999 -9999 -9999 -9999 -9999 -9999 -9999 -9999 -9999 -9999 -9999 -9999 316 320 321 322 323 309 294 304 293 275 262 259 250 253 246 240 236 228 222 215 219 217 205 209 185 205 182 139 110 116 140 160 168 133 130 75 66 59 59 76 135
-9999 -9999 -9999 -9999 -9999 -9999 -9999 -9999 -9999 -9999 -9999 -9999 -9999 -9999 -9999 -9999 -9999 -9999 -9999 -9999 -9999 -9999 -9999 -9999 -9999 -9999 -9999 -9999 -9999 -9999 -9999 -9999 -9999 -9999 -9999 -9999 -9999 306 307 307 307 306 307 289 301 288 276 279 255 251 256 245 265 253 239 224 219 210 213 204 194 192 193 169 209 186 127 92 92 117 127 119 104 84 67 56 55 58 83 134
-9999 -9999 -9999 -9999 -9999 -9999 -9999 -9999 -9999 -9999 -9999 -9999 -9999 -9999 -9999 -9999 -9999 -9999 -9999 -9999 -9999 -9999 -9999 -9999 -9999 -9999 -9999 -9999 -9999 -9999 -9999 -9999 -9999 -9999 -9999 292 295 294 293 290 290 280 281 288 283 275 287 280 272 253 257 258 256 237 225 217 208 209 206 188 179 200 158 163 199 171 125 76 69 85 96 87 79 67 57 51 51 59 100 138
-9999 -9999 -9999 -9999 -9999 -9999 -9999 -9999 -9999 -9999 -9999 -9999 -9999 -9999 -9999 -9999 -9999 -9999 -9999 -9999 -9999 -9999 -9999 -9999 -9999 -9999 -9999 -9999 309 305 303 296 293 288 286 284 283 277 273 268 266 270 256 255 270 264 246 249 250 259 256 242 223 217 212 207 210 192 197 164 182 197 128 169 184 183 129 65 57 58 66 67 62 60 50 48 48 56 90 96
-9999 -9999 -9999 -9999 -9999 -9999 -9999 -9999 -9999 -9999 -9999 -9999 -9999 -9999 -9999 -9999 -9999 -9999 -9999 -9999 -9999 -9999 -9999 -9999 322 319 307 300 292 288 286 279 281 278 272 269 264 255 247 254 247 249 250 246 243 243 248 246 249 241 228 216 210 208 199 190 204 185 177 141 184 149 118 165 177 168 125 58 52 49 51 55 51 47 44 43 48 66 104 73
-9999 -9999 -9999 -9999 -9999 -9999 -9999 -9999 -9999 -9999 -9999 -9999 -9999 -9999 -9999 -9999 -9999 -9999 -9999 -9999 -9999 -9999 -9999 320 316 311 305 299 278 263 257 266 265 264 252 243 245 240 239 237 238 235 237 236 237 228 233 217 218 229 216 205 203 199 180 191 199 184 185 133 124 102 145 163 161 135 109 53 49 45 43 44 42 41 42 43 46 53 63 65
-9999 -9999 -9999 -9999 -9999 -9999 -9999 -9999 -9999 -9999 -9999 -9999 -9999 -9999 -9999 -9999 -9999 -9999 -9999 -9999 -9999 -9999 317 305 303 279 269 271 283 251 251 248 241 245 233 233 230 226 226 224 223 222 219 217 219 217 211 207 219 203 201 196 190 176 178 193 185 172 173 123 90 102 171 155 124 79 74 49 46 43 43 41 41 42 44 45 49 51 55 56
-9999 -9999 -9999 -9999 -9999 -9999 -9999 -9999 -9999 -9999 -9999 -9999 -9999 -9999 -9999 -9999 -9999 -9999 -9999 -9999 -9999 317 309 286 265 257 253 245 259 239 230 225 231 230 221 222 221 217 212 218 212 214 212 209 205 202 206 204 200 194 192 190 175 170 193 164 184 172 144 104 78 104 154 115 71 56 51 47 45 41 44 41 42 43 46 47 49 51 69 55
-9999 -9999 -9999 -9999 -9999 -9999 -9999 -9999 -9999 -9999 -9999 -9999 -9999 -9999 -9999 -9999 -9999 -9999 -9999 324 308 307 292 272 255 243 250 243 225 223 223 216 224 215 207 208 210 212 209 209 204 200 201 194 193 187 187 188 189 188 177 169 159 178 172 147 167 161 133 99 70 100 141 85 56 51 48 45 43 41 41 42 44 46 46 47 47 51 62 55
-9999 -9999 -9999 -9999 -9999 -9999 -9999 -9999 -9999 -9999 -9999 -9999 -9999 -9999 -9999 -9999 -9999 337 326 308 281 266 272 241 229 231 238 216 216 213 208 214 205 208 193 208 221 205 200 200 183 181 192 188 178 162 188 180 187 171 169 148 174 169 135 156 172 143 160 87 64 93 117 74 51 48 47 45 45 44 43 44 45 45 45 47 47 50 71 57
-9999 -9999 -9999 -9999 -9999 -9999 -9999 -9999 -9999 -9999 -9999 -9999 -9999 -9999 -9999 -9999 -9999 333 315 275 253 238 248 227 217 220 216 216 209 199 211 196 188 187 186 183 207 180 181 176 185 183 167 158 140 164 179 168 167 170 145 141 170 148 126 170 145 159 146 81 61 72 64 50 49 46 46 46 45 45 45 45 43 45 44 54 72 54 85 65
-9999 -9999 -9999 -9999 -9999 -9999 -9999 -9999 -9999 -9999 -9999 -9999 -9999 -9999 -9999 345 339 330 322 313 300 284 245 216 212 205 211 206 193 202 186 194 173 199 173 195 190 194 179 175 173 173 170 144 130 170 177 172 156 138 120 153 145 147 116 133 127 150 145 83 61 54 51 48 46 45 49 45 45 44 43 42 42 42 49 70 104 68 84 56
-9999 -9999 -9999 -9999 -9999 -9999 -9999 -9999 -9999 -9999 -9999 -9999 -9999 -9999 -9999 344 327 263 281 246 271 248 210 206 202 205 205 187 187 188 199 172 183 196 191 208 167 189 167 166 160 149 137 112 130 161 167 160 146 112 122 150 124 149 125 94 116 129 104 76 58 52 48 47 44 45 86 64 42 41 40 40 42 42 51 58 96 82 50 48
-9999 -9999 -9999 -9999 -9999 -9999 -9999 -9999 -9999 -9999 -9999 -9999 -9999 344 339 304 322 302 262 211 222 260 203 200 215 197 187 179 178 177 191 177 193 219 183 152 160 184 179 159 171 153 108 96 110 157 147 128 113 94 121 112 124 143 117 98 86 93 126 84 54 49 49 45 53 65 121 65 41 39 39 41 42 53 48 59 65 51 48 47
-9999 -9999 -9999 -9999 -9999 -9999 -9999 -9999 -9999 -9999 -9999 -9999 352 317 307 296 287 295 214 210 220 244 199 199 217 209 178 174 187 204 207 184 165 208 166 133 169 177 160 164 164 141 96 85 96 104 98 86 85 92 104 121 135 139 108 96 76 83 106 74 49 49 44 42 43 62 102 77 43 38 40 54 52 76 63 52 62 57 45 46
-9999 -9999 -9999 -9999 -9999 -9999 -9999 -9999 -9999 -9999 -9999 358 327 272 304 256 211 293 201 200 254 194 184 191 209 190 183 208 190 200 185 156 150 157 146 115 118 143 174 153 136 141 93 75 117 99 72 81 122 130 134 126 129 105 104 118 89 79 82 59 47 41 39 38 38 38 65 80 39 43 50 73 68 106 88 75 102 80 45 44
-9999 -9999 -9999 -9999 -9999 -9999 -9999 -9999 -9999 -9999 -9999 357 302 272 225 216 204 288 202 245 202 186 190 200 182 168 161 158 165 170 201 190 153 140 147 168 132 91 134 178 138 91 74 76 115 80 63 78 90 91 106 108 109 87 82 109 80 70 81 49 41 37 37 64 53 36 43 43 36 42 65 45 61 77 62 62 102 62 42 41
-9999 -9999 -9999 -9999 -9999 -9999 -9999 -9999 -9999 -9999 344 321 230 217 210 201 202 217 274 229 184 195 178 180 152 183 194 172 160 184 185 164 148 174 152 166 140 82 108 143 102 65 64 99 105 76 55 63 110 107 115 119 91 71 74 87 80 114 88 54 40 58 48 66 64 39 34 38 33 42 49 36 44 42 51 76 87 42 39 39
-9999 -9999 -9999 -9999 -9999 -9999 -9999 -9999 302 288 302 262 215 203 197 195 203 191 262 185 170 186 168 161 152 204 168 133 164 185 155 128 160 136 138 164 146 89 70 68 68 58 68 57 65 78 49 55 95 100 90 79 69 74 80 84 119 114 112 74 50 62 92 74 65 38 37 37 32 34 33 33 36 38 52 69 43 37 36 37
-9999 -9999 -9999 -9999 -9999 -9999 303 290 256 229 261 203 211 230 195 199 176 182 234 173 175 171 163 136 147 179 154 126 175 190 155 110 144 127 123 148 159 140 69 61 55 52 54 47 46 45 44 54 96 101 80 59 60 75 79 97 85 104 117 81 79 86 115 70 62 46 45 38 37 37 39 34 32 35 45 35 34 34 34 35
-9999 -9999 -9999 -9999 -9999 284 265 261 231 214 204 208 229 244 212 196 173 178 204 172 171 175 146 126 123 152 138 118 171 178 152 132 102 97 110 133 122 149 93 55 69 84 46 43 41 41 43 48 80 69 56 52 53 54 62 74 72 113 121 90 88 71 104 103 89 67 55 40 55 65 76 61 37 32 33 31 31 32 34 36
-9999 -9999 -9999 -9999 249 257 242 218 204 196 227 240 252 191 176 179 175 175 166 167 167 150 145 118 110 109 108 127 170 151 130 124 99 76 115 153 132 89 74 83 104 97 60 40 42 40 40 41 56 71 67 64 53 54 53 52 76 87 130 94 65 54 73 120 99 84 67 49 44 64 105 94 46 33 31 30 32 37 41 43
-9999 -9999 240 233 236 203 235 233 196 186 218 184 184 198 179 175 168 168 160 154 155 163 164 118 113 92 100 143 157 153 162 130 108 83 122 142 122 83 97 121 98 54 50 88 78 58 49 40 43 64 55 46 42 49 51 56 63 68 96 87 70 47 51 106 98 82 61 78 58 49 84 106 58 35 31 29 29 31 35 35
236 232 226 206 229 205 213 197 187 183 182 180 173 171 168 174 166 156 141 140 146 136 172 129 96 89 114 149 149 124 130 104 82 80 120 116 95 85 109 74 58 45 81 109 107 99 92 50 39 41 40 41 42 48 63 88 84 79 54 72 51 42 41 81 96 78 80 88 80 67 74 102 75 49 36 29 29 28 28 30
228 205 213 209 213 190 192 194 181 178 175 177 174 164 159 161 164 156 137 132 149 121 135 151 93 85 108 131 149 111 102 84 74 111 117 81 109 90 131 87 48 70 116 124 138 109 66 41 38 38 37 40 61 74 94 96 103 76 41 42 39 38 38 56 94 92 91 87 81 58 56 80 88 80 44 38 30 29 29 29
204 210 190 189 194 195 185 176 173 166 164 169 163 162 152 153 144 132 134 129 148 139 108 114 91 82 104 152 113 99 93 82 70 89 92 85 75 81 103 70 77 100 122 136 115 56 38 36 36 36 38 48 77 86 72 86 65 43 35 37 34 38 46 42 61 92 90 81 74 67 68 77 76 52 51 44 35 33 29 29
197 205 192 184 176 172 172 167 165 166 160 155 155 152 147 148 128 140 143 149 119 130 118 97 85 80 89 120 109 104 76 68 82 80 66 56 58 98 100 81 97 90 115 107 54 36 35 38 42 45 51 53 69 74 55 50 39 34 32 32 33 36 37 41 47 65 85 85 77 63 64 65 50 40 36 38 37 32 29 30
184 190 188 179 172 168 167 158 154 159 156 145 141 146 130 140 120 147 130 152 133 104 105 143 100 78 75 91 111 87 77 83 61 51 49 47 47 64 90 95 75 66 91 67 37 35 37 51 69 83 84 70 60 53 37 33 31 30 30 36 42 34 33 34 38 45 46 43 37 34 35 42 61 49 44 35 32 31 31 31
