Electronic Materials (Flash Drives)/data/NZclimate/2050/miroc_8_2050/bio14nz.asc
ncols         384
nrows         384
xllcorner     164
yllcorner     -49
cellsize      0.041666666666667
NODATA_value  -9999
[rows 144 to 179 of 384, columns 240 to 319 of 384]
-9999 -9999 111 113 112 115 124 127 127 140 145 139 143 158 163 155 157 159 148 143 136 133 134 128 120 116 111 117 124 122 111 113 117 116 149 132 121 132 131 127 132 157 151 111 109 119 128 132 131 144 151 167 156 146 132 141 147 143 148 161 142 119 120 132 139 126 107 98 100 99 95 92 89 83 90 90 85 85 86 87
124 122 122 127 128 133 131 143 143 144 156 145 157 152 155 150 154 153 148 137 133 132 129 127 125 115 124 122 109 104 109 108 122 128 163 146 149 152 155 154 129 125 157 114 112 131 156 168 189 176 160 171 175 158 130 137 147 143 159 165 145 119 114 131 118 102 109 106 109 105 98 90 85 82 81 82 84 83 84 86
139 143 141 146 153 156 152 146 145 154 151 155 157 148 153 158 154 147 140 135 126 133 124 122 122 112 111 106 106 104 100 105 117 127 139 151 164 176 199 233 209 161 129 119 133 162 196 200 208 200 208 186 189 146 142 145 133 145 141 152 136 119 124 110 101 114 131 127 101 85 81 78 79 79 79 79 79 81 81 83
171 174 170 172 169 164 153 151 146 146 149 153 143 145 152 156 148 139 144 137 126 126 124 119 129 123 125 108 124 118 102 116 133 144 150 153 165 188 228 270 231 193 163 137 181 214 216 219 217 218 203 185 167 179 155 148 139 133 149 127 120 116 116 103 109 156 133 108 96 84 80 76 73 73 74 77 75 -9999 -9999 -9999
237 228 208 196 184 171 162 157 154 144 145 144 140 145 146 146 142 137 138 141 128 131 124 127 128 129 127 126 128 129 114 120 139 149 156 165 179 199 222 216 201 185 170 177 197 215 222 206 193 199 206 184 167 179 195 179 154 136 123 114 110 116 107 103 131 144 102 87 84 79 80 74 73 72 70 -9999 -9999 -9999 -9999 -9999
321 300 249 225 198 181 169 160 149 146 141 143 145 142 139 140 150 157 136 122 124 118 124 119 128 124 132 129 119 123 127 124 135 146 205 192 217 247 239 208 188 176 171 181 201 215 215 184 204 191 197 174 184 169 174 182 172 176 135 114 117 121 116 131 114 100 86 84 79 78 84 82 79 -9999 -9999 -9999 -9999 -9999 -9999 -9999
316 341 314 257 217 188 172 160 144 142 145 142 133 131 138 135 140 143 137 117 120 115 118 111 117 112 119 122 109 110 121 127 132 140 158 194 260 327 281 222 190 175 183 206 221 218 198 164 174 185 201 153 175 188 178 161 197 188 143 118 115 113 113 103 97 93 82 90 91 80 75 72 72 -9999 -9999 -9999 -9999 -9999 -9999 -9999
309 346 326 265 221 189 165 150 143 135 134 134 128 139 130 128 134 141 148 150 121 118 118 106 107 116 114 113 103 103 108 122 128 135 151 180 233 286 245 199 174 166 188 207 194 182 182 191 148 157 141 131 159 163 141 156 182 144 132 120 111 111 103 90 89 86 76 76 81 72 69 67 -9999 -9999 -9999 -9999 -9999 -9999 -9999 -9999
229 263 250 222 199 172 152 139 133 127 124 125 127 136 142 162 164 154 154 152 163 140 125 114 103 111 102 93 98 105 109 114 119 124 133 148 169 180 172 158 145 150 162 161 172 183 175 160 124 131 130 127 149 152 130 139 130 122 108 112 96 94 90 85 80 77 70 70 71 64 63 -9999 -9999 -9999 -9999 -9999 -9999 -9999 -9999 -9999
159 174 172 164 153 142 134 129 127 126 118 117 125 139 144 157 161 141 140 143 151 147 128 112 103 100 100 111 119 117 109 104 101 103 108 108 117 124 113 113 114 113 114 126 150 190 155 147 129 129 116 122 124 138 133 115 115 114 112 100 85 81 77 79 74 72 71 66 63 60 -9999 -9999 -9999 -9999 -9999 -9999 -9999 -9999 -9999 -9999
119 119 120 122 123 122 118 119 121 123 119 108 118 123 124 132 127 125 128 126 129 125 112 108 94 107 110 110 114 102 103 98 95 95 93 92 91 90 86 86 93 106 96 99 151 135 87 103 98 100 116 123 119 109 109 112 111 112 106 81 73 69 69 68 67 65 70 61 56 -9999 -9999 -9999 -9999 -9999 -9999 -9999 -9999 -9999 -9999 -9999
104 103 103 104 106 107 108 115 110 113 111 107 111 112 118 121 119 108 121 118 115 119 128 122 103 96 112 111 114 104 105 98 101 96 90 84 83 82 78 78 81 100 117 94 85 74 76 95 84 93 111 121 118 105 113 105 94 99 89 76 69 66 68 65 61 61 61 56 52 51 -9999 -9999 -9999 -9999 -9999 -9999 -9999 -9999 -9999 -9999
91 91 91 93 96 95 99 101 106 103 107 117 107 105 107 102 115 109 108 112 126 112 109 125 114 98 98 98 104 97 97 92 91 93 87 84 84 81 79 84 78 92 113 102 86 72 83 86 80 87 95 114 146 95 112 106 85 81 74 72 67 66 62 61 57 56 54 53 50 48 -9999 -9999 -9999 -9999 -9999 -9999 -9999 -9999 -9999 -9999
86 84 83 83 85 87 92 92 92 104 108 119 113 98 113 101 114 124 107 97 102 99 113 127 115 89 85 94 100 95 85 91 95 90 84 82 77 75 73 74 74 92 89 77 64 65 72 77 76 84 123 134 121 123 151 130 101 78 62 61 58 58 58 56 53 52 51 50 48 48 48 -9999 -9999 -9999 -9999 -9999 -9999 -9999 -9999 -9999
-9999 -9999 -9999 -9999 82 84 88 87 86 93 101 106 105 99 101 105 114 118 110 99 95 106 110 114 106 104 92 85 87 98 89 84 86 83 80 79 79 76 73 73 69 68 67 65 62 64 70 72 76 97 139 151 125 138 156 118 81 73 69 73 59 53 54 54 52 50 49 48 48 48 48 -9999 -9999 -9999 -9999 -9999 -9999 -9999 -9999 -9999
-9999 -9999 -9999 -9999 -9999 -9999 -9999 86 82 86 93 100 106 93 95 111 102 96 94 95 89 88 94 101 96 90 102 89 83 94 97 80 80 83 77 80 82 75 75 73 71 69 66 65 66 63 66 72 80 86 137 139 154 155 153 101 94 79 74 69 62 54 53 51 49 48 48 48 48 48 50 52 58 59 -9999 -9999 -9999 -9999 -9999 -9999
-9999 -9999 -9999 -9999 -9999 -9999 -9999 -9999 80 83 86 87 89 92 96 99 95 85 87 90 83 92 98 98 95 91 82 79 92 96 93 79 80 79 78 84 77 77 76 72 73 75 69 66 66 66 67 73 79 112 102 134 163 135 119 102 105 93 95 86 74 58 62 53 49 48 47 48 49 52 51 54 60 60 -9999 -9999 -9999 -9999 -9999 -9999
-9999 -9999 -9999 -9999 -9999 -9999 -9999 -9999 -9999 78 79 79 82 81 84 86 85 82 91 80 85 93 109 104 90 84 83 75 84 90 82 76 85 81 78 80 75 80 78 73 76 77 78 72 68 68 72 80 92 154 144 146 147 113 104 118 106 98 92 84 80 65 68 53 55 50 52 55 63 53 57 59 58 -9999 -9999 -9999 -9999 -9999 -9999 -9999
-9999 -9999 -9999 -9999 -9999 -9999 -9999 -9999 -9999 -9999 -9999 76 76 78 80 80 81 77 82 80 89 95 96 95 90 84 75 72 73 75 72 71 75 73 77 78 73 74 74 76 79 77 80 71 69 71 78 87 94 145 165 158 137 104 100 110 99 87 81 75 79 75 69 66 51 49 58 53 58 69 68 64 57 -9999 -9999 -9999 -9999 -9999 -9999 -9999
-9999 -9999 -9999 -9999 -9999 -9999 -9999 -9999 -9999 -9999 -9999 -9999 73 74 74 75 76 74 80 83 84 83 83 81 80 79 72 71 72 77 70 76 69 71 75 70 70 75 79 83 80 75 74 72 75 79 81 84 96 161 174 173 119 108 100 92 86 81 74 70 72 74 77 55 51 60 57 56 71 84 81 60 -9999 -9999 -9999 -9999 -9999 -9999 -9999 -9999
-9999 -9999 -9999 -9999 -9999 -9999 -9999 -9999 -9999 -9999 -9999 -9999 -9999 -9999 -9999 71 71 72 74 74 74 74 74 76 77 73 68 68 71 72 71 69 69 70 70 67 68 72 75 75 70 68 72 78 80 81 84 91 111 146 167 170 126 112 101 93 78 72 69 67 65 73 64 54 59 57 69 67 83 104 76 61 -9999 -9999 -9999 -9999 -9999 -9999 -9999 -9999
-9999 -9999 -9999 -9999 -9999 -9999 -9999 -9999 -9999 -9999 -9999 -9999 -9999 -9999 -9999 -9999 -9999 -9999 -9999 -9999 -9999 70 71 73 73 68 66 70 71 74 70 69 69 68 69 69 69 73 73 68 69 72 76 80 85 89 94 110 155 169 175 137 117 112 97 87 76 70 67 65 64 72 62 56 59 62 65 69 89 95 74 69 -9999 -9999 -9999 -9999 -9999 -9999 -9999 -9999
-9999 -9999 -9999 -9999 -9999 -9999 -9999 -9999 -9999 -9999 -9999 -9999 -9999 -9999 -9999 -9999 -9999 -9999 -9999 -9999 -9999 -9999 -9999 67 66 66 69 69 70 72 68 69 69 71 72 75 75 74 77 68 73 75 82 86 88 92 102 111 137 136 163 130 120 110 93 80 72 67 64 61 61 64 60 61 64 64 70 69 75 68 65 -9999 -9999 -9999 -9999 -9999 -9999 -9999 -9999 -9999
-9999 -9999 -9999 -9999 -9999 -9999 -9999 -9999 -9999 -9999 -9999 -9999 -9999 -9999 -9999 -9999 -9999 -9999 -9999 -9999 -9999 -9999 -9999 -9999 65 66 69 70 70 68 68 69 72 77 78 77 73 72 69 72 83 86 86 91 91 97 99 109 128 162 144 125 121 108 90 78 70 66 62 61 59 60 61 62 64 70 74 76 71 64 -9999 -9999 -9999 -9999 -9999 -9999 -9999 -9999 -9999 -9999
-9999 -9999 -9999 -9999 -9999 -9999 -9999 -9999 -9999 -9999 -9999 -9999 -9999 -9999 -9999 -9999 -9999 -9999 -9999 -9999 -9999 -9999 -9999 -9999 -9999 66 67 66 68 69 69 73 75 75 75 73 69 71 79 84 90 88 92 90 97 96 101 111 143 140 133 127 122 106 90 79 71 66 62 64 57 59 62 71 66 71 77 76 70 70 -9999 -9999 -9999 -9999 -9999 -9999 -9999 -9999 -9999 -9999
-9999 -9999 -9999 -9999 -9999 -9999 -9999 -9999 -9999 -9999 -9999 -9999 -9999 -9999 -9999 -9999 -9999 -9999 -9999 -9999 -9999 -9999 -9999 -9999 -9999 -9999 65 67 68 69 70 72 74 74 72 69 72 76 78 80 82 89 93 90 98 96 104 125 134 136 128 124 118 103 90 80 80 69 70 60 60 63 70 72 70 72 74 79 70 66 -9999 -9999 -9999 -9999 -9999 -9999 -9999 -9999 -9999 -9999
-9999 -9999 -9999 -9999 -9999 -9999 -9999 -9999 -9999 -9999 -9999 -9999 -9999 -9999 -9999 -9999 -9999 -9999 -9999 -9999 -9999 -9999 -9999 -9999 -9999 -9999 -9999 67 67 68 70 72 73 72 69 71 74 76 77 77 80 85 85 95 89 96 115 137 139 125 120 112 103 94 84 90 100 87 77 61 64 69 74 70 73 71 79 74 67 65 -9999 -9999 -9999 -9999 -9999 -9999 -9999 -9999 -9999 -9999
-9999 -9999 -9999 -9999 -9999 -9999 -9999 -9999 -9999 -9999 -9999 -9999 -9999 -9999 -9999 -9999 -9999 -9999 -9999 -9999 -9999 -9999 -9999 -9999 -9999 -9999 -9999 -9999 66 67 69 70 71 69 67 72 71 74 74 74 77 83 91 86 90 110 129 137 118 110 102 99 94 86 92 95 93 71 62 59 59 62 69 70 71 69 73 70 69 -9999 -9999 -9999 -9999 -9999 -9999 -9999 -9999 -9999 -9999 -9999
-9999 -9999 -9999 -9999 -9999 -9999 -9999 -9999 -9999 -9999 -9999 -9999 -9999 -9999 -9999 -9999 -9999 -9999 -9999 -9999 -9999 -9999 -9999 -9999 -9999 -9999 -9999 -9999 66 66 66 68 67 67 69 70 69 72 69 72 78 86 85 85 109 131 131 116 107 100 92 92 88 89 100 90 93 76 67 64 61 60 61 63 66 68 67 69 -9999 -9999 -9999 -9999 -9999 -9999 -9999 -9999 -9999 -9999 -9999 -9999
-9999 -9999 -9999 -9999 -9999 -9999 -9999 -9999 -9999 -9999 -9999 -9999 -9999 -9999 -9999 -9999 -9999 -9999 -9999 -9999 -9999 -9999 -9999 -9999 -9999 -9999 -9999 -9999 -9999 65 65 65 65 65 67 70 67 65 66 69 78 86 81 98 129 126 117 104 97 91 86 84 83 84 86 89 85 85 75 65 61 61 61 65 63 64 63 -9999 -9999 -9999 -9999 -9999 -9999 -9999 -9999 -9999 -9999 -9999 -9999 -9999
-9999 -9999 -9999 -9999 -9999 -9999 -9999 -9999 -9999 -9999 -9999 -9999 -9999 -9999 -9999 -9999 -9999 -9999 -9999 -9999 -9999 -9999 -9999 -9999 -9999 -9999 -9999 -9999 -9999 64 64 65 65 64 64 65 63 62 62 67 79 84 83 107 121 104 98 94 85 85 88 90 88 83 93 90 94 88 79 65 62 62 69 65 59 -9999 -9999 -9999 -9999 -9999 -9999 -9999 -9999 -9999 -9999 -9999 -9999 -9999 -9999 -9999
-9999 -9999 -9999 -9999 -9999 -9999 -9999 -9999 -9999 -9999 -9999 -9999 -9999 -9999 -9999 -9999 -9999 -9999 -9999 -9999 -9999 -9999 -9999 -9999 -9999 -9999 -9999 -9999 -9999 64 65 66 66 63 63 63 63 64 66 71 76 79 92 105 88 85 84 88 80 90 103 103 89 90 86 86 102 88 72 66 64 70 63 62 61 -9999 -9999 -9999 -9999 -9999 -9999 -9999 -9999 -9999 -9999 -9999 -9999 -9999 -9999 -9999
-9999 -9999 -9999 -9999 -9999 -9999 -9999 -9999 -9999 -9999 -9999 -9999 -9999 -9999 -9999 -9999 -9999 -9999 -9999 -9999 -9999 -9999 -9999 -9999 -9999 -9999 -9999 -9999 -9999 65 65 66 66 64 64 64 65 66 69 72 78 98 114 91 81 78 82 86 90 100 110 104 104 98 81 80 85 81 71 68 71 71 69 68 -9999 -9999 -9999 -9999 -9999 -9999 -9999 -9999 -9999 -9999 -9999 -9999 -9999 -9999 -9999 -9999
-9999 -9999 -9999 -9999 -9999 -9999 -9999 -9999 -9999 -9999 -9999 -9999 -9999 -9999 -9999 -9999 -9999 -9999 -9999 -9999 -9999 -9999 -9999 -9999 -9999 -9999 -9999 -9999 -9999 66 66 67 68 67 66 66 67 70 74 82 95 118 104 86 85 77 82 92 103 111 115 109 108 92 83 76 80 83 87 75 73 71 75 68 -9999 -9999 -9999 -9999 -9999 -9999 -9999 -9999 -9999 -9999 -9999 -9999 -9999 -9999 -9999 -9999
-9999 -9999 -9999 -9999 -9999 -9999 -9999 -9999 -9999 -9999 -9999 -9999 -9999 -9999 -9999 -9999 -9999 -9999 -9999 -9999 -9999 -9999 -9999 -9999 -9999 -9999 -9999 -9999 -9999 66 67 69 69 68 68 68 70 75 88 105 116 109 98 90 86 88 83 103 108 123 116 108 86 78 77 71 73 78 78 74 72 73 71 65 -9999 -9999 -9999 -9999 -9999 -9999 -9999 -9999 -9999 -9999 -9999 -9999 -9999 -9999 -9999 -9999
-9999 -9999 -9999 -9999 -9999 -9999 -9999 -9999 -9999 -9999 -9999 -9999 -9999 -9999 -9999 -9999 -9999 -9999 -9999 -9999 -9999 -9999 -9999 -9999 -9999 -9999 -9999 -9999 -9999 66 67 69 69 69 69 70 78 106 116 120 115 100 95 91 89 89 98 111 111 111 114 92 83 81 74 68 71 70 77 79 73 68 70 65 -9999 -9999 -9999 -9999 -9999 -9999 -9999 -9999 -9999 -9999 -9999 -9999 -9999 -9999 -9999 -9999
