Electronic Materials (Flash Drives)/data/NZclimate/2050/miroc_8_2050/bio14nz.asc
ncols         384
nrows         384
xllcorner     164
yllcorner     -49
cellsize      0.041666666666667
NODATA_value  -9999
[rows 108 to 143 of 384, columns 240 to 319 of 384]
-9999 -9999 -9999 -9999 -9999 -9999 -9999 -9999 -9999 -9999 -9999 -9999 -9999 -9999 -9999 -9999 -9999 84 86 94 98 95 91 87 87 83 83 80 81 86 80 79 81 79 80 82 74 75 77 79 88 151 175 171 150 123 115 113 113 112 -9999 -9999 -9999 -9999 -9999 -9999 -9999 -9999 -9999 -9999 -9999 -9999 -9999 -9999 -9999 -9999 -9999 -9999 -9999 -9999 -9999 -9999 -9999 -9999 -9999 105 115 -9999 -9999 -9999
-9999 -9999 -9999 -9999 -9999 -9999 -9999 -9999 -9999 -9999 -9999 -9999 -9999 -9999 -9999 -9999 -9999 -9999 90 96 97 97 90 93 98 88 83 82 87 83 80 79 79 79 89 86 75 75 77 81 87 107 128 178 148 114 109 109 110 109 109 -9999 -9999 -9999 -9999 -9999 -9999 -9999 -9999 -9999 -9999 -9999 -9999 -9999 -9999 -9999 -9999 -9999 -9999 -9999 -9999 -9999 -9999 -9999 -9999 -9999 -9999 -9999 -9999 -9999
-9999 -9999 -9999 -9999 -9999 -9999 -9999 -9999 -9999 -9999 -9999 -9999 -9999 -9999 -9999 -9999 -9999 -9999 91 90 96 95 95 102 106 95 92 94 88 82 82 81 80 80 81 79 77 76 78 82 87 93 98 130 149 115 107 106 107 107 106 103 -9999 -9999 -9999 -9999 -9999 103 108 -9999 -9999 -9999 -9999 -9999 -9999 -9999 -9999 -9999 -9999 -9999 -9999 -9999 -9999 -9999 -9999 -9999 -9999 -9999 -9999 -9999
-9999 -9999 -9999 -9999 -9999 -9999 -9999 -9999 -9999 -9999 -9999 -9999 -9999 -9999 -9999 -9999 -9999 -9999 -9999 90 91 94 100 100 101 103 102 95 86 85 84 83 82 81 80 79 79 77 79 82 86 91 95 115 164 130 112 107 106 104 102 100 99 98 -9999 -9999 -9999 105 108 -9999 -9999 -9999 -9999 -9999 -9999 -9999 -9999 -9999 -9999 -9999 -9999 -9999 -9999 -9999 -9999 -9999 -9999 -9999 -9999 -9999
-9999 -9999 -9999 -9999 -9999 -9999 -9999 -9999 -9999 -9999 -9999 -9999 -9999 -9999 -9999 -9999 -9999 -9999 -9999 94 92 93 99 99 104 109 102 90 88 87 86 85 84 83 82 81 83 79 82 84 85 89 93 96 154 157 138 124 114 106 102 101 97 98 99 100 -9999 -9999 -9999 -9999 -9999 -9999 -9999 -9999 -9999 -9999 -9999 -9999 -9999 -9999 -9999 -9999 -9999 -9999 -9999 -9999 -9999 -9999 -9999 -9999
-9999 -9999 -9999 -9999 -9999 -9999 -9999 -9999 -9999 -9999 -9999 -9999 -9999 -9999 -9999 -9999 -9999 -9999 -9999 92 92 97 94 96 107 112 97 90 90 89 88 86 86 85 83 90 86 81 83 85 87 88 90 93 107 160 157 145 134 121 104 102 104 107 110 100 100 100 -9999 99 -9999 -9999 -9999 -9999 -9999 -9999 -9999 -9999 -9999 -9999 -9999 -9999 -9999 -9999 -9999 -9999 -9999 -9999 -9999 -9999
-9999 -9999 -9999 -9999 -9999 -9999 -9999 -9999 -9999 -9999 -9999 -9999 -9999 -9999 -9999 -9999 -9999 -9999 -9999 -9999 96 92 90 98 117 113 95 92 92 91 90 89 87 86 85 87 96 96 88 88 90 89 90 91 94 157 161 153 136 110 111 113 130 134 122 102 101 100 99 100 98 -9999 -9999 -9999 -9999 -9999 -9999 -9999 -9999 -9999 -9999 -9999 -9999 -9999 -9999 -9999 -9999 -9999 -9999 -9999
-9999 -9999 -9999 -9999 -9999 -9999 -9999 -9999 -9999 -9999 -9999 -9999 -9999 -9999 -9999 -9999 -9999 -9999 87 95 92 93 94 97 110 113 102 93 93 92 91 89 87 86 85 90 104 105 114 98 94 91 89 91 98 149 162 138 132 127 128 133 147 155 127 113 106 101 99 98 98 98 99 -9999 -9999 -9999 -9999 -9999 -9999 -9999 -9999 -9999 -9999 -9999 -9999 -9999 -9999 -9999 -9999 -9999
-9999 -9999 -9999 -9999 -9999 -9999 -9999 -9999 -9999 -9999 -9999 -9999 -9999 -9999 -9999 -9999 -9999 -9999 127 133 107 103 109 115 103 113 113 96 94 94 92 89 87 87 86 85 96 99 109 113 97 90 90 91 95 125 160 140 136 140 144 148 151 144 139 126 113 105 103 102 101 105 103 103 104 99 -9999 -9999 -9999 -9999 -9999 101 -9999 -9999 -9999 -9999 -9999 -9999 -9999 -9999
-9999 -9999 -9999 -9999 -9999 -9999 -9999 -9999 -9999 -9999 -9999 -9999 -9999 -9999 -9999 -9999 -9999 -9999 103 110 108 118 126 141 111 112 106 97 96 94 93 90 89 88 87 86 85 89 98 96 92 90 91 94 96 110 152 152 148 150 151 154 156 153 145 133 116 113 112 111 109 109 113 111 117 123 101 98 96 97 -9999 -9999 -9999 -9999 -9999 -9999 -9999 -9999 -9999 -9999
-9999 -9999 -9999 -9999 -9999 -9999 -9999 -9999 -9999 -9999 -9999 -9999 -9999 -9999 -9999 -9999 -9999 -9999 96 98 98 112 117 132 125 130 118 105 97 96 95 93 92 91 90 89 94 86 90 93 94 95 94 96 99 115 154 152 154 155 161 156 153 148 142 132 125 127 127 121 125 121 119 122 137 114 100 98 98 98 102 105 108 -9999 -9999 -9999 -9999 -9999 -9999 -9999
-9999 -9999 -9999 -9999 -9999 -9999 -9999 -9999 -9999 -9999 -9999 -9999 -9999 -9999 -9999 -9999 -9999 -9999 101 96 91 103 125 142 144 164 171 136 101 97 97 95 94 93 91 91 102 97 98 92 96 101 96 97 104 117 139 156 158 158 158 153 149 143 139 137 132 137 137 136 143 144 144 152 146 114 103 101 100 102 104 109 118 112 109 107 106 100 96 96
-9999 -9999 -9999 -9999 -9999 -9999 -9999 -9999 -9999 -9999 -9999 -9999 -9999 -9999 -9999 -9999 -9999 -9999 90 95 97 114 126 122 141 168 165 138 107 99 98 96 95 94 93 106 116 149 127 96 96 105 100 101 109 119 132 148 157 157 155 151 141 138 137 136 133 136 141 149 150 156 158 154 128 111 108 105 107 115 114 113 127 117 114 110 106 104 98 98
-9999 -9999 -9999 -9999 -9999 -9999 -9999 -9999 -9999 -9999 -9999 -9999 -9999 -9999 -9999 -9999 -9999 -9999 92 94 92 95 102 118 139 149 136 114 102 104 102 98 96 95 96 101 115 120 107 95 97 101 105 108 113 123 134 146 151 154 150 137 125 120 121 122 130 141 144 152 161 156 153 132 120 116 113 109 120 124 118 116 123 125 124 116 114 117 102 100
-9999 -9999 -9999 -9999 -9999 -9999 -9999 -9999 -9999 -9999 -9999 -9999 -9999 -9999 -9999 -9999 93 117 92 90 94 99 103 123 138 136 125 114 106 104 101 101 101 96 96 100 104 103 101 101 102 107 111 114 117 122 129 142 149 152 149 130 140 118 115 117 136 152 150 165 156 150 149 130 120 131 122 119 128 121 119 120 124 126 125 120 121 138 114 121
-9999 -9999 -9999 -9999 -9999 -9999 -9999 -9999 -9999 -9999 -9999 -9999 -9999 -9999 -9999 -9999 101 103 106 97 105 125 119 137 146 130 119 119 109 104 104 105 104 99 101 104 102 105 107 104 111 111 114 115 118 123 127 129 143 151 153 135 124 113 114 123 137 129 152 171 135 125 121 119 125 132 132 125 136 125 120 121 127 126 124 124 128 146 127 136
-9999 -9999 -9999 -9999 -9999 -9999 -9999 -9999 -9999 -9999 -9999 -9999 -9999 -9999 -9999 -9999 91 103 116 135 123 138 132 156 161 138 132 129 108 106 103 102 101 105 105 105 104 108 111 113 110 115 115 116 117 121 128 134 144 153 157 145 130 119 118 137 131 119 121 132 137 129 126 127 138 139 133 124 136 137 133 126 134 132 127 142 139 161 132 132
-9999 -9999 -9999 -9999 -9999 -9999 -9999 -9999 -9999 -9999 -9999 -9999 -9999 -9999 -9999 -9999 -9999 114 125 136 142 151 151 164 158 138 125 113 107 104 103 101 111 106 110 115 119 115 126 121 111 117 119 118 116 118 120 128 137 146 140 138 120 115 119 123 133 121 117 147 171 149 136 136 142 138 128 120 128 148 156 136 141 149 134 150 141 154 138 130
-9999 -9999 -9999 -9999 -9999 -9999 -9999 -9999 -9999 -9999 -9999 -9999 -9999 -9999 -9999 -9999 -9999 121 110 119 130 140 147 150 153 131 120 109 106 108 108 121 110 108 119 127 126 124 126 115 107 112 117 120 115 116 119 121 127 129 121 123 110 111 117 132 128 117 114 121 133 133 133 134 134 128 121 118 136 152 156 146 136 147 132 152 151 164 142 133
-9999 -9999 -9999 -9999 -9999 -9999 -9999 -9999 -9999 -9999 -9999 -9999 -9999 -9999 -9999 -9999 96 112 134 143 149 149 153 155 152 136 119 108 113 115 120 128 109 121 146 142 140 133 120 112 103 106 111 111 109 113 122 112 108 111 110 107 105 104 107 114 121 113 113 118 121 124 124 127 126 118 112 117 145 154 155 134 129 137 138 139 143 168 156 134
-9999 -9999 -9999 -9999 -9999 -9999 -9999 -9999 -9999 -9999 -9999 -9999 -9999 -9999 -9999 98 136 118 153 168 155 155 155 158 150 134 110 116 112 121 124 121 116 137 161 167 157 137 118 106 102 102 99 96 104 123 118 102 100 100 107 105 100 106 116 112 105 105 113 119 122 120 121 121 117 110 105 109 161 159 152 134 131 144 146 151 154 174 152 145
-9999 -9999 -9999 -9999 -9999 -9999 -9999 -9999 -9999 -9999 -9999 -9999 -9999 -9999 -9999 111 142 138 173 171 158 156 152 152 143 133 123 117 119 116 116 115 120 132 145 148 155 135 117 107 101 97 94 100 118 121 98 97 97 98 101 101 104 122 122 98 97 100 110 115 120 121 117 117 109 103 102 106 155 162 147 135 132 148 146 149 170 169 149 150
-9999 -9999 -9999 -9999 -9999 -9999 -9999 -9999 -9999 -9999 -9999 -9999 -9999 -9999 -9999 123 140 161 176 169 156 150 144 143 135 121 121 117 117 117 117 115 127 127 132 130 134 131 122 111 101 95 94 95 103 98 96 96 112 102 103 98 107 110 99 94 94 99 110 115 119 119 113 109 104 102 106 151 143 155 134 141 135 154 144 157 172 160 155 155
-9999 -9999 -9999 -9999 -9999 -9999 -9999 -9999 -9999 -9999 -9999 -9999 -9999 -9999 -9999 120 130 154 179 159 151 145 136 135 123 122 121 115 114 112 113 114 119 118 121 122 128 126 125 116 106 101 99 100 112 106 102 101 120 115 112 94 97 99 94 92 93 97 106 114 118 115 111 109 103 105 120 171 145 157 142 138 142 148 158 155 176 173 163 161
-9999 -9999 -9999 -9999 -9999 -9999 -9999 -9999 -9999 -9999 -9999 -9999 -9999 -9999 -9999 124 150 169 185 152 143 132 132 130 120 121 116 119 122 119 120 114 112 128 119 118 124 127 141 140 144 113 101 103 108 110 102 104 115 109 99 94 89 89 91 89 90 99 108 113 112 109 111 108 113 113 126 149 150 147 138 134 155 151 149 156 185 186 180 168
-9999 -9999 -9999 -9999 -9999 -9999 -9999 -9999 -9999 -9999 -9999 -9999 -9999 -9999 -9999 124 150 161 176 149 127 119 119 119 117 116 112 111 118 121 119 115 121 115 111 122 124 132 168 167 127 109 103 105 117 123 110 110 107 105 97 90 90 89 89 89 95 108 119 114 107 107 108 112 122 124 124 149 162 158 151 136 152 155 149 175 180 175 168 158
-9999 -9999 -9999 -9999 -9999 -9999 -9999 -9999 -9999 -9999 -9999 -9999 -9999 -9999 107 134 141 151 130 128 126 113 113 117 114 113 121 109 110 120 117 104 97 99 107 112 117 146 171 154 124 106 103 107 112 109 114 111 101 94 90 88 87 87 87 89 105 117 121 114 109 111 110 128 123 120 121 143 144 151 138 141 163 172 182 192 177 160 155 155
-9999 -9999 -9999 -9999 -9999 -9999 -9999 -9999 -9999 -9999 -9999 -9999 -9999 -9999 107 124 133 139 143 155 149 116 122 117 125 127 123 118 121 127 110 97 98 104 113 112 140 176 178 147 120 110 101 101 100 98 95 105 102 92 87 90 87 88 91 105 112 118 118 116 116 117 124 133 124 117 134 144 151 144 136 146 172 176 192 183 164 156 152 125
-9999 -9999 -9999 -9999 -9999 -9999 -9999 -9999 -9999 -9999 -9999 -9999 -9999 -9999 109 123 120 119 131 126 137 126 136 134 133 118 120 113 112 106 103 102 105 118 121 135 150 163 132 116 108 105 95 89 87 88 97 93 93 83 87 110 93 94 102 116 117 116 117 120 123 129 137 133 123 139 158 160 159 146 164 177 176 158 181 179 176 161 147 125
-9999 -9999 -9999 -9999 -9999 -9999 -9999 -9999 -9999 -9999 -9999 -9999 -9999 -9999 112 122 130 136 142 144 134 138 141 133 127 115 110 108 104 104 100 100 97 116 145 163 178 151 134 120 111 99 87 86 86 85 84 86 85 82 90 99 103 104 116 117 117 116 119 125 133 140 149 135 130 156 154 150 138 150 171 168 156 145 154 161 152 149 142 121
-9999 -9999 -9999 -9999 -9999 -9999 -9999 -9999 -9999 -9999 -9999 -9999 -9999 -9999 123 132 131 135 146 158 161 156 146 127 122 110 107 105 112 101 104 104 100 116 158 168 163 173 162 135 109 94 87 87 86 86 85 84 83 83 89 96 108 117 118 117 119 120 124 131 142 145 154 139 146 160 147 159 143 161 149 148 136 136 131 138 148 129 107 109
-9999 -9999 -9999 -9999 -9999 -9999 -9999 -9999 -9999 -9999 -9999 -9999 -9999 113 120 127 132 145 159 166 165 155 139 126 116 118 128 125 118 98 102 97 94 113 113 121 147 178 177 147 112 104 104 97 88 87 87 86 85 91 92 99 112 121 123 120 122 126 130 138 145 149 157 153 159 167 167 165 123 147 138 145 148 153 131 112 113 107 100 97
-9999 -9999 -9999 -9999 -9999 -9999 -9999 -9999 -9999 -9999 -9999 -9999 115 131 124 127 133 141 154 166 166 163 149 119 119 125 126 119 124 99 96 96 91 94 97 110 144 174 163 131 99 94 94 90 89 89 89 87 91 99 99 102 112 121 128 127 125 128 133 141 142 158 160 161 169 160 153 150 141 115 139 134 130 124 117 107 97 100 102 99
-9999 -9999 -9999 -9999 -9999 -9999 -9999 -9999 -9999 -9999 -9999 120 136 137 138 139 136 137 150 162 162 159 141 123 116 118 123 110 118 101 95 94 90 90 93 113 141 145 135 117 116 103 93 92 92 92 93 104 114 108 109 108 112 125 129 132 128 135 135 143 137 157 153 157 153 168 151 122 135 135 104 103 103 105 103 99 103 93 85 93
-9999 -9999 -9999 -9999 -9999 -9999 -9999 -9999 -9999 -9999 120 128 137 136 147 161 159 166 160 162 159 156 135 125 115 116 117 107 105 98 96 97 95 91 93 115 122 140 130 126 147 116 94 95 96 99 101 115 118 120 108 113 121 134 133 133 133 134 140 141 137 153 144 160 171 153 139 121 142 111 108 109 97 92 91 90 90 84 84 86
-9999 -9999 -9999 -9999 106 108 115 119 122 122 127 139 142 140 160 161 160 161 153 150 152 144 137 125 116 118 115 113 116 110 112 104 108 101 113 113 128 138 137 139 193 172 105 101 104 106 109 110 117 123 123 130 151 161 133 137 146 142 142 141 134 134 133 134 156 140 119 119 129 106 109 104 97 101 95 91 89 87 88 87
