Electronic Materials (Flash Drives)/data/NZclimate/2050/miroc_8_2050/bio14nz.asc
ncols         384
nrows         384
xllcorner     164
yllcorner     -49
cellsize      0.041666666666667
NODATA_value  -9999
[rows 216 to 251 of 384, columns 160 to 239 of 384]
-9999 -9999 -9999 -9999 -9999 -9999 -9999 -9999 -9999 -9999 -9999 -9999 -9999 -9999 -9999 -9999 153 163 169 164 173 210 209 207 200 189 171 136 126 127 133 150 155 162 161 146 126 133 137 121 111 118 120 113 106 131 115 135 116 133 132 127 114 90 109 112 116 109 115 90 85 85 87 101 60 56 57 75 79 103 124 142 92 61 60 59 62 56 55 51
-9999 -9999 -9999 -9999 -9999 -9999 -9999 -9999 -9999 -9999 -9999 -9999 -9999 -9999 -9999 -9999 164 179 156 164 210 217 211 201 206 195 150 131 125 130 148 156 153 158 159 151 126 130 121 120 123 126 136 117 112 143 119 131 137 135 114 109 99 102 96 115 95 111 100 79 75 82 61 54 58 64 58 79 110 119 71 66 63 62 62 62 61 58 55 49
-9999 -9999 -9999 -9999 -9999 -9999 -9999 -9999 -9999 -9999 -9999 -9999 -9999 -9999 -9999 150 166 158 169 201 219 205 199 205 196 162 138 143 124 142 149 153 164 154 155 157 128 116 118 117 117 135 140 120 110 142 127 138 136 135 115 119 129 98 98 95 79 84 74 70 68 60 56 64 71 75 84 118 80 72 62 65 62 69 72 64 61 62 55 -9999
-9999 -9999 -9999 -9999 -9999 -9999 -9999 -9999 -9999 -9999 -9999 -9999 -9999 -9999 -9999 150 158 175 189 211 220 206 205 186 151 137 138 145 144 148 151 149 145 153 159 156 133 115 119 126 126 126 150 128 109 135 140 123 121 136 117 105 105 95 82 90 79 75 70 91 67 66 77 88 75 74 101 69 64 67 66 66 91 116 68 65 63 59 53 -9999
-9999 -9999 -9999 -9999 -9999 -9999 -9999 -9999 -9999 -9999 -9999 -9999 -9999 -9999 -9999 151 178 191 211 222 211 207 169 151 138 137 142 152 164 165 141 163 162 159 158 156 131 115 116 123 126 128 151 140 110 121 144 112 122 111 107 113 113 94 82 85 88 75 82 84 85 81 78 67 63 61 64 69 64 62 76 81 138 82 66 67 67 60 -9999 -9999
-9999 -9999 -9999 -9999 -9999 -9999 -9999 -9999 -9999 -9999 -9999 -9999 -9999 -9999 -9999 155 203 227 228 207 175 165 155 143 134 145 144 161 173 170 155 162 164 155 157 150 127 116 117 122 123 124 147 119 131 134 125 102 117 104 103 111 109 101 87 106 91 72 76 73 73 70 67 70 69 68 66 63 63 76 123 116 92 70 72 71 66 -9999 -9999 -9999
-9999 -9999 -9999 -9999 -9999 -9999 -9999 -9999 -9999 -9999 -9999 -9999 -9999 -9999 -9999 196 235 237 213 183 157 152 142 134 134 140 154 172 179 175 169 157 163 158 151 149 125 121 126 122 140 128 138 146 128 104 110 102 114 114 94 110 110 97 91 84 76 74 81 70 81 95 72 69 66 66 65 75 82 94 84 73 76 77 75 73 -9999 -9999 -9999 -9999
-9999 -9999 -9999 -9999 -9999 -9999 -9999 -9999 -9999 -9999 -9999 -9999 -9999 -9999 187 226 239 231 196 164 150 143 137 145 156 143 153 166 167 172 169 165 161 155 147 140 123 120 120 120 122 131 126 122 122 115 95 98 102 110 94 95 102 97 89 79 77 87 78 86 78 73 69 66 65 65 70 76 72 72 72 77 82 72 -9999 -9999 -9999 -9999 -9999 -9999
-9999 -9999 -9999 -9999 -9999 -9999 -9999 -9999 -9999 -9999 -9999 -9999 -9999 159 194 237 241 195 176 157 155 155 156 167 178 159 155 159 162 166 164 165 163 156 149 133 125 122 122 130 124 119 126 116 109 107 92 100 107 109 92 88 85 83 84 79 84 80 82 84 74 73 70 71 69 71 76 77 77 79 78 75 68 -9999 -9999 -9999 -9999 -9999 -9999 -9999
-9999 -9999 -9999 -9999 -9999 -9999 -9999 -9999 -9999 -9999 -9999 -9999 -9999 177 180 228 237 180 167 169 179 185 183 173 173 179 180 179 178 178 168 161 160 152 140 131 131 126 127 120 129 114 125 114 121 110 93 95 99 92 85 82 83 82 79 78 79 77 74 75 75 73 74 72 76 78 77 75 73 72 67 62 60 -9999 -9999 -9999 -9999 -9999 -9999 -9999
-9999 -9999 -9999 -9999 -9999 -9999 -9999 -9999 -9999 -9999 -9999 -9999 159 171 176 193 183 181 195 193 193 189 201 200 191 174 174 187 185 180 172 164 158 148 145 138 142 133 128 130 122 110 123 115 119 100 85 93 93 101 86 84 87 82 82 90 79 77 85 84 73 78 81 80 80 79 77 76 76 70 61 -9999 60 57 -9999 -9999 -9999 -9999 -9999 -9999
-9999 -9999 -9999 -9999 -9999 -9999 -9999 -9999 -9999 -9999 -9999 -9999 169 192 184 198 194 192 216 225 221 217 207 212 205 192 171 180 184 178 171 165 157 148 144 141 139 137 132 122 116 99 120 100 98 84 92 107 104 99 86 81 81 79 86 81 77 78 78 80 81 81 80 79 78 78 76 75 72 -9999 -9999 -9999 -9999 -9999 -9999 -9999 -9999 -9999 -9999 -9999
-9999 -9999 -9999 -9999 -9999 -9999 -9999 -9999 -9999 -9999 -9999 173 178 211 218 220 227 214 222 230 233 229 221 222 222 206 185 174 180 179 171 163 157 147 141 136 137 123 116 120 108 98 107 103 101 81 95 93 79 76 75 75 78 79 79 79 80 80 80 81 80 79 79 77 76 77 75 70 64 -9999 -9999 -9999 -9999 -9999 -9999 -9999 -9999 -9999 -9999 -9999
-9999 -9999 -9999 -9999 -9999 -9999 -9999 -9999 -9999 -9999 182 183 198 205 222 236 252 250 234 231 235 236 242 232 215 208 192 180 178 177 167 160 155 148 141 144 132 130 133 114 92 114 106 86 83 78 76 73 70 69 70 72 74 77 78 79 76 75 74 78 79 78 77 75 75 76 72 65 64 -9999 -9999 -9999 -9999 -9999 -9999 -9999 -9999 -9999 -9999 -9999
-9999 -9999 -9999 -9999 -9999 -9999 -9999 -9999 -9999 -9999 198 201 211 236 241 255 260 257 249 243 242 236 246 240 227 213 207 192 187 175 168 159 151 149 145 134 132 115 113 101 89 81 76 73 71 73 80 87 77 72 70 73 74 73 68 66 65 66 68 71 72 73 72 71 71 67 64 57 -9999 -9999 -9999 -9999 -9999 -9999 -9999 -9999 -9999 -9999 -9999 -9999
-9999 -9999 -9999 -9999 -9999 -9999 -9999 -9999 200 203 216 227 227 227 247 263 269 263 269 260 259 244 247 237 212 202 212 187 181 174 165 159 150 144 142 129 124 106 120 114 99 91 96 89 86 77 87 85 71 70 66 70 66 60 59 59 59 61 63 66 71 67 66 68 70 72 61 -9999 -9999 -9999 -9999 -9999 -9999 -9999 -9999 -9999 -9999 -9999 -9999 -9999
-9999 -9999 -9999 -9999 -9999 -9999 -9999 206 206 214 232 251 249 241 248 260 244 248 282 279 269 253 226 239 209 196 196 181 176 172 163 154 144 132 121 119 104 98 127 123 107 109 93 105 100 69 79 81 66 69 62 59 57 56 57 58 59 58 63 63 71 64 61 61 71 66 58 -9999 -9999 -9999 -9999 -9999 -9999 -9999 -9999 -9999 -9999 -9999 -9999 -9999
-9999 -9999 -9999 -9999 -9999 -9999 215 214 223 238 239 246 257 260 250 258 249 269 281 281 269 230 223 221 198 195 192 186 175 166 161 154 150 140 132 119 108 97 88 90 90 94 77 93 72 65 69 69 63 62 59 59 54 52 53 55 57 61 67 63 61 58 56 57 69 65 -9999 -9999 -9999 -9999 -9999 -9999 -9999 -9999 -9999 -9999 -9999 -9999 -9999 -9999
-9999 -9999 -9999 -9999 -9999 223 224 229 224 238 255 261 261 258 254 256 263 262 264 261 237 234 253 240 238 219 196 179 169 163 157 151 146 143 135 115 104 91 78 75 83 99 70 71 66 65 65 63 60 54 50 47 46 48 50 55 66 67 63 63 62 59 58 61 63 60 -9999 -9999 -9999 -9999 -9999 -9999 -9999 -9999 -9999 -9999 -9999 -9999 -9999 -9999
-9999 -9999 -9999 -9999 227 227 228 236 234 243 251 262 245 257 253 231 214 215 232 260 218 247 229 206 203 191 175 173 166 161 155 149 147 144 132 115 93 90 93 81 77 95 67 66 65 62 59 57 54 50 46 44 44 45 51 62 65 60 60 63 63 58 57 65 65 -9999 -9999 -9999 -9999 -9999 -9999 -9999 -9999 -9999 -9999 -9999 -9999 -9999 -9999 -9999
-9999 -9999 -9999 228 229 233 231 234 237 236 242 255 234 234 235 230 227 209 233 202 202 226 203 191 187 186 179 174 169 159 149 145 145 148 135 121 117 124 116 86 77 77 66 65 64 61 57 54 50 46 43 44 48 49 50 54 56 56 60 63 58 55 58 57 -9999 -9999 -9999 -9999 -9999 -9999 -9999 -9999 -9999 -9999 -9999 -9999 -9999 -9999 -9999 -9999
-9999 231 233 232 232 233 235 236 236 236 239 243 232 218 213 208 209 198 208 190 190 194 189 180 176 175 168 165 161 153 146 136 141 136 124 118 120 126 102 78 72 69 66 65 63 56 54 51 49 48 56 60 52 47 51 50 52 54 55 56 55 53 54 56 -9999 -9999 -9999 -9999 -9999 -9999 -9999 -9999 -9999 -9999 -9999 -9999 -9999 -9999 -9999 -9999
236 234 235 229 227 225 226 229 232 229 214 209 206 202 198 197 194 193 193 189 186 193 184 177 174 173 167 163 156 146 141 138 125 120 114 105 117 122 103 80 80 71 66 64 62 54 55 51 48 49 50 47 44 44 45 50 53 53 55 55 54 54 52 -9999 -9999 -9999 -9999 -9999 -9999 -9999 -9999 -9999 -9999 -9999 -9999 -9999 -9999 -9999 -9999 -9999
235 235 224 221 225 209 210 212 214 198 198 192 194 191 195 190 189 192 189 188 190 183 189 175 169 169 162 156 150 138 143 139 123 109 117 127 118 107 90 87 79 72 65 64 57 55 59 52 49 49 46 45 44 43 50 49 49 52 52 52 54 51 -9999 -9999 -9999 -9999 -9999 -9999 -9999 -9999 -9999 -9999 -9999 -9999 -9999 -9999 -9999 -9999 -9999 -9999
236 233 222 207 213 208 196 194 202 190 187 184 186 194 183 180 185 186 184 178 179 178 176 169 164 158 152 144 149 132 132 134 114 115 128 118 102 113 94 76 72 69 67 64 56 62 61 54 47 45 42 42 42 45 48 46 48 48 48 -9999 -9999 -9999 -9999 -9999 -9999 -9999 -9999 -9999 -9999 -9999 -9999 -9999 -9999 -9999 -9999 -9999 -9999 -9999 -9999 -9999
220 226 212 203 196 191 196 192 182 179 181 185 188 185 169 164 171 180 174 168 171 166 162 162 160 150 138 132 129 121 115 110 115 131 115 98 94 83 76 77 74 70 65 63 60 54 51 50 46 43 42 45 48 47 46 46 47 45 -9999 -9999 -9999 -9999 -9999 -9999 -9999 -9999 -9999 -9999 -9999 -9999 -9999 -9999 -9999 -9999 -9999 -9999 -9999 -9999 -9999 -9999
208 217 195 195 199 201 200 177 172 189 191 177 192 177 167 151 148 174 173 156 167 171 158 157 157 153 133 137 120 118 109 113 139 111 100 91 80 77 80 77 72 71 68 68 66 60 52 49 46 44 42 45 44 43 44 -9999 -9999 -9999 -9999 -9999 -9999 -9999 -9999 -9999 -9999 -9999 -9999 -9999 -9999 -9999 -9999 -9999 -9999 -9999 -9999 -9999 -9999 -9999 -9999 -9999
196 197 187 184 188 196 201 169 183 187 178 157 186 169 159 148 121 135 159 151 138 150 143 153 146 133 130 121 113 110 106 107 124 106 97 81 77 79 81 79 72 64 62 59 59 56 51 49 46 44 42 42 43 -9999 -9999 -9999 -9999 -9999 -9999 -9999 -9999 -9999 -9999 -9999 -9999 -9999 -9999 -9999 -9999 -9999 -9999 -9999 -9999 -9999 -9999 -9999 -9999 -9999 -9999 -9999
193 193 197 190 184 198 200 171 188 180 164 140 180 157 173 168 130 93 100 132 105 106 155 158 128 113 114 110 104 99 98 108 101 91 86 82 83 83 77 72 72 62 60 58 56 54 52 49 46 43 43 -9999 -9999 -9999 -9999 -9999 -9999 -9999 -9999 -9999 -9999 -9999 -9999 -9999 -9999 -9999 -9999 -9999 -9999 -9999 -9999 -9999 -9999 -9999 -9999 -9999 -9999 -9999 -9999 -9999
180 179 170 181 183 203 197 181 171 177 177 145 121 118 127 145 135 91 93 88 116 105 140 160 123 102 116 126 129 108 93 92 91 97 94 81 80 76 69 65 62 60 58 56 55 54 51 48 44 43 -9999 -9999 -9999 -9999 -9999 -9999 -9999 -9999 -9999 -9999 -9999 -9999 -9999 -9999 -9999 -9999 -9999 -9999 -9999 -9999 -9999 -9999 -9999 -9999 -9999 -9999 -9999 -9999 -9999 -9999
176 189 173 181 201 183 158 149 135 141 146 135 120 99 94 89 84 87 100 73 87 80 126 141 118 124 133 123 104 95 87 85 84 80 76 75 71 67 64 61 60 58 56 54 53 52 48 46 44 42 -9999 -9999 -9999 -9999 -9999 -9999 -9999 -9999 -9999 -9999 -9999 -9999 -9999 -9999 -9999 -9999 -9999 -9999 -9999 -9999 -9999 -9999 -9999 -9999 -9999 -9999 -9999 -9999 -9999 -9999
205 214 198 200 180 173 175 191 185 145 113 106 113 106 97 89 80 74 73 77 61 68 86 122 111 105 92 90 83 83 77 75 74 71 69 66 64 62 60 58 56 54 53 51 50 48 46 44 42 42 -9999 -9999 -9999 -9999 -9999 -9999 -9999 -9999 -9999 -9999 -9999 -9999 -9999 -9999 -9999 -9999 -9999 -9999 -9999 -9999 -9999 -9999 -9999 -9999 -9999 -9999 -9999 -9999 -9999 -9999
196 194 166 184 200 168 156 201 175 164 128 112 146 152 152 151 127 122 98 64 60 61 66 84 117 129 97 85 84 82 72 71 68 65 64 62 60 58 56 54 53 51 50 48 47 46 44 42 41 -9999 -9999 -9999 -9999 -9999 -9999 -9999 -9999 -9999 -9999 -9999 -9999 -9999 -9999 -9999 -9999 -9999 -9999 -9999 -9999 -9999 -9999 -9999 -9999 -9999 -9999 -9999 -9999 -9999 -9999 -9999
165 195 157 150 182 135 172 160 152 135 141 97 96 130 136 138 124 149 136 84 86 68 65 75 112 92 81 79 81 76 70 67 63 61 59 58 56 54 52 51 49 48 47 46 45 43 42 40 39 38 -9999 -9999 -9999 -9999 -9999 -9999 -9999 -9999 -9999 -9999 -9999 -9999 -9999 -9999 -9999 -9999 -9999 -9999 -9999 -9999 -9999 -9999 -9999 -9999 -9999 -9999 -9999 -9999 -9999 -9999
141 171 179 122 128 142 155 162 159 127 118 93 85 108 154 138 122 139 125 107 141 87 73 71 76 77 78 79 76 69 65 61 59 57 55 53 51 50 49 48 47 46 46 44 43 41 39 38 37 37 -9999 -9999 -9999 -9999 -9999 -9999 -9999 -9999 -9999 -9999 -9999 -9999 -9999 -9999 -9999 -9999 -9999 -9999 -9999 -9999 -9999 -9999 -9999 -9999 -9999 -9999 -9999 -9999 -9999 -9999
142 126 157 140 99 158 147 127 165 119 134 86 82 88 116 165 143 105 93 122 145 100 74 76 77 81 78 74 69 63 60 56 54 52 51 50 48 47 46 45 45 45 44 43 41 39 37 36 35 35 -9999 -9999 -9999 -9999 -9999 -9999 -9999 -9999 -9999 -9999 -9999 -9999 -9999 -9999 -9999 -9999 -9999 -9999 -9999 -9999 -9999 -9999 -9999 -9999 -9999 -9999 -9999 -9999 -9999 -9999
