Electronic Materials (Flash Drives)/data/NZclimate/LGM/CCSM4_LGM/bio06nz.asc
ncols         384
nrows         384
xllcorner     164
yllcorner     -49
cellsize      0.041666666666667
NODATA_value  -9999
[rows 74 to 110 of 384, columns 246 to 327 of 384]
27 26 26 26 22 23 26 28 29 29 30 31 31 31 32 32 32 32 31 33 33 33 34 33 34 32 23 24 27 28 32 32 35 36 38 38 40 39 41 41 42 43 44 45 46 46 46 -9999 -9999 -9999 -9999 -9999 -9999 -9999 -9999 -9999 -9999 -9999 -9999 -9999 -9999 -9999 -9999 -9999 -9999 -9999 -9999 -9999 -9999 -9999 -9999 -9999 -9999 -9999 -9999 -9999 -9999 -9999 -9999 -9999 -9999 -9999
27 26 27 27 27 26 26 27 28 27 29 30 31 31 31 31 32 32 30 30 33 32 32 32 33 28 26 26 25 28 31 31 34 35 37 38 39 40 40 40 42 42 44 45 47 -9999 -9999 -9999 -9999 -9999 -9999 -9999 -9999 -9999 -9999 -9999 -9999 -9999 -9999 -9999 -9999 -9999 -9999 -9999 -9999 -9999 -9999 -9999 -9999 -9999 -9999 -9999 -9999 -9999 -9999 -9999 -9999 -9999 -9999 -9999 -9999 -9999
28 27 26 26 26 25 24 23 24 26 26 28 29 29 30 30 30 29 30 14 11 27 30 30 30 26 26 16 18 26 31 31 33 35 35 36 37 38 39 39 41 42 43 44 -9999 -9999 -9999 -9999 -9999 -9999 -9999 -9999 -9999 -9999 -9999 -9999 -9999 -9999 -9999 -9999 -9999 -9999 -9999 -9999 -9999 -9999 -9999 -9999 -9999 -9999 -9999 -9999 -9999 -9999 -9999 -9999 -9999 -9999 -9999 -9999 -9999 -9999
27 28 26 26 25 27 25 24 23 23 23 27 27 28 29 29 30 30 29 19 17 28 28 28 29 25 25 22 24 27 31 31 32 34 34 35 37 37 39 39 41 41 41 43 -9999 -9999 -9999 -9999 -9999 -9999 -9999 -9999 -9999 -9999 -9999 -9999 -9999 -9999 -9999 -9999 -9999 -9999 -9999 -9999 -9999 -9999 -9999 -9999 -9999 -9999 -9999 -9999 -9999 -9999 -9999 -9999 -9999 -9999 -9999 -9999 -9999 -9999
26 26 27 27 27 26 25 24 23 21 21 21 19 24 27 28 29 30 28 28 29 28 28 28 29 29 29 25 23 22 25 28 30 33 34 35 36 37 37 37 38 39 41 42 -9999 -9999 -9999 -9999 -9999 -9999 -9999 -9999 -9999 -9999 -9999 -9999 -9999 -9999 -9999 -9999 -9999 -9999 -9999 -9999 -9999 -9999 -9999 -9999 -9999 -9999 -9999 -9999 -9999 -9999 -9999 -9999 -9999 -9999 -9999 -9999 -9999 -9999
27 26 27 26 26 25 24 23 18 16 19 22 23 24 27 28 29 29 29 29 28 28 29 28 30 29 30 30 23 24 19 28 30 32 34 34 35 35 36 37 38 39 39 42 -9999 -9999 -9999 -9999 -9999 -9999 -9999 -9999 -9999 -9999 -9999 -9999 -9999 -9999 -9999 -9999 -9999 -9999 -9999 -9999 -9999 -9999 -9999 -9999 -9999 -9999 -9999 -9999 -9999 -9999 -9999 -9999 -9999 -9999 -9999 -9999 -9999 -9999
27 25 25 26 25 23 23 19 17 17 24 24 24 25 24 27 28 28 29 28 28 28 28 28 29 29 29 28 29 27 21 28 30 32 31 32 32 33 34 35 36 37 39 41 -9999 -9999 -9999 -9999 -9999 -9999 -9999 -9999 -9999 -9999 -9999 -9999 -9999 -9999 -9999 -9999 -9999 -9999 -9999 -9999 -9999 -9999 -9999 -9999 -9999 -9999 -9999 -9999 -9999 -9999 -9999 -9999 -9999 -9999 -9999 -9999 -9999 -9999
27 27 25 26 25 24 23 21 21 24 24 25 25 24 23 26 27 29 29 27 27 27 28 28 29 29 28 27 29 29 30 29 31 31 32 30 31 30 33 34 35 35 37 39 -9999 -9999 -9999 -9999 -9999 -9999 -9999 -9999 -9999 -9999 -9999 -9999 -9999 -9999 -9999 -9999 -9999 -9999 -9999 -9999 -9999 -9999 -9999 -9999 -9999 -9999 -9999 -9999 -9999 -9999 -9999 -9999 -9999 -9999 -9999 -9999 -9999 -9999
26 27 27 27 25 21 20 23 21 22 23 25 24 25 23 26 27 28 27 27 28 28 28 28 29 28 28 27 28 28 29 29 30 29 30 30 25 28 30 33 35 35 36 38 41 -9999 -9999 -9999 -9999 -9999 -9999 -9999 -9999 -9999 -9999 -9999 -9999 -9999 -9999 -9999 -9999 -9999 -9999 -9999 -9999 -9999 -9999 -9999 -9999 -9999 -9999 -9999 -9999 -9999 -9999 -9999 -9999 -9999 -9999 -9999 -9999 -9999
25 27 27 27 25 21 23 22 17 20 24 26 23 25 25 26 27 27 28 28 28 28 28 27 28 26 21 15 26 26 28 29 29 29 30 29 30 30 31 32 33 34 34 36 40 -9999 -9999 -9999 -9999 -9999 -9999 -9999 -9999 -9999 -9999 -9999 -9999 -9999 -9999 -9999 -9999 -9999 -9999 -9999 -9999 -9999 -9999 -9999 -9999 -9999 -9999 -9999 -9999 -9999 -9999 -9999 -9999 -9999 -9999 -9999 -9999 -9999
26 27 28 27 27 24 23 20 21 23 24 25 27 27 27 28 28 29 28 28 28 27 28 28 28 25 8 3 16 23 20 27 27 27 28 28 29 29 31 31 32 32 33 35 36 39 -9999 -9999 -9999 -9999 -9999 -9999 -9999 -9999 -9999 -9999 -9999 -9999 -9999 -9999 -9999 -9999 -9999 -9999 -9999 -9999 -9999 -9999 -9999 -9999 -9999 -9999 -9999 -9999 -9999 -9999 -9999 -9999 -9999 -9999 -9999 -9999
24 25 25 27 26 24 22 21 21 23 24 27 27 26 27 28 28 28 28 27 27 27 28 27 27 27 20 12 12 18 20 26 26 26 26 26 26 27 29 30 30 30 33 34 35 37 -9999 -9999 -9999 -9999 -9999 -9999 -9999 -9999 -9999 -9999 -9999 -9999 -9999 -9999 -9999 -9999 -9999 -9999 -9999 -9999 -9999 -9999 -9999 -9999 -9999 -9999 -9999 -9999 -9999 -9999 -9999 -9999 -9999 -9999 -9999 -9999
26 24 26 26 25 23 23 22 23 25 26 26 25 27 27 26 28 28 28 28 28 28 28 28 28 27 27 24 21 20 22 20 26 27 25 26 24 18 25 27 22 27 29 31 33 34 -9999 -9999 -9999 -9999 -9999 -9999 -9999 -9999 -9999 -9999 -9999 -9999 -9999 -9999 -9999 -9999 -9999 -9999 -9999 -9999 -9999 -9999 -9999 -9999 -9999 -9999 -9999 -9999 -9999 -9999 -9999 -9999 -9999 -9999 -9999 -9999
27 25 23 26 25 24 24 24 22 23 24 25 27 27 28 27 28 28 28 28 28 27 27 26 27 27 27 26 21 20 14 20 27 25 25 27 23 19 25 23 24 24 27 30 32 33 36 -9999 -9999 -9999 -9999 -9999 -9999 -9999 -9999 -9999 -9999 -9999 -9999 -9999 -9999 -9999 -9999 -9999 -9999 -9999 -9999 -9999 -9999 -9999 -9999 -9999 -9999 -9999 -9999 -9999 -9999 -9999 -9999 -9999 -9999 -9999
28 26 25 25 26 23 22 22 22 24 25 26 28 29 28 29 29 28 27 27 27 27 26 27 26 26 26 25 20 10 13 18 17 24 25 26 22 26 24 24 24 24 25 27 29 30 33 36 -9999 -9999 -9999 -9999 -9999 -9999 -9999 -9999 -9999 -9999 -9999 -9999 -9999 -9999 -9999 -9999 -9999 -9999 -9999 -9999 -9999 -9999 -9999 -9999 -9999 -9999 -9999 -9999 -9999 -9999 -9999 -9999 -9999 -9999
27 27 26 23 25 22 24 23 23 23 24 25 26 29 28 27 26 28 27 26 26 23 26 26 26 26 26 25 21 19 10 13 20 22 20 18 17 20 24 23 23 24 24 25 27 30 34 -9999 -9999 -9999 -9999 -9999 -9999 -9999 -9999 -9999 -9999 -9999 -9999 -9999 -9999 -9999 -9999 -9999 -9999 -9999 -9999 -9999 -9999 -9999 -9999 -9999 -9999 -9999 -9999 -9999 -9999 -9999 -9999 -9999 -9999 -9999
29 28 28 26 24 25 25 25 25 26 26 26 28 28 26 27 25 27 26 26 26 22 20 25 26 26 26 24 22 23 16 11 20 19 16 17 19 22 22 23 24 24 24 24 26 29 34 -9999 -9999 -9999 -9999 -9999 -9999 -9999 -9999 -9999 -9999 -9999 -9999 -9999 -9999 -9999 -9999 -9999 -9999 -9999 -9999 -9999 -9999 -9999 -9999 -9999 -9999 -9999 -9999 -9999 -9999 -9999 -9999 -9999 -9999 -9999
29 28 28 27 24 22 23 24 25 26 27 27 29 29 28 26 28 27 26 25 22 22 26 26 25 25 26 25 21 19 15 10 11 13 19 21 16 21 21 24 26 26 25 26 26 27 30 33 -9999 -9999 -9999 -9999 -9999 -9999 -9999 -9999 -9999 -9999 -9999 -9999 -9999 -9999 -9999 -9999 -9999 -9999 -9999 -9999 -9999 -9999 -9999 -9999 -9999 -9999 -9999 -9999 -9999 -9999 -9999 -9999 -9999 -9999
29 28 28 28 24 22 22 25 26 28 29 29 29 30 29 29 29 29 28 28 26 26 24 25 24 24 25 22 18 20 8 8 14 18 20 16 17 18 21 21 23 25 26 25 26 25 25 26 29 -9999 -9999 -9999 -9999 -9999 -9999 -9999 -9999 -9999 -9999 -9999 -9999 -9999 -9999 -9999 -9999 -9999 -9999 -9999 -9999 -9999 -9999 -9999 -9999 -9999 -9999 -9999 -9999 -9999 -9999 -9999 -9999 -9999
29 28 28 29 26 20 18 21 25 27 28 27 26 28 28 28 27 28 24 23 27 26 24 25 24 24 23 24 16 9 5 0 11 16 19 17 17 15 12 20 21 23 23 24 24 24 23 25 28 -9999 -9999 -9999 -9999 -9999 -9999 -9999 -9999 -9999 -9999 -9999 -9999 -9999 -9999 -9999 -9999 -9999 -9999 -9999 -9999 -9999 -9999 -9999 -9999 -9999 -9999 -9999 -9999 -9999 -9999 -9999 -9999 -9999
29 28 28 28 27 20 12 13 23 25 28 28 29 29 29 28 26 27 22 25 26 24 22 22 24 25 23 23 21 15 12 3 0 9 16 15 11 13 11 21 21 21 21 21 18 19 20 23 27 -9999 -9999 -9999 -9999 -9999 -9999 -9999 -9999 -9999 -9999 -9999 -9999 -9999 -9999 -9999 -9999 -9999 -9999 -9999 -9999 -9999 -9999 -9999 -9999 -9999 -9999 -9999 -9999 -9999 -9999 -9999 -9999 -9999
38 31 29 29 30 20 12 18 23 28 29 29 28 28 28 27 25 25 23 26 23 16 17 19 21 25 22 22 22 19 13 3 1 7 7 4 5 7 15 19 19 21 21 19 18 17 20 24 27 -9999 -9999 -9999 -9999 -9999 -9999 -9999 -9999 -9999 -9999 -9999 -9999 -9999 -9999 -9999 -9999 -9999 -9999 -9999 -9999 -9999 -9999 -9999 -9999 -9999 -9999 -9999 -9999 -9999 -9999 -9999 -9999 -9999
32 32 31 29 28 24 16 25 28 28 28 28 29 29 28 27 25 25 25 23 15 10 9 4 13 22 25 22 21 22 12 -2 -1 -5 -10 -2 1 9 14 4 16 17 19 19 19 19 22 25 -9999 -9999 -9999 -9999 -9999 -9999 -9999 -9999 -9999 -9999 -9999 -9999 -9999 -9999 -9999 -9999 -9999 -9999 -9999 -9999 -9999 -9999 -9999 -9999 -9999 -9999 -9999 -9999 -9999 -9999 -9999 -9999 -9999 -9999
30 31 29 30 29 26 26 20 25 26 28 28 28 28 28 26 26 23 16 19 15 9 6 3 15 21 24 21 21 21 10 -2 -4 0 -5 3 13 13 10 8 14 16 18 21 21 21 22 25 -9999 -9999 -9999 -9999 -9999 -9999 -9999 -9999 -9999 -9999 -9999 -9999 -9999 -9999 -9999 -9999 -9999 -9999 -9999 -9999 -9999 -9999 -9999 -9999 -9999 -9999 -9999 -9999 -9999 -9999 -9999 -9999 -9999 -9999
31 30 28 29 28 27 26 21 23 25 27 27 27 27 25 25 26 22 14 18 16 13 8 8 19 21 24 21 20 20 11 -1 1 6 -6 8 8 4 9 13 14 14 17 20 20 20 21 -9999 -9999 -9999 -9999 -9999 -9999 -9999 -9999 -9999 -9999 -9999 -9999 -9999 -9999 -9999 -9999 -9999 -9999 -9999 -9999 -9999 -9999 -9999 -9999 -9999 -9999 -9999 -9999 -9999 -9999 -9999 -9999 -9999 -9999 -9999
32 30 28 29 28 28 27 24 21 24 26 26 25 25 24 24 24 23 15 14 15 14 11 15 17 20 23 20 19 18 16 11 9 3 -3 6 6 5 12 7 13 13 14 15 18 19 23 -9999 -9999 -9999 -9999 -9999 -9999 -9999 -9999 -9999 -9999 -9999 -9999 -9999 -9999 -9999 -9999 -9999 -9999 -9999 -9999 -9999 -9999 -9999 -9999 -9999 -9999 -9999 -9999 -9999 -9999 -9999 -9999 -9999 -9999 -9999
31 30 29 29 28 28 28 27 19 22 23 24 23 23 22 22 20 16 12 13 17 17 17 17 14 17 19 17 17 16 15 14 7 -1 -11 0 1 6 9 9 12 12 12 13 16 18 22 -9999 -9999 -9999 -9999 -9999 -9999 -9999 -9999 -9999 -9999 -9999 -9999 -9999 -9999 -9999 -9999 -9999 -9999 -9999 -9999 -9999 -9999 -9999 -9999 -9999 -9999 -9999 -9999 -9999 -9999 -9999 -9999 -9999 -9999 -9999
32 30 30 28 28 27 28 26 22 18 22 23 22 22 20 19 19 18 18 22 22 20 18 17 12 11 16 16 15 15 14 14 12 10 -1 -1 -2 1 9 7 11 12 12 14 16 19 21 22 21 22 -9999 -9999 -9999 -9999 -9999 -9999 -9999 -9999 -9999 -9999 -9999 -9999 -9999 -9999 -9999 -9999 -9999 -9999 -9999 -9999 -9999 -9999 -9999 -9999 -9999 -9999 -9999 -9999 -9999 -9999 -9999 -9999
30 29 29 27 27 26 25 24 24 16 19 21 21 21 21 21 20 18 20 20 18 18 17 15 12 12 13 13 13 13 13 12 11 10 3 0 -8 -3 4 6 10 10 12 13 15 17 17 -1 4 11 18 -9999 -9999 -9999 -9999 -9999 -9999 -9999 -9999 -9999 -9999 -9999 -9999 -9999 -9999 -9999 -9999 -9999 -9999 -9999 -9999 -9999 -9999 -9999 -9999 -9999 -9999 -9999 -9999 -9999 -9999 -9999
29 30 29 27 27 25 24 24 24 21 17 20 20 20 18 16 17 14 16 19 17 17 12 15 11 10 7 12 11 11 11 11 10 10 6 0 -8 -8 -2 1 4 10 10 11 13 15 14 3 3 11 17 -9999 -9999 -9999 -9999 -9999 -9999 -9999 -9999 -9999 -9999 -9999 -9999 -9999 -9999 -9999 -9999 -9999 -9999 -9999 -9999 -9999 -9999 -9999 -9999 -9999 -9999 -9999 -9999 -9999 -9999 -9999
28 28 28 27 25 24 23 22 22 20 16 16 16 6 12 12 13 11 14 16 14 15 14 12 11 9 0 4 9 10 8 8 8 8 2 -7 -8 -11 -4 0 -2 8 8 8 11 11 12 11 9 11 16 21 -9999 -9999 -9999 -9999 -9999 -9999 -9999 -9999 -9999 -9999 -9999 -9999 -9999 -9999 -9999 -9999 -9999 -9999 -9999 -9999 -9999 -9999 -9999 -9999 -9999 -9999 -9999 -9999 -9999 -9999
27 26 26 26 25 24 23 22 21 20 19 14 5 8 10 13 15 13 14 15 12 13 13 11 9 5 -2 -1 6 9 8 8 8 8 5 -5 -1 0 1 0 2 8 8 9 9 9 10 10 10 11 13 15 20 -9999 -9999 -9999 -9999 -9999 -9999 -9999 -9999 -9999 -9999 -9999 -9999 -9999 -9999 -9999 -9999 -9999 -9999 -9999 -9999 -9999 -9999 -9999 -9999 -9999 -9999 -9999 -9999 -9999
27 24 22 22 22 22 20 20 18 17 14 11 6 7 7 9 8 11 11 12 11 10 9 7 3 3 -1 -6 -5 3 5 5 5 4 -1 -6 -1 -2 -1 -1 4 5 5 6 7 7 8 9 12 13 13 13 15 18 -9999 -9999 -9999 -9999 -9999 -9999 -9999 -9999 -9999 -9999 -9999 -9999 -9999 -9999 -9999 -9999 -9999 -9999 -9999 -9999 -9999 -9999 -9999 -9999 -9999 -9999 -9999 -9999
27 24 22 21 21 21 18 18 18 17 17 10 11 10 7 8 8 10 10 10 10 10 8 7 5 3 -6 -2 0 1 4 4 4 4 1 -11 -9 -15 -8 -3 3 4 3 5 6 7 8 10 14 15 13 13 14 15 18 -9999 -9999 -9999 -9999 -9999 -9999 -9999 -9999 -9999 -9999 -9999 -9999 -9999 -9999 -9999 25 -9999 -9999 -9999 -9999 -9999 -9999 -9999 -9999 -9999 -9999 -9999
23 23 21 20 18 17 17 16 15 15 14 10 8 4 3 4 5 6 5 6 6 5 4 0 2 2 1 1 0 0 1 1 1 1 1 -17 -24 -21 -12 -1 2 2 3 3 4 4 4 7 10 10 10 9 10 11 12 14 19 -9999 -9999 -9999 -9999 -9999 -9999 -9999 -9999 -9999 -9999 -9999 -9999 14 10 19 -9999 -9999 -9999 -9999 -9999 -9999 -9999 -9999 -9999 -9999
24 21 19 19 18 17 17 16 15 14 12 13 6 3 3 3 5 3 0 3 5 4 1 2 2 2 1 0 -2 -2 0 0 0 0 0 -3 -9 -26 -13 0 1 2 2 2 2 3 4 5 7 7 7 6 7 7 9 9 14 19 -9999 -9999 -9999 -9999 -9999 -9999 -9999 -9999 -9999 -9999 -9999 -9999 -9999 -9999 -9999 -9999 -9999 -9999 -9999 -9999 -9999 -9999 -9999 -9999
20 19 17 16 15 15 13 12 12 11 10 8 3 3 0 0 0 -3 -5 -2 -2 -3 -2 0 -1 -1 -2 -3 -4 -3 -2 -2 -1 -1 -1 -1 -1 -10 -15 -3 0 0 0 0 1 1 2 3 4 5 6 4 3 5 6 7 11 14 18 -9999 -9999 -9999 -9999 -9999 -9999 -9999 22 21 21 22 26 -9999 -9999 -9999 -9999 -9999 -9999 -9999 -9999 -9999 28 27
