Electronic Materials (Flash Drives)/data/NZclimate/LGM/CCSM4_LGM/bio05.nz.asc
ncols         384
nrows         384
xllcorner     164
yllcorner     -49
cellsize      0.041666666666667
NODATA_value  -9999
[rows 252 to 287 of 384, columns 81 to 161 of 384]
-9999 -9999 -9999 -9999 -9999 -9999 -9999 -9999 -9999 -9999 -9999 -9999 -9999 -9999 -9999 -9999 -9999 -9999 -9999 -9999 -9999 -9999 -9999 -9999 -9999 -9999 -9999 -9999 -9999 -9999 -9999 -9999 -9999 -9999 -9999 -9999 -9999 -9999 -9999 -9999 -9999 -9999 -9999 -9999 -9999 200 198 196 196 196 197 197 197 197 197 195 195 195 193 193 185 173 181 161 157 138 121 97 103 103 113 96 121 110 157 139 116 126 125 134 147
-9999 -9999 -9999 -9999 -9999 -9999 -9999 -9999 -9999 -9999 -9999 -9999 -9999 -9999 -9999 -9999 -9999 -9999 -9999 -9999 -9999 -9999 -9999 -9999 -9999 -9999 -9999 -9999 -9999 -9999 -9999 -9999 -9999 -9999 -9999 -9999 -9999 -9999 -9999 -9999 -9999 -9999 -9999 -9999 -9999 201 198 196 196 197 197 198 198 196 195 194 194 192 195 179 158 150 166 162 157 131 87 96 142 121 102 129 125 129 159 133 116 145 118 125 112
-9999 -9999 -9999 -9999 -9999 -9999 -9999 -9999 -9999 -9999 -9999 -9999 -9999 -9999 -9999 -9999 -9999 -9999 -9999 -9999 -9999 -9999 -9999 -9999 -9999 -9999 -9999 -9999 -9999 -9999 -9999 -9999 -9999 -9999 -9999 -9999 -9999 -9999 -9999 -9999 -9999 -9999 -9999 -9999 -9999 202 199 198 198 196 196 196 195 195 194 194 182 167 186 181 179 162 143 142 140 110 88 138 142 111 147 128 106 127 162 145 118 147 126 133 111
-9999 -9999 -9999 -9999 -9999 -9999 -9999 -9999 -9999 -9999 -9999 -9999 -9999 -9999 -9999 -9999 -9999 -9999 -9999 -9999 -9999 -9999 -9999 -9999 -9999 -9999 -9999 -9999 -9999 -9999 -9999 -9999 -9999 -9999 -9999 -9999 -9999 -9999 -9999 -9999 -9999 -9999 -9999 -9999 -9999 200 198 195 191 193 186 195 194 194 178 179 171 150 183 175 154 149 163 160 140 134 128 162 159 149 125 115 138 124 163 144 133 149 155 131 117
-9999 -9999 -9999 -9999 -9999 -9999 -9999 -9999 -9999 -9999 -9999 -9999 -9999 -9999 -9999 -9999 -9999 -9999 -9999 -9999 -9999 -9999 -9999 -9999 -9999 -9999 -9999 -9999 -9999 -9999 -9999 -9999 -9999 -9999 -9999 -9999 -9999 -9999 -9999 -9999 -9999 199 202 -9999 195 193 190 190 187 193 189 189 180 187 171 156 166 164 164 171 154 144 129 105 125 155 146 170 126 120 118 123 147 122 148 170 160 165 143 122 132
-9999 -9999 -9999 -9999 -9999 -9999 -9999 -9999 -9999 -9999 -9999 -9999 -9999 -9999 -9999 -9999 -9999 -9999 -9999 -9999 -9999 -9999 -9999 -9999 -9999 -9999 -9999 -9999 -9999 -9999 -9999 -9999 -9999 197 197 197 -9999 -9999 -9999 -9999 199 197 194 192 189 191 186 182 193 186 189 182 165 158 185 183 168 150 149 145 157 143 125 120 140 171 174 161 126 146 122 121 150 126 126 169 172 165 139 121 135
-9999 -9999 -9999 -9999 -9999 -9999 -9999 -9999 -9999 -9999 -9999 -9999 -9999 -9999 -9999 -9999 -9999 -9999 -9999 -9999 -9999 -9999 -9999 -9999 -9999 -9999 -9999 -9999 -9999 -9999 -9999 -9999 195 194 194 195 199 -9999 200 197 197 194 194 187 180 185 185 187 178 157 177 191 180 175 168 144 149 144 144 139 150 137 126 127 122 168 177 137 144 141 118 129 153 127 138 168 173 164 141 126 122
-9999 -9999 -9999 -9999 -9999 -9999 -9999 -9999 -9999 -9999 -9999 -9999 -9999 -9999 -9999 -9999 -9999 -9999 -9999 -9999 -9999 -9999 -9999 -9999 -9999 -9999 -9999 -9999 -9999 -9999 -9999 196 194 194 193 193 194 195 195 196 194 194 194 190 180 169 168 177 175 170 166 180 170 139 140 154 131 147 167 152 131 135 149 129 140 176 180 154 161 127 125 142 159 144 150 173 173 166 149 132 115
-9999 -9999 -9999 -9999 -9999 -9999 -9999 -9999 -9999 -9999 -9999 -9999 -9999 -9999 -9999 -9999 -9999 -9999 -9999 -9999 -9999 -9999 -9999 -9999 -9999 -9999 -9999 -9999 -9999 -9999 -9999 -9999 196 193 193 194 194 194 194 194 193 194 191 174 165 173 167 157 153 148 146 157 158 154 159 149 165 175 134 128 142 128 163 123 145 177 183 177 158 141 132 150 149 172 174 176 174 163 133 128 119
-9999 -9999 -9999 -9999 -9999 -9999 -9999 -9999 -9999 -9999 -9999 -9999 -9999 -9999 -9999 -9999 -9999 -9999 -9999 -9999 -9999 -9999 -9999 -9999 -9999 -9999 -9999 -9999 -9999 -9999 -9999 -9999 198 195 195 196 193 193 193 194 193 191 169 179 172 163 165 149 149 155 155 181 180 174 159 175 174 138 145 155 152 139 163 114 131 173 184 180 166 157 157 162 168 173 176 176 174 159 132 137 148
-9999 -9999 -9999 -9999 -9999 -9999 -9999 -9999 -9999 -9999 -9999 -9999 -9999 -9999 -9999 -9999 -9999 -9999 -9999 -9999 -9999 -9999 -9999 -9999 -9999 -9999 -9999 -9999 -9999 -9999 -9999 -9999 196 195 193 193 193 193 193 189 175 179 189 180 175 186 182 178 160 171 182 189 176 162 161 164 135 134 154 160 127 165 155 119 139 167 184 183 174 167 168 169 172 176 177 178 172 150 130 140 163
-9999 -9999 -9999 -9999 -9999 -9999 -9999 -9999 -9999 -9999 -9999 -9999 -9999 -9999 -9999 -9999 -9999 -9999 -9999 -9999 -9999 -9999 -9999 -9999 191 189 191 188 184 186 188 190 190 192 192 192 187 182 174 173 183 157 160 185 177 155 160 166 186 192 180 154 138 137 140 130 152 137 167 144 125 176 143 127 124 159 183 183 179 175 173 173 173 177 177 176 170 154 150 163 174
-9999 -9999 -9999 -9999 -9999 -9999 -9999 -9999 -9999 -9999 -9999 -9999 -9999 -9999 -9999 -9999 -9999 -9999 -9999 -9999 -9999 -9999 -9999 183 182 179 178 178 180 183 181 187 189 188 189 187 174 149 178 158 167 177 162 159 162 166 168 180 179 166 156 150 140 150 156 127 146 150 173 134 157 173 140 128 131 156 182 183 180 178 175 176 177 179 179 177 166 146 163 179 180
-9999 -9999 -9999 -9999 -9999 -9999 -9999 -9999 -9999 -9999 -9999 -9999 -9999 -9999 -9999 -9999 -9999 -9999 -9999 -9999 -9999 -9999 183 183 184 185 184 176 171 168 181 184 188 179 167 178 165 162 158 165 156 169 174 167 155 164 151 156 169 131 142 140 139 170 140 126 138 133 171 172 178 151 137 135 149 160 182 183 182 179 179 179 179 180 179 178 174 168 171 178 179
-9999 -9999 -9999 -9999 -9999 -9999 -9999 -9999 -9999 -9999 -9999 -9999 -9999 -9999 -9999 -9999 -9999 -9999 -9999 -9999 184 179 175 178 171 169 175 185 173 176 178 173 185 149 176 180 153 157 151 151 158 151 150 159 159 147 157 170 142 142 143 152 174 158 129 135 142 138 171 181 174 130 137 154 172 172 182 183 180 179 181 180 180 182 181 180 178 175 179 173 172
-9999 -9999 -9999 -9999 -9999 -9999 -9999 -9999 -9999 -9999 -9999 -9999 -9999 -9999 -9999 -9999 -9999 -9999 -9999 185 179 177 171 167 165 168 166 180 171 163 161 175 182 165 171 149 157 163 139 152 142 152 152 151 158 172 175 158 151 151 137 168 162 126 152 129 137 156 174 182 168 138 157 175 179 180 182 183 182 179 181 181 182 183 181 181 178 163 177 177 162
-9999 -9999 -9999 -9999 -9999 -9999 -9999 -9999 -9999 -9999 -9999 -9999 -9999 -9999 -9999 -9999 -9999 -9999 177 173 175 174 171 168 166 173 174 162 149 142 172 185 159 179 156 149 141 145 140 150 153 150 163 162 175 174 152 143 138 153 164 177 136 139 160 138 140 158 172 183 167 141 168 180 182 182 183 182 182 182 182 184 183 183 182 182 178 167 176 181 176
-9999 -9999 -9999 -9999 -9999 -9999 -9999 -9999 -9999 -9999 -9999 -9999 -9999 -9999 -9999 -9999 177 175 171 167 166 171 163 157 164 173 154 149 149 170 182 170 145 175 139 120 140 144 142 165 166 148 150 164 184 144 147 136 153 154 182 140 139 167 145 129 149 134 175 183 167 153 172 182 183 183 183 184 183 183 181 183 182 182 180 180 177 160 171 179 180
-9999 -9999 -9999 -9999 -9999 -9999 -9999 -9999 -9999 -9999 -9999 -9999 -9999 -9999 -9999 181 174 171 164 162 158 167 159 148 162 147 139 146 167 185 174 173 166 167 163 128 160 156 161 149 149 168 176 187 164 141 153 152 142 172 172 135 152 167 128 146 133 140 175 182 176 177 182 183 183 185 185 186 185 185 184 180 176 181 172 160 172 152 165 175 179
-9999 -9999 -9999 -9999 -9999 -9999 -9999 -9999 -9999 -9999 -9999 -9999 -9999 -9999 173 174 174 175 176 177 175 166 158 143 156 137 140 161 182 171 145 173 136 164 137 140 133 148 150 151 151 152 176 185 146 137 139 154 171 187 150 153 148 168 152 154 135 137 170 179 180 180 180 181 183 178 184 186 186 186 186 182 180 174 159 139 161 152 171 158 173
-9999 -9999 -9999 -9999 -9999 -9999 -9999 -9999 -9999 -9999 -9999 -9999 -9999 -9999 174 170 160 166 158 168 165 143 157 146 139 135 161 169 151 134 158 149 131 135 116 155 133 153 152 156 164 171 188 176 147 138 142 155 183 174 144 163 140 155 173 156 145 159 172 179 180 180 179 183 179 156 168 186 186 186 185 181 179 172 167 144 153 174 177 162 161
-9999 -9999 -9999 -9999 -9999 -9999 -9999 -9999 -9999 -9999 -9999 -9999 169 169 164 170 169 163 145 159 171 150 142 122 139 152 164 155 149 135 147 130 103 135 161 154 132 135 151 138 152 184 190 181 143 151 165 175 187 166 169 157 140 156 166 171 164 144 166 179 181 179 182 175 165 135 165 182 185 184 181 179 172 174 166 163 171 174 177 175 152
-9999 -9999 -9999 -9999 -9999 -9999 -9999 -9999 -9999 -9999 -9999 168 164 164 164 164 168 148 146 156 170 137 134 113 119 148 152 137 117 113 132 149 109 144 169 140 132 146 140 139 155 184 191 183 176 180 187 187 182 172 157 144 139 159 164 173 167 152 168 181 180 184 184 181 168 145 157 181 184 180 171 170 154 165 170 164 169 177 180 180 168
-9999 -9999 -9999 -9999 -9999 -9999 -9999 -9999 -9999 -9999 169 165 158 164 159 147 169 145 150 171 148 151 136 116 131 137 111 126 116 127 151 155 147 155 178 174 153 129 144 156 151 181 191 165 175 189 185 156 149 145 149 145 159 158 146 163 167 164 175 181 183 185 185 184 184 164 154 181 179 172 158 160 137 147 155 139 153 175 179 182 176
-9999 -9999 -9999 -9999 -9999 -9999 -9999 -9999 -9999 -9999 166 161 158 151 146 140 168 151 166 155 139 130 120 135 147 149 149 142 136 111 118 148 157 151 132 158 185 153 120 149 178 187 185 161 180 189 181 173 172 161 158 155 168 169 149 166 171 162 179 182 183 182 165 174 185 180 179 183 176 162 174 165 155 164 163 140 165 181 183 184 181
-9999 -9999 -9999 -9999 -9999 -9999 -9999 -9999 -9999 167 163 147 131 143 134 131 153 171 164 136 124 137 133 160 128 116 133 141 121 120 135 145 125 141 129 147 186 167 142 168 191 189 167 163 179 189 185 156 157 151 146 163 175 171 160 163 140 156 175 181 171 175 164 164 178 184 178 185 177 172 180 174 175 170 156 150 176 183 185 182 174
-9999 -9999 -9999 -9999 -9999 -9999 -9999 162 159 161 154 140 140 139 145 121 136 171 154 147 126 141 145 154 105 133 158 134 116 138 155 133 148 146 128 139 176 188 186 187 193 183 189 181 174 190 186 163 158 164 170 176 170 164 159 137 138 140 162 175 167 148 157 163 178 178 178 188 183 187 186 182 179 170 159 176 183 186 186 180 174
-9999 -9999 -9999 -9999 -9999 166 162 155 149 155 143 152 157 146 150 145 138 166 154 133 134 138 167 151 121 139 159 121 108 134 163 141 150 151 135 126 138 184 187 191 192 189 192 189 190 190 185 159 154 167 180 179 167 162 149 157 143 134 155 157 150 132 160 163 171 172 176 178 177 178 183 186 182 172 182 185 186 188 186 182 174
-9999 -9999 -9999 -9999 164 158 157 150 148 141 148 152 155 153 152 139 131 162 157 130 125 147 166 166 138 147 160 120 115 133 145 164 166 156 141 148 130 165 187 179 168 192 192 191 191 189 186 165 172 180 183 182 180 174 164 164 136 130 148 150 159 138 138 147 160 166 176 168 161 155 163 180 188 186 187 189 188 187 184 180 175
-9999 -9999 -9999 159 160 155 146 142 143 154 157 161 132 148 137 130 128 154 159 130 142 146 169 171 166 164 149 118 129 144 146 162 175 151 126 139 165 172 167 154 157 179 191 187 189 192 191 180 168 171 172 182 178 177 176 160 151 122 144 163 167 157 126 140 148 159 169 173 161 136 142 171 183 185 189 186 178 177 176 175 181
-9999 158 154 153 141 153 153 143 142 155 135 148 151 125 127 133 130 138 163 135 127 124 163 164 174 166 134 125 126 120 141 153 169 143 129 142 166 156 141 156 180 183 160 164 176 183 191 188 171 178 185 188 180 176 172 167 163 144 148 159 170 168 134 139 149 163 152 164 168 150 134 164 178 184 188 191 187 185 185 185 183
156 152 145 156 146 150 147 141 130 135 136 140 133 133 128 131 138 158 148 138 143 116 147 175 174 152 129 126 143 139 153 167 168 142 144 156 162 147 167 176 184 163 144 144 149 152 180 193 190 190 188 186 178 167 148 151 154 168 158 168 173 173 150 140 150 151 144 151 157 154 136 154 168 179 186 190 190 193 190 187 182
147 152 152 153 144 143 146 140 129 138 139 140 141 139 138 126 131 149 147 133 155 140 127 174 175 154 137 123 148 153 164 171 146 142 163 145 156 131 158 181 168 138 132 122 141 168 189 194 191 191 187 169 159 144 143 137 156 176 174 175 175 175 163 140 142 143 146 151 161 163 150 148 151 172 177 187 189 190 193 194 192
154 140 144 147 151 150 138 133 143 143 131 137 154 150 133 142 152 145 146 129 135 158 152 172 177 155 121 145 153 156 163 171 158 155 159 165 160 146 167 162 147 132 122 136 175 191 195 193 192 188 177 156 149 159 148 161 175 180 177 179 174 168 170 160 140 143 149 152 156 156 151 151 164 168 172 182 183 191 190 191 191
159 151 148 144 138 133 136 135 133 144 153 151 158 153 134 157 137 131 127 149 139 147 162 173 178 166 139 146 147 166 171 161 164 173 179 176 148 147 158 148 152 135 139 177 192 195 190 184 179 173 171 160 156 168 170 179 182 182 180 180 175 175 171 167 157 148 147 151 158 159 158 167 173 178 177 181 186 191 190 192 193
155 157 149 140 135 132 141 151 132 131 139 145 165 148 136 159 127 138 121 135 155 152 125 157 179 176 157 142 157 163 160 177 186 188 188 186 169 152 148 161 167 149 166 191 195 190 174 161 150 150 159 164 169 180 184 185 184 183 177 171 177 177 174 172 167 168 168 172 174 175 170 159 166 172 179 185 185 189 189 191 192
