Electronic Materials (Flash Drives)/data/NZclimate/LGM/CCSM4_LGM/bio01nz.asc
ncols         384
nrows         384
xllcorner     164
yllcorner     -49
cellsize      0.041666666666667
NODATA_value  -9999
[rows 74 to 110 of 384, columns 249 to 331 of 384]
122 118 118 122 125 125 126 127 128 128 128 129 129 129 129 129 130 130 131 131 131 131 129 119 120 123 124 128 129 131 132 133 133 134 134 135 136 137 137 138 138 138 139 140 -9999 -9999 -9999 -9999 -9999 -9999 -9999 -9999 -9999 -9999 -9999 -9999 -9999 -9999 -9999 -9999 -9999 -9999 -9999 -9999 -9999 -9999 -9999 -9999 -9999 -9999 -9999 -9999 -9999 -9999 -9999 -9999 -9999 -9999 -9999 -9999 -9999 -9999 -9999
123 123 122 122 123 124 124 126 127 128 128 128 129 129 129 129 129 129 130 130 130 130 124 122 122 120 124 127 127 129 131 132 133 134 134 135 136 136 137 138 138 140 -9999 -9999 -9999 -9999 -9999 -9999 -9999 -9999 -9999 -9999 -9999 -9999 -9999 -9999 -9999 -9999 -9999 -9999 -9999 -9999 -9999 -9999 -9999 -9999 -9999 -9999 -9999 -9999 -9999 -9999 -9999 -9999 -9999 -9999 -9999 -9999 -9999 -9999 -9999 -9999 -9999
122 122 122 120 119 121 123 124 126 127 127 128 128 129 128 128 112 108 126 127 128 128 123 123 113 114 123 127 127 129 130 131 132 133 134 134 134 135 136 137 139 -9999 -9999 -9999 -9999 -9999 -9999 -9999 -9999 -9999 -9999 -9999 -9999 -9999 -9999 -9999 -9999 -9999 -9999 -9999 -9999 -9999 -9999 -9999 -9999 -9999 -9999 -9999 -9999 -9999 -9999 -9999 -9999 -9999 -9999 -9999 -9999 -9999 -9999 -9999 -9999 -9999 -9999
122 121 122 121 120 120 120 121 124 126 126 127 128 128 128 128 118 116 126 126 126 127 123 122 119 122 124 127 127 128 130 130 131 133 134 134 135 135 135 136 138 -9999 -9999 -9999 -9999 -9999 -9999 -9999 -9999 -9999 -9999 -9999 -9999 -9999 -9999 -9999 -9999 -9999 -9999 -9999 -9999 -9999 -9999 -9999 -9999 -9999 -9999 -9999 -9999 -9999 -9999 -9999 -9999 -9999 -9999 -9999 -9999 -9999 -9999 -9999 -9999 -9999 -9999
122 122 122 122 121 120 119 118 118 117 122 125 127 128 128 128 127 128 127 127 127 127 127 127 122 121 120 122 126 127 130 131 131 132 133 133 133 134 135 136 137 -9999 -9999 -9999 -9999 -9999 -9999 -9999 -9999 -9999 -9999 -9999 -9999 -9999 -9999 -9999 -9999 -9999 -9999 -9999 -9999 -9999 -9999 -9999 -9999 -9999 -9999 -9999 -9999 -9999 -9999 -9999 -9999 -9999 -9999 -9999 -9999 -9999 -9999 -9999 -9999 -9999 -9999
121 122 121 121 120 116 113 116 119 121 121 125 126 127 128 127 127 128 127 127 127 128 127 128 127 121 121 116 126 127 129 130 130 130 131 132 133 134 134 135 137 -9999 -9999 -9999 -9999 -9999 -9999 -9999 -9999 -9999 -9999 -9999 -9999 -9999 -9999 -9999 -9999 -9999 -9999 -9999 -9999 -9999 -9999 -9999 -9999 -9999 -9999 -9999 -9999 -9999 -9999 -9999 -9999 -9999 -9999 -9999 -9999 -9999 -9999 -9999 -9999 -9999 -9999
121 121 118 119 116 115 114 121 123 122 123 122 125 126 127 127 127 127 127 127 127 127 127 127 127 127 124 119 126 127 128 129 129 129 130 131 131 132 133 135 137 -9999 -9999 -9999 -9999 -9999 -9999 -9999 -9999 -9999 -9999 -9999 -9999 -9999 -9999 -9999 -9999 -9999 -9999 -9999 -9999 -9999 -9999 -9999 -9999 -9999 -9999 -9999 -9999 -9999 -9999 -9999 -9999 -9999 -9999 -9999 -9999 -9999 -9999 -9999 -9999 -9999 -9999
122 121 119 120 118 119 121 121 122 122 123 122 124 125 127 127 127 127 127 127 127 128 127 127 127 127 127 127 127 128 128 129 129 128 127 129 130 132 133 134 136 -9999 -9999 -9999 -9999 -9999 -9999 -9999 -9999 -9999 -9999 -9999 -9999 -9999 -9999 -9999 -9999 -9999 -9999 -9999 -9999 -9999 -9999 -9999 -9999 -9999 -9999 -9999 -9999 -9999 -9999 -9999 -9999 -9999 -9999 -9999 -9999 -9999 -9999 -9999 -9999 -9999 -9999
123 121 118 115 119 117 119 121 122 122 123 121 125 126 127 127 127 127 127 127 126 127 127 127 126 127 127 127 127 127 127 128 128 121 125 127 130 131 132 133 135 138 -9999 -9999 -9999 -9999 -9999 -9999 -9999 -9999 -9999 -9999 -9999 -9999 -9999 -9999 -9999 -9999 -9999 -9999 -9999 -9999 -9999 -9999 -9999 -9999 -9999 -9999 -9999 -9999 -9999 -9999 -9999 -9999 -9999 -9999 -9999 -9999 -9999 -9999 -9999 -9999 -9999
123 121 117 119 117 113 116 121 123 122 124 124 124 125 126 126 127 126 126 126 126 126 124 120 114 124 125 126 126 127 127 127 127 127 127 128 129 130 131 132 134 136 -9999 -9999 -9999 -9999 -9999 -9999 -9999 -9999 -9999 -9999 -9999 -9999 -9999 -9999 -9999 -9999 -9999 -9999 -9999 -9999 -9999 -9999 -9999 -9999 -9999 -9999 -9999 -9999 -9999 -9999 -9999 -9999 -9999 -9999 -9999 -9999 -9999 -9999 -9999 -9999 -9999
123 122 118 118 117 117 119 121 121 123 124 124 125 126 126 126 127 126 126 126 126 126 123 106 100 114 121 117 125 125 126 126 126 127 127 128 129 129 130 131 132 134 137 -9999 -9999 -9999 -9999 -9999 -9999 -9999 -9999 -9999 -9999 -9999 -9999 -9999 -9999 -9999 -9999 -9999 -9999 -9999 -9999 -9999 -9999 -9999 -9999 -9999 -9999 -9999 -9999 -9999 -9999 -9999 -9999 -9999 -9999 -9999 -9999 -9999 -9999 -9999 -9999
122 121 119 118 118 118 120 121 123 123 124 125 125 126 126 126 126 126 126 126 126 126 126 118 109 111 117 117 124 124 124 124 124 125 125 127 128 129 129 130 131 133 135 -9999 -9999 -9999 -9999 -9999 -9999 -9999 -9999 -9999 -9999 -9999 -9999 -9999 -9999 -9999 -9999 -9999 -9999 -9999 -9999 -9999 -9999 -9999 -9999 -9999 -9999 -9999 -9999 -9999 -9999 -9999 -9999 -9999 -9999 -9999 -9999 -9999 -9999 -9999 -9999
122 121 119 119 118 118 120 122 122 122 122 124 123 124 125 126 126 126 126 125 125 125 125 125 123 120 119 120 118 124 125 124 126 122 117 124 125 121 126 128 130 131 133 -9999 -9999 -9999 -9999 -9999 -9999 -9999 -9999 -9999 -9999 -9999 -9999 -9999 -9999 -9999 -9999 -9999 -9999 -9999 -9999 -9999 -9999 -9999 -9999 -9999 -9999 -9999 -9999 -9999 -9999 -9999 -9999 -9999 -9999 -9999 -9999 -9999 -9999 -9999 -9999
121 121 120 119 120 118 119 119 121 123 124 125 124 124 125 125 126 126 125 125 125 125 125 125 124 120 118 112 118 126 124 125 127 121 118 124 122 123 123 126 129 130 131 133 -9999 -9999 -9999 -9999 -9999 -9999 -9999 -9999 -9999 -9999 -9999 -9999 -9999 -9999 -9999 -9999 -9999 -9999 -9999 -9999 -9999 -9999 -9999 -9999 -9999 -9999 -9999 -9999 -9999 -9999 -9999 -9999 -9999 -9999 -9999 -9999 -9999 -9999 -9999
119 120 117 116 116 117 119 119 121 123 124 124 124 125 124 124 124 124 124 123 124 125 125 125 124 117 108 111 116 115 123 124 125 121 125 123 122 123 124 125 127 128 130 132 135 -9999 -9999 -9999 -9999 -9999 -9999 -9999 -9999 -9999 -9999 -9999 -9999 -9999 -9999 -9999 -9999 -9999 -9999 -9999 -9999 -9999 -9999 -9999 -9999 -9999 -9999 -9999 -9999 -9999 -9999 -9999 -9999 -9999 -9999 -9999 -9999 -9999 -9999
117 119 116 118 117 117 118 119 120 121 123 124 123 122 124 123 123 123 120 123 123 124 124 124 123 119 117 108 111 118 121 119 118 117 119 122 122 123 124 124 125 127 130 133 -9999 -9999 -9999 -9999 -9999 -9999 -9999 -9999 -9999 -9999 -9999 -9999 -9999 -9999 -9999 -9999 -9999 -9999 -9999 -9999 -9999 -9999 -9999 -9999 -9999 -9999 -9999 -9999 -9999 -9999 -9999 -9999 -9999 -9999 -9999 -9999 -9999 -9999 -9999
119 117 118 119 119 119 120 120 120 122 123 121 121 120 122 122 121 121 118 117 122 123 124 124 121 121 121 115 110 119 118 114 116 118 122 122 123 124 125 124 125 127 130 134 -9999 -9999 -9999 -9999 -9999 -9999 -9999 -9999 -9999 -9999 -9999 -9999 -9999 -9999 -9999 -9999 -9999 -9999 -9999 -9999 -9999 -9999 -9999 -9999 -9999 -9999 -9999 -9999 -9999 -9999 -9999 -9999 -9999 -9999 -9999 -9999 -9999 -9999 -9999
120 117 116 116 118 119 120 121 121 123 123 122 121 123 122 123 121 119 118 122 122 122 123 123 123 119 117 114 109 110 112 118 120 116 121 122 124 127 127 126 126 127 128 131 133 -9999 -9999 -9999 -9999 -9999 -9999 -9999 -9999 -9999 -9999 -9999 -9999 -9999 -9999 -9999 -9999 -9999 -9999 -9999 -9999 -9999 -9999 -9999 -9999 -9999 -9999 -9999 -9999 -9999 -9999 -9999 -9999 -9999 -9999 -9999 -9999 -9999 -9999
121 116 115 115 116 119 121 122 122 122 123 122 123 123 123 123 123 121 121 120 122 122 122 123 120 116 118 106 106 114 118 120 116 118 118 122 122 124 126 127 128 127 126 126 128 131 -9999 -9999 -9999 -9999 -9999 -9999 -9999 -9999 -9999 -9999 -9999 -9999 -9999 -9999 -9999 -9999 -9999 -9999 -9999 -9999 -9999 -9999 -9999 -9999 -9999 -9999 -9999 -9999 -9999 -9999 -9999 -9999 -9999 -9999 -9999 -9999 -9999
121 118 112 110 113 118 120 121 120 119 121 122 122 121 122 119 119 122 122 119 121 121 122 122 122 114 107 104 98 110 115 119 117 118 116 113 122 123 124 125 125 125 125 125 127 130 -9999 -9999 -9999 -9999 -9999 -9999 -9999 -9999 -9999 -9999 -9999 -9999 -9999 -9999 -9999 -9999 -9999 -9999 -9999 -9999 -9999 -9999 -9999 -9999 -9999 -9999 -9999 -9999 -9999 -9999 -9999 -9999 -9999 -9999 -9999 -9999 -9999
121 120 113 104 105 115 117 121 121 122 122 122 121 119 120 116 119 121 120 118 119 121 121 122 122 119 115 111 102 99 110 116 115 111 114 112 122 122 123 123 122 120 121 123 126 131 -9999 -9999 -9999 -9999 -9999 -9999 -9999 -9999 -9999 -9999 -9999 -9999 -9999 -9999 -9999 -9999 -9999 -9999 -9999 -9999 -9999 -9999 -9999 -9999 -9999 -9999 -9999 -9999 -9999 -9999 -9999 -9999 -9999 -9999 -9999 -9999 -9999
123 122 112 104 111 116 120 121 121 121 121 121 120 118 118 117 120 118 112 113 116 117 122 121 121 121 118 112 102 101 107 107 105 105 108 116 121 121 123 123 121 120 120 123 127 131 -9999 -9999 -9999 -9999 -9999 -9999 -9999 -9999 -9999 -9999 -9999 -9999 -9999 -9999 -9999 -9999 -9999 -9999 -9999 -9999 -9999 -9999 -9999 -9999 -9999 -9999 -9999 -9999 -9999 -9999 -9999 -9999 -9999 -9999 -9999 -9999 -9999
122 122 116 109 118 120 120 120 120 120 121 120 119 119 119 120 117 109 104 103 99 111 120 123 120 121 121 111 96 97 93 89 97 102 112 116 106 119 119 121 122 122 123 125 128 -9999 -9999 -9999 -9999 -9999 -9999 -9999 -9999 -9999 -9999 -9999 -9999 -9999 -9999 -9999 -9999 -9999 -9999 -9999 -9999 -9999 -9999 -9999 -9999 -9999 -9999 -9999 -9999 -9999 -9999 -9999 -9999 -9999 -9999 -9999 -9999 -9999 -9999
122 121 119 119 113 116 118 120 120 120 120 120 120 120 117 111 113 110 105 100 99 112 119 124 121 121 121 111 96 94 100 94 103 115 115 112 110 117 119 121 124 124 124 125 129 -9999 -9999 -9999 -9999 -9999 -9999 -9999 -9999 -9999 -9999 -9999 -9999 -9999 -9999 -9999 -9999 -9999 -9999 -9999 -9999 -9999 -9999 -9999 -9999 -9999 -9999 -9999 -9999 -9999 -9999 -9999 -9999 -9999 -9999 -9999 -9999 -9999 -9999
122 121 120 119 114 115 118 119 119 119 119 118 118 119 115 108 111 111 108 104 105 115 118 123 120 121 120 111 98 102 107 94 109 110 107 112 116 118 118 121 124 124 124 126 -9999 -9999 -9999 -9999 -9999 -9999 -9999 -9999 -9999 -9999 -9999 -9999 -9999 -9999 -9999 -9999 -9999 -9999 -9999 -9999 -9999 -9999 -9999 -9999 -9999 -9999 -9999 -9999 -9999 -9999 -9999 -9999 -9999 -9999 -9999 -9999 -9999 -9999 -9999
122 121 120 120 117 115 117 119 118 118 118 118 118 117 116 109 108 111 109 107 111 114 118 122 119 120 119 116 111 110 105 97 108 109 108 115 111 117 117 118 120 122 124 128 -9999 -9999 -9999 -9999 -9999 -9999 -9999 -9999 -9999 -9999 -9999 -9999 -9999 -9999 -9999 -9999 -9999 -9999 -9999 -9999 -9999 -9999 -9999 -9999 -9999 -9999 -9999 -9999 -9999 -9999 -9999 -9999 -9999 -9999 -9999 -9999 -9999 -9999 -9999
121 121 121 121 120 112 115 117 117 116 116 115 115 114 110 106 108 112 112 113 114 112 115 118 117 118 116 116 116 109 99 90 101 104 109 114 113 116 116 117 117 120 124 127 -9999 -9999 -9999 -9999 -9999 -9999 -9999 -9999 -9999 -9999 -9999 -9999 -9999 -9999 -9999 -9999 -9999 -9999 -9999 -9999 -9999 -9999 -9999 -9999 -9999 -9999 -9999 -9999 -9999 -9999 -9999 -9999 -9999 -9999 -9999 -9999 -9999 -9999 -9999
122 121 121 121 120 115 111 116 117 115 115 114 113 114 112 113 117 117 116 115 115 110 109 116 116 116 116 115 116 115 113 101 100 100 104 113 112 116 116 117 119 121 124 127 127 127 127 -9999 -9999 -9999 -9999 -9999 -9999 -9999 -9999 -9999 -9999 -9999 -9999 -9999 -9999 -9999 -9999 -9999 -9999 -9999 -9999 -9999 -9999 -9999 -9999 -9999 -9999 -9999 -9999 -9999 -9999 -9999 -9999 -9999 -9999 -9999 -9999
121 120 120 119 118 118 110 113 116 116 116 116 116 115 113 115 115 115 115 115 113 111 111 114 114 115 114 114 114 114 114 107 102 95 101 109 112 115 116 117 119 121 123 123 104 110 118 124 -9999 -9999 -9999 -9999 -9999 -9999 -9999 -9999 -9999 -9999 -9999 -9999 -9999 -9999 -9999 -9999 -9999 -9999 -9999 -9999 -9999 -9999 -9999 -9999 -9999 -9999 -9999 -9999 -9999 -9999 -9999 -9999 -9999 -9999 -9999
122 120 119 118 118 118 116 111 115 116 116 114 111 113 110 112 115 115 115 110 112 111 110 108 113 114 114 114 114 114 114 110 103 95 95 102 106 110 115 116 118 120 121 121 109 109 117 122 -9999 -9999 -9999 -9999 -9999 -9999 -9999 -9999 -9999 -9999 -9999 -9999 -9999 -9999 -9999 -9999 -9999 -9999 -9999 -9999 -9999 -9999 -9999 -9999 -9999 -9999 -9999 -9999 -9999 -9999 -9999 -9999 -9999 -9999 -9999
122 120 120 119 118 117 117 112 112 112 103 108 108 110 108 112 114 113 113 112 112 112 110 102 106 112 113 113 113 113 113 108 97 97 93 101 104 103 114 114 115 117 117 119 118 116 118 122 128 -9999 -9999 -9999 -9999 -9999 -9999 -9999 -9999 -9999 -9999 -9999 -9999 -9999 -9999 -9999 -9999 -9999 -9999 -9999 -9999 -9999 -9999 -9999 -9999 -9999 -9999 -9999 -9999 -9999 -9999 -9999 -9999 -9999 -9999
121 121 120 119 119 118 117 115 110 102 105 107 110 112 111 112 113 112 113 113 111 110 107 99 101 109 112 112 112 112 112 111 99 104 105 107 105 109 114 114 115 116 116 117 117 117 118 120 122 127 -9999 -9999 -9999 -9999 -9999 -9999 -9999 -9999 -9999 -9999 -9999 -9999 -9999 -9999 -9999 -9999 -9999 -9999 -9999 -9999 -9999 -9999 -9999 -9999 -9999 -9999 -9999 -9999 -9999 -9999 -9999 -9999 -9999
119 118 118 117 117 116 116 111 108 104 105 106 107 107 111 111 112 111 111 111 110 106 106 102 97 99 108 111 111 111 109 104 99 104 104 105 105 110 112 112 113 114 115 116 117 118 120 120 120 121 125 -9999 -9999 -9999 -9999 -9999 -9999 -9999 -9999 -9999 -9999 -9999 -9999 -9999 -9999 -9999 -9999 -9999 -9999 -9999 -9999 -9999 -9999 -9999 -9999 -9999 -9999 -9999 -9999 -9999 -9999 -9999 -9999
118 118 118 117 117 116 115 115 109 109 109 106 108 108 110 111 111 111 111 111 110 108 107 96 102 104 106 110 110 110 110 107 94 96 90 98 103 111 111 111 112 113 114 115 117 120 122 121 120 120 121 125 -9999 -9999 -9999 -9999 -9999 -9999 -9999 -9999 -9999 -9999 -9999 -9999 -9999 -9999 -9999 128 -9999 -9999 -9999 -9999 -9999 -9999 -9999 -9999 -9999 -9999 -9999 -9999 -9999 -9999 -9999
118 117 117 116 116 115 115 114 110 109 105 103 105 107 108 108 109 109 109 108 106 108 108 107 107 106 106 109 109 109 109 108 89 82 85 95 106 109 110 110 110 111 111 112 114 117 117 117 117 117 117 119 121 125 -9999 -9999 -9999 -9999 -9999 -9999 -9999 -9999 -9999 -9999 -9999 -9999 117 112 121 -9999 -9999 -9999 -9999 -9999 -9999 -9999 -9999 -9999 -9999 -9999 -9999 -9999 -9999
118 117 117 116 116 114 114 113 113 107 104 104 104 107 105 103 107 109 108 106 107 108 108 107 107 103 104 108 108 108 109 108 104 98 80 94 107 110 110 110 110 110 111 111 112 114 114 115 114 114 114 115 116 120 125 -9999 -9999 -9999 -9999 -9999 -9999 -9999 -9999 -9999 -9999 -9999 -9999 -9999 -9999 -9999 -9999 -9999 -9999 -9999 -9999 -9999 -9999 -9999 -9999 -9999 -9999 -9999 131
117 116 116 115 114 113 113 112 112 105 106 103 104 103 100 99 103 104 102 105 106 106 106 106 106 105 105 106 107 107 106 106 107 107 97 92 105 108 109 109 109 109 109 110 111 112 113 112 111 109 112 112 114 117 120 123 -9999 -9999 -9999 -9999 -9999 -9999 -9999 126 125 124 125 129 -9999 -9999 -9999 -9999 -9999 -9999 -9999 -9999 -9999 129 129 129 129 128 126
