Electronic Materials (Flash Drives)/data/NZclimate/LGM/CCSM4_LGM/bio01nz.asc
ncols         384
nrows         384
xllcorner     164
yllcorner     -49
cellsize      0.041666666666667
NODATA_value  -9999
[rows 148 to 184 of 384, columns 166 to 248 of 384]
-9999 -9999 -9999 -9999 -9999 -9999 -9999 -9999 -9999 -9999 -9999 -9999 -9999 -9999 -9999 -9999 -9999 -9999 -9999 -9999 -9999 -9999 -9999 -9999 -9999 -9999 -9999 -9999 -9999 -9999 -9999 -9999 -9999 -9999 -9999 -9999 121 120 120 120 118 115 113 114 114 115 115 115 114 114 113 114 115 115 114 114 113 113 112 113 112 112 112 112 111 111 111 110 108 102 100 97 92 84 80 82 84 86 87 89 91 91 90
-9999 -9999 -9999 -9999 -9999 -9999 -9999 -9999 -9999 -9999 -9999 -9999 -9999 -9999 -9999 -9999 -9999 -9999 -9999 -9999 -9999 -9999 -9999 -9999 -9999 -9999 -9999 -9999 -9999 -9999 -9999 -9999 -9999 -9999 -9999 -9999 121 119 119 120 119 118 116 115 113 113 114 115 114 114 113 113 114 114 113 113 113 112 112 112 112 112 112 111 111 110 110 109 103 101 97 94 88 74 53 61 74 79 83 86 87 89 90
-9999 -9999 -9999 -9999 -9999 -9999 -9999 -9999 -9999 -9999 -9999 -9999 -9999 -9999 -9999 -9999 -9999 -9999 -9999 -9999 -9999 -9999 -9999 -9999 -9999 -9999 -9999 -9999 -9999 -9999 -9999 -9999 -9999 -9999 -9999 -9999 -9999 120 119 119 118 118 118 117 114 113 114 115 115 114 113 113 113 113 112 113 112 112 112 112 111 111 111 111 110 110 109 108 102 100 95 91 85 75 56 40 56 70 77 82 84 86 89
-9999 -9999 -9999 -9999 -9999 -9999 -9999 -9999 -9999 -9999 -9999 -9999 -9999 -9999 -9999 -9999 -9999 -9999 -9999 -9999 -9999 -9999 -9999 -9999 -9999 -9999 -9999 -9999 -9999 -9999 -9999 -9999 -9999 -9999 -9999 -9999 -9999 -9999 120 118 116 116 118 117 115 114 116 116 116 115 113 113 112 113 112 113 112 112 112 112 111 111 111 111 110 110 109 107 102 99 95 91 84 75 55 25 51 66 74 80 83 85 86
-9999 -9999 -9999 -9999 -9999 -9999 -9999 -9999 -9999 -9999 -9999 -9999 -9999 -9999 -9999 -9999 -9999 -9999 -9999 -9999 -9999 -9999 -9999 -9999 -9999 -9999 -9999 -9999 -9999 -9999 -9999 -9999 -9999 -9999 -9999 -9999 -9999 -9999 -9999 120 118 116 115 114 113 114 115 116 115 114 112 112 112 112 112 112 112 112 111 111 111 111 111 110 110 110 109 107 102 100 97 93 88 82 74 67 68 73 77 81 84 86 87
-9999 -9999 -9999 -9999 -9999 -9999 -9999 -9999 -9999 -9999 -9999 -9999 -9999 -9999 -9999 -9999 -9999 -9999 -9999 -9999 -9999 -9999 -9999 -9999 -9999 -9999 -9999 -9999 -9999 121 121 -9999 -9999 -9999 -9999 -9999 -9999 -9999 -9999 -9999 -9999 118 114 113 113 114 114 115 115 113 111 111 112 112 112 112 111 111 111 111 111 111 110 110 110 109 109 107 102 101 98 96 92 89 84 81 81 82 83 85 86 88 87
-9999 -9999 -9999 -9999 -9999 -9999 -9999 -9999 -9999 -9999 -9999 -9999 -9999 -9999 -9999 -9999 -9999 -9999 -9999 -9999 -9999 -9999 -9999 -9999 -9999 -9999 121 121 120 120 119 120 120 121 119 118 119 -9999 -9999 -9999 -9999 117 114 113 113 114 114 114 114 114 112 112 112 111 111 111 111 111 111 111 110 110 110 110 109 109 109 108 106 101 100 98 95 93 89 88 88 88 88 88 89 89 88
-9999 -9999 -9999 -9999 -9999 -9999 -9999 -9999 -9999 -9999 -9999 -9999 -9999 -9999 -9999 -9999 -9999 -9999 -9999 -9999 -9999 -9999 -9999 -9999 -9999 -9999 -9999 120 120 119 118 119 120 120 120 118 118 119 120 119 118 117 114 113 113 113 113 113 113 114 113 113 112 111 111 111 110 111 110 110 110 110 109 109 109 109 109 108 106 106 101 100 98 96 94 93 92 92 91 91 91 88 90
-9999 -9999 -9999 -9999 -9999 -9999 -9999 -9999 -9999 -9999 -9999 -9999 -9999 -9999 -9999 -9999 -9999 -9999 -9999 -9999 -9999 -9999 -9999 120 120 -9999 -9999 -9999 120 119 118 118 118 119 119 119 119 119 118 117 116 117 116 113 112 112 113 113 113 113 112 112 112 111 111 110 110 110 110 110 110 110 110 109 109 109 108 108 107 106 105 100 99 98 97 97 95 95 93 94 93 92 90
-9999 -9999 -9999 -9999 -9999 -9999 -9999 -9999 -9999 -9999 -9999 -9999 -9999 -9999 -9999 -9999 -9999 -9999 -9999 -9999 -9999 -9999 -9999 119 119 120 -9999 -9999 -9999 -9999 120 119 118 117 118 119 119 119 118 116 116 116 115 113 111 112 113 113 112 112 112 112 111 111 110 110 110 110 110 110 110 110 109 109 109 109 108 108 107 106 105 104 103 99 98 98 97 97 96 96 94 94 94
-9999 -9999 -9999 -9999 -9999 -9999 -9999 -9999 -9999 -9999 -9999 -9999 -9999 -9999 -9999 -9999 -9999 -9999 -9999 -9999 -9999 -9999 -9999 119 120 -9999 -9999 -9999 -9999 -9999 -9999 -9999 119 118 118 118 119 118 118 117 116 116 115 114 113 114 114 113 112 112 112 112 111 110 109 110 110 109 109 110 109 109 109 109 109 109 108 107 107 106 105 105 104 103 102 102 101 101 96 96 94 95 95
-9999 -9999 -9999 -9999 -9999 -9999 -9999 -9999 -9999 -9999 -9999 -9999 -9999 -9999 -9999 -9999 -9999 -9999 -9999 -9999 -9999 -9999 -9999 -9999 -9999 -9999 -9999 -9999 -9999 -9999 -9999 -9999 -9999 -9999 -9999 118 118 118 117 117 116 116 115 115 114 114 113 113 112 112 112 112 111 110 109 110 110 110 109 109 109 109 109 109 108 108 108 107 107 106 105 105 104 103 103 102 101 101 101 101 100 95 96
-9999 -9999 -9999 -9999 -9999 -9999 -9999 -9999 -9999 -9999 -9999 -9999 -9999 -9999 -9999 -9999 -9999 -9999 -9999 -9999 -9999 -9999 -9999 -9999 -9999 -9999 -9999 -9999 -9999 -9999 -9999 -9999 -9999 -9999 -9999 119 118 118 117 117 116 115 115 115 114 113 113 113 112 112 112 112 111 111 110 110 109 109 109 108 108 108 108 108 108 108 107 107 106 106 105 105 104 103 103 102 101 101 101 101 100 100 96
-9999 -9999 -9999 -9999 -9999 -9999 -9999 -9999 -9999 -9999 -9999 -9999 -9999 -9999 -9999 -9999 -9999 -9999 -9999 -9999 -9999 -9999 -9999 -9999 -9999 -9999 -9999 -9999 -9999 -9999 -9999 -9999 -9999 -9999 -9999 -9999 118 118 117 117 116 115 115 114 114 113 112 112 112 112 111 111 110 110 110 110 109 109 109 108 108 108 108 108 107 107 107 107 106 106 105 105 104 103 103 102 102 101 101 101 100 100 99
-9999 -9999 -9999 -9999 -9999 -9999 -9999 -9999 -9999 -9999 -9999 -9999 -9999 -9999 -9999 -9999 -9999 -9999 -9999 -9999 -9999 -9999 -9999 -9999 -9999 -9999 -9999 119 118 -9999 -9999 -9999 -9999 -9999 -9999 -9999 -9999 118 117 116 115 115 114 114 113 113 112 112 112 112 111 110 110 110 110 109 109 109 108 108 108 108 107 107 106 106 106 107 106 106 105 105 104 103 103 102 102 101 100 100 100 100 99
-9999 -9999 -9999 -9999 -9999 -9999 -9999 -9999 -9999 -9999 -9999 -9999 -9999 -9999 -9999 -9999 -9999 -9999 -9999 -9999 -9999 -9999 -9999 -9999 -9999 -9999 -9999 -9999 -9999 -9999 -9999 -9999 -9999 -9999 -9999 -9999 -9999 117 117 116 115 114 114 113 113 113 112 112 112 111 110 110 110 109 109 109 108 108 108 108 108 107 106 107 106 106 106 106 106 106 105 105 104 103 102 103 102 101 100 100 100 100 99
-9999 -9999 -9999 -9999 -9999 -9999 -9999 -9999 -9999 -9999 -9999 -9999 -9999 -9999 -9999 -9999 -9999 -9999 -9999 -9999 -9999 -9999 -9999 -9999 -9999 -9999 -9999 -9999 -9999 -9999 -9999 -9999 118 -9999 -9999 118 117 117 116 115 114 114 113 113 112 112 112 111 111 111 110 110 110 109 108 108 108 108 108 108 107 106 106 106 106 106 106 106 106 106 105 105 104 103 103 103 101 101 100 100 100 100 99
-9999 -9999 -9999 -9999 -9999 -9999 -9999 -9999 -9999 -9999 -9999 -9999 -9999 -9999 -9999 -9999 -9999 -9999 -9999 -9999 -9999 -9999 -9999 -9999 -9999 -9999 -9999 -9999 -9999 -9999 -9999 -9999 -9999 -9999 -9999 118 117 116 115 115 114 114 113 113 112 112 111 111 110 110 109 109 109 109 108 108 108 108 107 107 107 107 107 106 105 105 105 106 105 106 105 105 104 104 103 103 101 101 100 100 100 100 99
-9999 -9999 -9999 -9999 -9999 -9999 -9999 -9999 -9999 -9999 -9999 -9999 -9999 -9999 -9999 -9999 -9999 -9999 -9999 -9999 -9999 -9999 -9999 -9999 -9999 -9999 -9999 -9999 -9999 -9999 -9999 -9999 -9999 -9999 -9999 117 116 115 114 114 113 113 112 112 111 111 110 110 110 109 109 109 108 108 108 107 107 107 107 107 107 107 106 106 105 105 105 106 106 105 105 105 104 104 104 103 102 101 100 100 100 100 100
-9999 -9999 -9999 -9999 -9999 -9999 -9999 -9999 -9999 -9999 -9999 -9999 -9999 -9999 -9999 -9999 -9999 -9999 -9999 -9999 -9999 -9999 -9999 -9999 -9999 -9999 -9999 -9999 -9999 -9999 -9999 -9999 -9999 -9999 -9999 116 115 114 113 112 113 113 112 111 111 110 110 110 109 109 108 108 108 108 107 107 107 107 106 106 106 106 106 106 105 105 104 105 105 106 105 105 104 104 103 104 103 102 101 101 100 100 100
-9999 -9999 -9999 -9999 -9999 -9999 -9999 -9999 -9999 -9999 -9999 -9999 -9999 -9999 -9999 -9999 -9999 -9999 -9999 -9999 -9999 -9999 -9999 -9999 -9999 -9999 -9999 -9999 -9999 -9999 -9999 -9999 -9999 -9999 117 116 115 113 112 112 113 112 111 110 110 109 108 108 108 108 107 107 107 107 107 107 106 106 106 106 106 106 105 105 105 104 104 104 104 105 105 105 104 104 103 103 103 102 101 101 101 101 101
-9999 -9999 -9999 -9999 -9999 -9999 -9999 -9999 -9999 -9999 -9999 -9999 -9999 -9999 -9999 -9999 -9999 -9999 -9999 -9999 -9999 -9999 -9999 -9999 -9999 -9999 -9999 -9999 -9999 -9999 -9999 -9999 -9999 -9999 116 115 114 113 113 112 112 111 110 110 109 109 108 108 108 107 107 107 107 107 106 106 106 106 106 105 105 105 105 105 104 104 104 104 104 104 105 105 104 104 103 103 102 103 102 102 101 101 101
-9999 -9999 -9999 -9999 -9999 -9999 -9999 -9999 -9999 -9999 -9999 -9999 -9999 -9999 -9999 -9999 -9999 -9999 -9999 -9999 -9999 -9999 -9999 -9999 -9999 -9999 -9999 -9999 -9999 -9999 -9999 -9999 -9999 115 115 114 114 113 112 112 111 110 109 109 108 108 107 107 107 106 106 106 106 106 105 105 105 105 105 105 105 105 104 104 104 104 104 104 103 103 104 104 104 104 103 103 103 102 102 102 101 101 101
-9999 -9999 -9999 -9999 -9999 -9999 -9999 -9999 -9999 -9999 -9999 -9999 -9999 -9999 -9999 -9999 -9999 -9999 -9999 -9999 -9999 -9999 -9999 -9999 -9999 -9999 -9999 -9999 -9999 -9999 -9999 -9999 -9999 115 114 113 113 112 111 111 110 109 108 108 108 107 107 107 106 106 106 106 105 105 105 105 105 105 104 104 104 104 104 104 104 104 104 104 103 103 104 104 104 104 103 103 103 103 102 102 101 101 101
-9999 -9999 -9999 -9999 -9999 -9999 -9999 -9999 -9999 -9999 -9999 -9999 -9999 -9999 -9999 -9999 -9999 -9999 -9999 -9999 -9999 -9999 -9999 -9999 -9999 -9999 -9999 -9999 -9999 -9999 -9999 115 114 113 113 112 111 110 110 110 108 108 108 107 107 107 106 106 106 105 105 105 105 104 104 104 104 104 103 103 103 103 103 103 103 103 103 103 103 103 102 103 103 103 103 103 102 102 102 102 102 101 101
-9999 -9999 -9999 -9999 -9999 -9999 -9999 -9999 -9999 -9999 -9999 -9999 -9999 -9999 -9999 -9999 -9999 -9999 -9999 -9999 -9999 -9999 -9999 -9999 -9999 -9999 -9999 -9999 -9999 -9999 115 114 113 113 112 111 110 109 109 109 108 107 107 107 107 106 106 106 105 104 104 104 104 104 104 104 103 103 103 103 103 103 102 102 103 103 102 102 102 103 103 103 103 104 103 102 102 103 103 102 102 101 101
-9999 -9999 -9999 -9999 -9999 -9999 -9999 -9999 -9999 -9999 -9999 -9999 -9999 -9999 -9999 -9999 -9999 -9999 -9999 -9999 -9999 -9999 -9999 -9999 -9999 -9999 -9999 -9999 -9999 114 113 112 111 111 110 109 109 108 108 108 107 107 106 106 106 106 105 105 104 103 103 103 103 103 102 103 103 103 102 102 102 102 102 102 102 102 102 102 102 102 102 102 102 103 102 102 102 102 102 102 101 102 101
-9999 -9999 -9999 -9999 -9999 -9999 -9999 -9999 -9999 -9999 -9999 -9999 -9999 -9999 -9999 -9999 -9999 -9999 -9999 -9999 -9999 -9999 -9999 -9999 -9999 -9999 -9999 -9999 114 113 112 111 110 110 109 109 108 108 107 107 106 106 105 105 104 104 104 104 103 103 102 103 102 102 102 102 102 102 102 102 101 101 101 101 101 101 101 101 101 102 102 102 102 102 102 102 102 102 102 102 101 102 102
-9999 -9999 -9999 -9999 -9999 -9999 -9999 -9999 -9999 -9999 -9999 -9999 -9999 -9999 -9999 -9999 -9999 -9999 -9999 -9999 -9999 -9999 -9999 -9999 -9999 -9999 114 113 112 111 110 110 109 108 108 107 107 107 105 105 105 105 104 104 103 103 103 103 102 102 102 102 102 102 101 101 101 101 101 101 101 101 100 101 100 100 100 100 100 101 100 101 101 102 102 102 101 101 101 101 101 102 102
-9999 -9999 -9999 -9999 -9999 -9999 -9999 -9999 -9999 -9999 -9999 -9999 -9999 -9999 -9999 -9999 -9999 -9999 -9999 -9999 -9999 -9999 -9999 -9999 -9999 113 111 110 110 110 109 108 108 107 107 107 106 106 104 104 104 104 103 103 103 103 102 102 102 102 101 101 101 101 101 101 101 101 100 100 100 100 100 100 100 100 100 100 100 100 100 100 101 101 102 103 102 102 101 101 102 102 102
-9999 -9999 -9999 -9999 -9999 -9999 -9999 -9999 -9999 -9999 -9999 -9999 -9999 -9999 -9999 -9999 -9999 -9999 -9999 -9999 -9999 -9999 -9999 113 112 111 110 110 109 109 108 107 107 106 105 106 105 104 104 104 103 103 103 102 102 102 101 101 101 101 100 100 100 100 100 100 100 100 99 99 99 99 99 99 99 99 99 100 99 99 100 99 99 100 100 101 102 102 102 102 101 102 102
-9999 -9999 -9999 -9999 -9999 -9999 -9999 -9999 -9999 -9999 -9999 -9999 -9999 -9999 -9999 -9999 -9999 -9999 -9999 -9999 -9999 -9999 113 111 110 110 109 109 108 107 107 107 106 106 105 105 104 104 103 103 103 102 101 100 100 100 100 100 100 100 100 100 100 100 100 100 99 99 99 99 99 99 99 99 99 99 99 99 99 100 99 99 99 99 99 100 101 102 102 102 102 103 102
-9999 -9999 -9999 -9999 -9999 -9999 -9999 -9999 -9999 -9999 -9999 -9999 -9999 -9999 -9999 -9999 -9999 -9999 -9999 -9999 -9999 -9999 112 110 109 109 108 107 106 106 106 105 104 104 103 103 103 102 102 102 95 94 92 96 97 97 96 96 96 96 97 98 99 99 99 99 98 98 98 98 98 98 98 98 98 98 98 98 98 98 98 98 99 99 99 99 100 101 102 101 101 102 102
-9999 -9999 -9999 -9999 -9999 -9999 -9999 -9999 -9999 -9999 -9999 -9999 -9999 -9999 -9999 -9999 -9999 -9999 -9999 -9999 -9999 111 110 109 108 108 107 107 106 106 105 104 104 103 102 102 102 101 101 95 96 93 91 96 103 98 97 97 96 96 95 96 96 97 98 98 98 99 98 98 97 97 98 98 98 98 98 98 98 98 98 98 98 98 98 99 100 101 102 102 101 102 102
-9999 -9999 -9999 -9999 -9999 -9999 -9999 -9999 -9999 -9999 -9999 -9999 -9999 -9999 -9999 -9999 -9999 -9999 -9999 -9999 111 109 108 107 107 106 106 106 105 104 103 102 102 101 101 100 100 91 94 95 91 86 93 100 106 98 97 97 96 96 95 95 95 96 96 97 97 97 97 97 96 96 96 97 97 97 97 97 97 97 97 97 98 98 98 98 99 100 101 101 101 101 102
-9999 -9999 -9999 -9999 -9999 -9999 -9999 -9999 -9999 -9999 -9999 -9999 -9999 -9999 -9999 -9999 -9999 -9999 112 111 109 108 107 106 106 106 105 105 104 103 103 102 101 101 100 94 93 94 90 82 76 84 95 101 101 99 98 98 97 96 95 95 95 96 96 97 96 97 96 97 96 97 96 96 96 97 97 97 97 97 97 97 97 99 99 97 98 99 100 101 101 101 102
-9999 -9999 -9999 -9999 -9999 -9999 -9999 -9999 -9999 -9999 -9999 -9999 -9999 -9999 -9999 112 112 111 109 108 108 107 106 106 105 105 104 103 103 103 102 101 100 99 94 93 90 87 80 78 84 95 94 95 97 100 99 98 97 96 95 95 95 95 96 96 96 96 96 95 95 95 95 96 96 96 96 96 96 97 97 96 95 90 94 95 98 99 99 100 101 101 102
