Electronic Materials (Flash Drives)/data/NZclimate/LGM/CCSM4_LGM/bio05.nz.asc
ncols         384
nrows         384
xllcorner     164
yllcorner     -49
cellsize      0.041666666666667
NODATA_value  -9999
[rows 288 to 323 of 384, columns 81 to 161 of 384]
151 146 142 144 142 134 137 138 149 132 140 157 164 142 138 154 140 128 120 133 144 144 126 136 176 176 136 142 168 149 169 179 185 183 169 167 173 183 179 180 180 179 181 194 194 180 158 139 133 147 167 180 186 187 186 185 185 181 173 180 177 172 176 176 173 174 175 177 178 180 172 155 161 170 176 181 182 187 189 193 195
141 131 132 136 151 128 137 145 157 144 148 166 150 133 154 152 137 129 130 124 155 134 134 144 174 179 162 174 180 184 187 189 186 173 114 122 146 161 169 185 168 178 194 195 188 169 152 138 158 175 187 189 189 188 188 184 181 181 181 176 165 175 178 178 177 178 178 178 180 181 178 163 153 163 174 180 179 184 186 193 195
147 142 141 135 150 150 133 133 143 160 164 165 161 156 158 131 129 135 136 131 155 142 134 156 170 178 181 182 178 165 140 184 189 163 121 120 140 154 168 165 162 170 190 190 176 182 184 170 181 187 190 189 189 188 185 181 184 183 177 165 172 179 180 181 180 180 180 181 181 182 179 176 158 168 167 175 178 180 186 192 194
131 135 153 153 152 159 156 147 141 152 164 166 165 164 155 141 135 125 149 147 129 149 137 161 153 155 155 145 143 136 150 166 188 161 122 116 131 150 166 156 149 156 182 185 170 163 189 188 189 190 192 191 185 180 180 183 183 179 168 162 173 181 181 182 180 181 181 182 181 183 180 178 169 160 167 165 171 180 186 188 193
132 136 135 132 135 141 159 166 164 166 167 166 166 164 155 140 146 129 154 137 132 136 160 153 140 134 139 134 148 155 168 175 186 151 119 120 127 154 172 164 147 155 169 175 180 180 194 195 194 195 195 192 183 176 182 183 181 172 162 162 171 181 181 182 181 183 183 183 182 185 182 177 177 174 162 167 174 181 182 189 194
142 130 128 129 127 127 136 160 166 166 167 165 165 159 155 139 151 130 139 147 141 145 158 151 126 137 148 155 147 150 136 150 184 156 132 117 132 163 162 150 126 137 151 166 171 185 196 198 197 197 193 187 180 179 180 181 176 172 164 161 173 180 181 182 180 181 177 173 175 182 178 173 177 181 177 179 180 179 182 189 191
148 141 140 130 128 134 135 146 165 167 165 163 162 159 158 154 137 141 133 148 144 156 147 133 129 141 138 137 134 139 144 132 181 173 128 126 145 153 136 133 119 129 140 144 155 181 191 195 192 188 187 185 181 176 175 174 169 165 162 163 177 181 182 181 178 174 165 166 173 183 179 178 175 181 185 185 181 182 184 191 193
137 154 146 156 133 131 134 144 165 167 165 161 162 160 149 155 150 145 144 157 158 144 122 135 131 129 127 131 142 159 150 148 179 165 129 143 159 137 127 123 129 129 136 130 141 173 186 187 178 182 181 172 173 171 170 166 162 161 157 167 179 181 179 172 164 155 151 158 175 184 177 178 176 178 185 191 190 188 186 189 190
127 126 132 146 155 160 164 166 167 165 164 164 159 161 158 158 150 158 152 152 156 136 122 138 147 148 150 159 163 162 159 178 165 135 142 159 142 128 123 133 134 137 127 131 142 177 186 181 170 173 169 169 169 167 165 160 159 155 156 169 178 177 175 165 155 150 150 168 183 185 178 176 180 183 181 186 191 197 193 192 191
134 123 133 137 125 132 152 166 167 166 163 162 162 155 156 151 155 155 149 157 134 137 130 130 149 159 145 159 172 171 177 178 161 135 153 144 134 125 125 136 146 146 138 128 144 176 188 177 169 164 164 165 165 165 164 157 151 153 161 171 171 172 167 154 144 149 167 182 183 179 176 179 178 181 181 184 185 194 197 195 193
141 127 130 136 145 145 157 165 165 164 163 163 161 155 156 157 162 161 157 136 137 132 126 140 140 161 150 156 166 168 165 180 171 153 140 134 129 130 140 142 156 157 144 137 142 173 189 187 175 163 163 164 164 165 163 158 159 163 170 174 171 165 155 150 145 170 181 186 181 176 179 182 178 181 181 187 187 192 196 201 199
147 143 156 159 165 166 161 165 163 163 162 162 161 160 161 162 161 161 154 143 149 140 139 153 153 155 167 169 169 175 171 179 163 162 148 135 130 135 144 153 168 172 150 150 147 174 192 188 174 165 161 159 161 162 163 163 165 169 172 169 161 157 149 148 164 181 183 182 177 177 178 180 178 177 179 185 188 193 195 200 199
148 160 163 165 166 166 166 166 165 166 165 164 163 163 164 157 156 161 161 161 154 157 159 159 160 164 168 173 177 173 169 174 170 159 155 147 150 147 149 168 176 165 157 157 157 178 193 184 176 175 171 164 160 164 166 165 168 169 163 157 159 160 156 156 178 185 184 184 180 181 181 180 174 176 181 188 188 192 195 200 199
153 132 137 162 165 166 166 166 165 163 163 163 163 162 157 155 160 162 166 157 153 165 159 165 170 170 170 166 166 171 176 163 153 158 153 159 173 174 173 180 157 143 153 164 156 162 188 184 179 175 172 168 165 167 167 160 163 161 158 159 159 161 160 169 179 184 183 182 180 182 180 176 174 179 179 186 185 193 194 200 200
127 125 123 145 161 159 160 166 163 160 157 151 146 149 147 141 160 161 166 166 159 167 169 172 173 174 169 148 156 167 172 155 163 163 165 171 181 184 184 169 150 150 159 169 158 161 189 193 185 184 175 166 164 165 162 156 157 159 154 157 163 171 174 178 178 181 182 183 183 182 179 179 175 183 182 188 192 197 198 200 199
117 130 132 129 148 157 155 165 162 149 132 127 129 133 153 148 161 164 165 167 169 171 171 172 173 173 163 162 157 161 173 160 168 171 170 178 183 183 173 167 157 161 174 177 170 178 185 191 190 186 179 173 163 159 152 151 156 151 151 159 167 170 171 173 173 176 176 180 180 181 178 178 182 182 184 189 190 195 196 200 200
124 122 134 120 144 164 165 163 157 133 127 126 136 148 156 151 160 166 166 166 168 170 172 173 174 171 166 169 167 168 177 172 171 176 181 184 183 173 174 161 169 176 177 173 172 181 183 189 186 190 183 180 175 167 153 152 152 151 154 163 171 171 173 175 175 177 177 179 179 181 183 182 176 179 181 189 190 192 194 207 201
123 129 146 146 157 164 158 159 153 136 127 123 132 147 155 158 162 164 166 168 166 163 165 171 174 174 171 172 175 172 176 177 177 180 181 182 180 176 167 161 171 174 178 175 174 177 181 183 177 184 188 182 177 171 163 156 151 151 156 166 166 168 170 172 171 172 172 175 176 179 179 184 177 178 180 186 192 195 195 200 199
123 122 148 160 162 164 161 161 153 132 129 136 137 155 150 154 155 162 168 169 170 164 166 172 174 176 177 176 176 178 179 180 180 182 180 173 178 174 175 168 170 179 184 184 183 184 185 185 183 184 188 186 178 178 169 166 162 160 159 167 167 172 173 175 175 174 175 177 177 179 182 185 181 182 179 186 190 189 192 196 195
123 137 156 158 156 160 163 163 160 153 146 150 154 156 151 151 155 164 167 167 168 169 167 172 173 175 176 176 176 178 178 180 180 181 180 179 175 177 176 174 178 180 180 180 183 184 184 184 181 180 185 188 184 179 171 169 169 169 170 172 173 172 173 174 173 175 175 178 178 181 181 183 182 184 176 183 183 191 194 195 196
127 148 154 143 153 154 163 162 162 161 159 159 155 156 158 152 160 167 169 163 160 171 173 176 173 172 176 178 178 179 180 182 182 183 183 182 181 183 182 177 182 184 185 188 189 188 187 186 176 177 188 187 187 185 183 177 171 172 174 176 175 176 174 174 171 168 172 185 185 186 186 188 186 182 183 190 188 191 191 194 193
149 144 139 151 152 161 163 163 163 162 163 161 159 162 163 159 159 168 168 164 163 171 173 174 172 167 170 175 177 179 178 180 181 182 182 182 181 182 183 183 185 185 186 188 187 186 185 177 169 175 185 183 181 185 186 184 180 176 175 177 174 173 175 172 170 170 181 186 185 187 186 185 186 187 186 190 189 188 191 192 195
137 148 155 155 157 160 161 165 164 163 164 166 166 166 165 165 166 169 169 166 164 170 174 175 171 168 171 169 174 180 181 182 183 184 185 186 184 187 187 189 188 188 188 189 190 188 176 167 175 182 188 186 185 187 187 185 185 183 182 180 173 172 176 181 183 186 186 187 185 185 185 185 187 187 193 191 192 194 194 195 196
152 154 156 160 160 161 160 164 163 162 164 164 156 164 165 166 167 170 170 168 167 169 173 174 170 168 172 171 166 169 173 177 179 183 185 186 185 185 186 188 188 187 187 187 189 184 174 181 181 186 190 188 187 186 183 182 184 185 183 176 174 175 176 181 185 186 186 186 183 185 194 188 188 189 190 191 191 194 195 195 197
152 154 155 158 155 156 158 162 164 163 164 164 159 163 165 168 168 170 171 172 171 172 173 177 176 175 170 173 173 174 177 178 181 183 180 183 188 188 188 189 190 189 189 189 190 187 187 188 191 191 192 192 190 186 184 186 186 184 182 181 180 181 182 185 186 185 183 186 186 195 190 191 189 190 189 190 191 192 193 195 196
153 152 157 156 156 155 158 161 163 163 164 164 162 166 166 168 168 169 170 171 171 173 174 176 176 176 176 178 174 171 172 174 177 176 179 179 183 188 188 189 187 189 186 186 188 188 189 191 192 192 190 192 189 186 186 186 182 180 184 184 182 184 184 184 181 181 181 186 187 187 188 188 189 190 190 191 190 192 192 195 194
152 154 157 157 159 157 159 162 162 162 161 158 161 166 168 170 168 169 170 173 172 175 175 177 177 179 179 180 177 175 175 175 178 185 186 188 188 191 189 188 191 191 190 191 191 191 192 192 192 193 193 193 192 190 188 187 185 183 187 189 188 188 189 186 180 181 185 187 188 188 189 189 189 190 190 191 190 191 192 193 193
154 156 157 159 159 159 161 161 159 158 150 150 155 162 166 168 168 169 170 172 172 174 174 176 176 178 179 181 179 180 176 178 184 186 185 188 189 190 186 185 187 188 188 186 187 190 191 190 190 191 191 191 191 190 189 188 185 184 186 188 189 188 187 183 180 182 184 186 190 188 187 189 189 190 190 191 190 191 191 193 192
154 163 164 164 159 161 162 161 158 151 143 152 161 161 160 167 168 170 170 172 173 175 175 177 177 178 180 182 182 185 185 188 187 188 189 191 191 190 188 187 188 190 191 190 188 184 187 191 192 192 193 193 192 192 192 191 189 189 192 190 189 184 187 187 188 187 188 196 191 191 190 190 190 189 189 191 190 190 192 193 196
162 164 165 164 164 164 161 160 157 158 150 145 158 165 164 167 168 169 170 171 171 174 174 176 176 178 179 181 182 183 183 185 185 187 188 190 184 186 187 183 183 186 186 187 188 187 185 185 187 190 191 191 191 191 190 190 191 190 191 189 186 186 187 188 189 192 191 192 191 190 189 190 190 189 190 191 192 193 194 197 -9999
161 161 161 162 162 163 163 161 160 160 150 150 159 165 166 169 169 171 171 173 173 176 176 178 179 181 181 182 183 185 186 188 188 190 191 192 190 188 189 189 185 184 185 184 189 188 186 186 185 182 183 186 192 192 193 193 193 192 192 190 188 190 190 192 195 194 193 191 190 191 190 190 189 190 191 193 196 -9999 -9999 -9999 -9999
158 159 159 160 160 162 163 159 160 161 159 155 160 165 165 168 168 170 171 172 172 175 175 177 177 179 179 182 182 184 184 186 188 189 190 192 190 190 186 186 184 181 178 184 188 185 181 182 183 181 181 186 187 187 191 192 192 192 192 189 189 191 194 194 194 192 191 190 190 190 190 190 190 191 193 -9999 -9999 -9999 -9999 -9999 -9999
157 157 157 158 158 160 160 161 159 161 161 163 163 165 164 168 168 171 171 173 172 175 175 178 180 181 182 185 185 188 188 190 191 193 193 194 193 194 190 186 180 189 191 191 187 185 185 185 181 186 190 187 185 186 188 190 193 193 193 196 194 197 195 194 193 192 191 191 191 191 191 190 190 193 -9999 -9999 -9999 -9999 -9999 -9999 -9999
156 156 156 157 157 159 159 161 161 160 160 163 162 168 170 167 168 172 173 173 172 175 175 178 178 180 181 184 184 186 186 190 190 192 191 190 191 190 191 193 190 189 191 186 187 182 181 182 185 184 186 190 187 187 189 189 189 190 195 192 192 193 193 192 193 191 191 191 191 191 191 190 191 -9999 -9999 -9999 -9999 -9999 -9999 -9999 -9999
155 156 156 157 157 159 159 160 160 163 165 164 167 171 169 169 169 172 173 178 173 176 175 178 178 182 183 186 186 189 189 192 192 194 192 193 192 191 188 193 194 192 192 183 188 182 180 184 182 187 188 188 190 192 193 192 191 190 191 194 193 194 194 194 194 192 192 193 192 191 192 191 194 -9999 -9999 -9999 -9999 -9999 -9999 -9999 -9999
155 156 156 157 156 158 158 159 159 162 162 164 163 166 166 167 168 171 172 177 172 174 174 178 178 181 182 185 186 188 188 191 192 193 192 192 191 191 188 187 186 189 189 188 189 191 185 187 187 186 189 188 191 191 192 193 192 191 193 193 194 194 194 194 193 193 193 192 192 191 194 -9999 -9999 -9999 -9999 -9999 -9999 -9999 -9999 -9999 -9999
