Electronic Materials (Flash Drives)/data/NZclimate/LGM/CCSM4_LGM/bio01nz.asc
ncols         384
nrows         384
xllcorner     164
yllcorner     -49
cellsize      0.041666666666667
NODATA_value  -9999
[rows 296 to 332 of 384, columns 83 to 165 of 384]
16 31 42 47 51 53 55 53 50 49 44 46 41 40 31 39 31 31 36 13 -2 14 25 24 26 36 38 38 34 55 40 7 14 32 14 -1 -6 3 4 8 -3 0 10 45 55 49 38 40 36 37 37 35 33 29 28 21 23 38 50 49 47 32 20 13 14 34 56 57 48 43 49 51 50 53 62 68 64 59 60 67 75 75 84
17 21 8 15 37 53 54 52 49 48 47 37 38 33 37 35 28 37 12 15 6 7 27 37 22 35 49 48 56 55 36 8 26 17 6 -4 -4 6 17 17 8 -3 14 45 58 46 38 33 33 33 34 34 33 26 18 21 30 41 43 42 37 19 9 13 35 56 58 49 45 49 48 50 50 51 55 65 71 67 64 68 74 76 78
13 20 31 30 43 52 52 50 49 49 47 38 39 38 45 42 38 14 15 10 3 18 16 38 27 33 44 45 41 57 47 27 14 6 1 2 12 12 26 27 14 6 11 41 60 56 44 31 32 32 32 33 31 26 26 31 40 44 41 33 23 14 9 37 56 60 52 44 49 52 46 48 48 55 57 61 69 74 72 71 74 83 83
43 46 52 53 48 52 49 49 48 48 47 43 45 46 44 44 34 23 29 18 17 32 31 33 46 49 48 54 49 57 39 37 22 8 3 7 16 24 39 43 20 19 16 45 64 59 44 34 30 28 30 30 32 32 35 38 43 39 30 23 16 13 33 56 60 56 48 48 51 50 48 42 46 54 59 64 69 73 74 75 75 79 79
52 54 54 53 53 53 51 52 51 49 47 47 48 40 38 44 42 42 33 36 40 38 39 45 48 53 59 53 47 52 47 34 29 19 22 19 21 40 48 34 27 26 26 47 66 54 45 43 40 31 28 33 34 32 37 36 30 24 27 27 22 23 53 60 60 58 52 51 53 49 43 42 50 57 60 64 68 74 72 76 78 83 79
23 49 52 53 53 53 51 47 49 48 48 46 41 39 43 45 49 38 32 47 40 47 52 52 52 45 45 51 56 41 29 33 28 33 48 48 47 54 29 12 24 34 26 31 61 56 50 44 41 37 34 36 37 28 32 29 26 27 29 28 27 40 55 60 60 57 55 55 53 45 43 48 49 57 57 65 68 74 75 82 80 80 79
8 31 48 44 46 53 50 46 41 35 29 30 27 20 43 45 50 48 39 49 52 56 56 58 50 24 33 45 52 32 40 38 41 46 59 60 60 40 20 19 28 38 26 29 61 66 56 53 44 34 32 33 29 22 24 26 21 23 31 41 47 51 53 56 58 58 57 55 52 48 44 53 52 61 68 71 74 75 73 80 79 80 80
19 14 34 43 41 52 48 33 14 8 9 14 35 29 44 48 50 51 53 55 56 58 58 57 44 42 35 39 53 37 47 49 47 56 63 60 47 39 27 32 46 48 40 48 58 66 65 59 48 42 31 26 19 17 23 18 18 26 38 41 44 45 46 49 51 54 55 56 51 49 56 54 59 64 66 70 72 77 77 79 79 80 80
21 3 30 52 54 49 44 16 9 6 17 30 40 32 44 50 50 51 53 54 56 57 59 53 45 49 47 48 59 51 49 55 60 62 63 47 48 31 41 46 48 43 42 51 55 60 56 63 54 50 45 34 19 18 18 16 20 31 42 42 46 48 47 49 50 53 54 55 57 55 46 47 53 63 65 66 69 86 79 79 79 80 81
34 33 45 54 45 45 39 20 9 4 13 30 39 42 47 49 52 54 51 46 48 56 59 58 53 54 57 55 59 60 59 62 63 62 58 51 41 32 43 46 50 47 45 47 52 54 46 55 63 55 48 39 30 22 17 18 24 35 36 39 41 43 43 43 45 49 51 54 55 60 49 48 52 60 71 74 73 79 78 79 79 80 81
37 49 52 54 49 49 39 15 10 19 20 39 32 37 39 45 53 54 54 47 49 56 59 60 60 58 59 61 62 62 62 63 59 48 54 49 48 38 42 51 57 56 53 55 55 55 53 54 63 57 47 47 36 34 29 25 26 35 38 42 45 48 48 46 47 49 50 53 60 61 56 55 51 60 67 63 70 73 72 78 79 80 81
47 48 44 49 55 53 49 38 31 34 40 41 35 34 38 49 54 52 52 55 51 56 59 59 61 62 60 61 62 63 63 63 60 58 52 52 51 48 51 53 54 52 55 55 56 56 53 51 59 62 58 49 41 38 39 39 41 45 46 45 47 48 47 47 49 53 54 58 60 61 59 60 46 56 57 68 75 73 74 77 78 82 82
45 31 42 43 54 51 51 50 47 45 40 40 43 35 45 53 55 47 43 56 58 61 57 55 59 61 61 61 61 63 63 64 63 61 57 59 56 49 56 55 57 60 62 61 60 56 43 44 61 61 61 57 53 46 40 41 46 47 47 48 47 46 43 36 43 64 66 66 68 70 67 57 61 69 66 71 71 74 71 78 78 82 83
28 41 41 52 56 54 54 53 53 49 46 49 51 46 45 55 55 48 46 58 60 61 56 48 53 57 61 61 61 62 63 64 63 61 59 59 60 59 61 59 62 62 62 60 58 46 36 45 58 55 53 58 61 58 53 48 48 50 47 45 49 44 42 40 60 68 68 69 68 66 69 67 69 73 71 66 70 70 74 81 80 83 83
49 47 49 52 54 58 56 53 54 56 56 55 53 51 53 56 56 49 46 55 61 60 54 48 52 46 53 60 62 62 62 63 64 63 59 62 62 63 61 61 62 62 62 60 43 31 42 50 60 58 56 60 62 58 58 57 56 52 44 42 47 56 60 66 68 69 65 63 65 66 70 70 78 74 75 76 76 77 78 80 82 83 83
51 54 54 55 54 58 56 54 57 54 44 52 55 55 56 57 57 54 52 53 60 61 55 50 56 50 42 45 51 55 58 63 64 64 62 62 61 63 62 62 61 60 63 56 43 50 50 58 63 61 60 61 56 53 59 60 58 48 46 47 50 58 65 68 67 67 63 66 79 71 72 74 75 75 76 77 77 78 80 81 81 82 83
52 52 49 49 51 56 58 55 57 56 47 50 56 57 57 58 58 59 59 60 61 61 60 56 50 51 50 49 54 54 56 59 54 57 63 63 61 63 62 61 61 60 63 56 56 58 62 64 65 65 63 59 56 59 59 58 55 53 53 55 57 63 67 65 62 66 66 79 75 75 73 74 74 75 75 77 78 78 79 80 81 82 83
53 51 52 49 53 56 59 57 58 57 54 58 59 58 59 59 59 60 60 61 61 62 62 61 59 59 53 46 48 48 52 50 55 52 60 64 63 63 61 62 57 58 61 60 60 63 65 65 65 66 64 61 60 58 55 52 59 59 57 62 63 63 59 59 59 66 69 70 71 73 73 74 74 75 76 77 77 78 78 79 80 82 83
55 53 56 53 56 58 57 55 53 48 51 57 59 59 59 59 60 60 60 61 61 61 60 62 62 60 54 50 50 46 51 59 61 62 62 64 60 59 61 62 60 62 62 60 62 63 64 66 65 66 66 63 62 59 56 55 61 65 66 66 67 64 54 57 65 68 70 71 72 73 74 75 75 76 76 77 77 78 77 77 78 81 82
56 57 56 56 59 59 55 51 39 37 45 54 57 59 59 60 60 60 61 61 61 61 60 61 62 63 59 59 53 53 60 62 61 62 64 63 58 54 58 59 59 56 58 60 62 62 62 63 64 65 66 65 65 61 57 57 62 66 67 65 65 59 56 61 63 67 74 72 72 73 74 75 75 76 76 77 77 78 78 77 78 82 85
67 67 59 59 60 57 53 42 31 40 53 51 50 58 59 59 60 60 60 61 61 61 60 59 62 62 61 62 61 62 62 61 61 63 62 59 57 56 56 58 59 58 55 51 55 61 62 63 64 65 64 65 66 66 62 63 68 66 65 59 65 65 66 66 68 80 74 74 74 75 74 75 76 76 77 77 78 81 84 84 82 -9999 -9999
69 68 67 65 59 57 52 52 41 32 50 58 56 58 60 59 60 60 60 61 61 61 61 60 62 63 62 61 61 61 61 61 63 62 55 54 57 51 51 54 55 55 56 56 53 53 57 61 63 64 64 64 64 65 67 66 68 66 63 63 65 67 69 74 73 75 74 74 74 75 75 75 76 77 79 81 82 85 -9999 -9999 -9999 -9999 -9999
66 65 65 64 64 60 59 55 40 39 53 58 60 59 60 60 60 61 60 61 61 61 62 62 61 61 61 61 61 61 61 62 63 63 60 55 57 57 50 48 49 48 55 54 52 54 51 48 49 55 63 65 66 66 68 68 68 67 64 67 68 71 76 75 75 74 73 74 74 75 75 76 78 81 85 -9999 -9999 -9999 -9999 -9999 -9999 -9999 -9999
63 63 63 63 64 57 59 58 55 47 54 59 60 60 60 60 61 61 61 62 62 62 61 62 61 61 61 61 61 61 61 63 63 64 61 60 55 52 50 45 41 50 56 53 47 48 49 47 49 54 56 58 65 67 68 68 68 65 66 68 73 75 75 74 73 73 73 74 74 75 76 78 81 -9999 -9999 -9999 -9999 -9999 -9999 -9999 -9999 -9999 -9999
61 61 61 62 62 61 58 59 59 59 59 58 57 59 60 60 61 61 61 61 61 61 61 61 61 61 61 61 60 61 62 63 63 63 62 61 57 50 41 54 56 57 52 48 50 51 47 54 59 55 53 56 58 62 67 69 69 74 72 77 74 74 73 73 74 74 74 75 75 75 77 81 -9999 -9999 -9999 -9999 -9999 -9999 -9999 -9999 -9999 -9999 -9999
61 62 61 61 61 62 63 58 58 59 58 65 67 58 61 62 65 61 61 61 61 61 61 61 61 61 61 61 60 61 62 63 61 59 60 57 58 60 57 55 58 51 53 46 44 48 52 52 55 61 57 59 60 63 62 66 73 70 71 71 71 72 73 74 74 74 74 75 76 76 79 -9999 -9999 -9999 -9999 -9999 -9999 -9999 -9999 -9999 -9999 -9999 -9999
62 62 62 62 62 62 62 62 64 59 66 67 64 62 62 62 65 67 61 60 60 61 61 61 61 61 61 61 61 61 62 63 61 59 56 55 50 58 60 57 56 46 53 46 42 48 46 52 55 56 60 64 67 65 63 64 67 70 71 72 73 74 74 75 75 75 76 77 77 79 82 -9999 -9999 -9999 -9999 -9999 -9999 -9999 -9999 -9999 -9999 -9999 -9999
62 62 61 62 62 62 61 61 62 61 60 62 60 61 61 62 64 67 60 60 60 61 61 61 61 61 61 61 61 62 63 62 61 60 58 56 52 51 50 54 53 53 55 58 50 54 54 52 56 58 63 63 65 68 67 67 69 71 72 73 74 75 75 75 76 76 76 78 81 -9999 -9999 -9999 -9999 -9999 -9999 -9999 -9999 -9999 -9999 -9999 -9999 -9999 -9999
62 62 62 61 61 61 61 61 61 61 62 62 62 62 62 63 64 66 55 59 60 61 61 61 61 61 61 61 62 62 62 62 61 61 60 59 58 59 61 61 61 59 50 48 53 59 63 63 61 58 62 62 58 63 69 70 72 73 75 75 75 75 76 76 76 77 77 81 -9999 -9999 -9999 -9999 -9999 -9999 -9999 -9999 -9999 -9999 -9999 -9999 -9999 -9999 -9999
63 62 62 61 61 61 61 61 61 61 62 62 61 61 61 62 63 64 57 59 60 60 61 61 61 61 62 62 62 62 62 62 62 61 59 60 58 54 54 57 61 54 54 57 56 57 59 64 65 63 64 63 69 71 71 72 74 75 75 75 75 76 77 77 77 77 77 -9999 -9999 -9999 -9999 -9999 -9999 -9999 -9999 -9999 -9999 -9999 -9999 -9999 -9999 -9999 -9999
63 62 62 62 62 61 61 61 61 61 61 61 61 61 61 62 62 62 63 57 58 57 61 60 61 61 61 62 62 63 65 66 62 62 62 58 57 57 56 57 63 60 58 61 62 63 63 67 67 68 69 71 71 72 73 74 75 75 76 76 76 76 77 77 77 78 81 -9999 -9999 -9999 -9999 -9999 -9999 -9999 -9999 -9999 -9999 -9999 -9999 -9999 -9999 -9999 -9999
63 62 62 62 61 61 61 61 61 61 60 60 60 61 61 62 61 61 61 62 62 62 63 62 61 61 62 62 62 63 64 66 61 62 62 62 60 62 61 62 64 62 63 65 64 62 67 68 69 70 71 72 73 74 74 75 75 76 76 76 76 77 77 77 77 81 -9999 -9999 -9999 -9999 -9999 -9999 -9999 -9999 -9999 -9999 -9999 -9999 -9999 -9999 -9999 -9999 -9999
64 63 62 61 60 60 58 51 53 54 55 56 59 60 60 61 61 61 61 62 62 62 62 62 62 62 62 62 62 63 64 64 65 66 65 65 65 63 65 65 65 66 67 68 69 69 70 71 71 72 73 73 73 74 74 75 75 76 76 76 77 78 80 81 -9999 -9999 -9999 -9999 -9999 -9999 -9999 -9999 -9999 -9999 -9999 -9999 -9999 -9999 -9999 -9999 -9999 -9999 -9999
64 62 61 60 59 58 54 49 39 39 31 41 55 60 60 60 61 61 61 62 62 61 61 62 62 60 62 62 62 63 63 64 64 65 65 65 66 66 66 67 67 68 69 70 70 71 71 71 71 72 72 73 73 74 74 75 75 76 77 79 81 -9999 -9999 -9999 -9999 -9999 -9999 -9999 -9999 -9999 -9999 -9999 -9999 -9999 -9999 -9999 -9999 -9999 -9999 -9999 -9999 -9999 -9999
65 62 59 52 53 58 50 55 51 52 42 38 51 59 60 60 60 61 61 62 61 61 61 61 61 60 61 62 62 63 63 64 65 65 66 67 67 68 68 69 69 70 70 71 71 71 71 72 71 72 72 73 73 74 75 75 77 78 81 -9999 -9999 -9999 -9999 -9999 -9999 -9999 -9999 -9999 -9999 -9999 -9999 -9999 -9999 -9999 -9999 -9999 -9999 -9999 -9999 -9999 -9999 -9999 -9999
64 59 57 58 59 57 50 53 57 56 55 50 41 51 55 59 59 60 60 61 61 62 61 61 61 61 62 63 63 63 63 64 64 65 65 66 67 68 68 68 69 69 69 70 70 70 71 72 72 73 73 73 73 74 75 77 79 -9999 -9999 -9999 -9999 -9999 -9999 -9999 -9999 -9999 -9999 -9999 -9999 -9999 -9999 -9999 -9999 -9999 -9999 -9999 -9999 -9999 -9999 -9999 -9999 -9999 -9999
64 60 61 62 62 61 56 52 55 57 56 43 40 46 52 56 58 60 60 60 61 62 62 63 63 63 64 64 64 64 64 65 64 65 66 67 68 68 68 68 69 69 70 70 70 71 71 72 72 73 73 73 74 74 76 78 -9999 -9999 -9999 -9999 -9999 -9999 -9999 -9999 -9999 -9999 -9999 -9999 -9999 -9999 -9999 -9999 -9999 -9999 -9999 -9999 -9999 -9999 -9999 -9999 -9999 -9999 -9999
