Electronic Materials (Flash Drives)/data/NZclimate/LGM/CCSM4_LGM/bio06nz.asc
ncols         384
nrows         384
xllcorner     164
yllcorner     -49
cellsize      0.041666666666667
NODATA_value  -9999
[rows 148 to 184 of 384, columns 246 to 327 of 384]
-11 -11 -13 -11 -13 -13 -14 -16 -18 -19 -19 -19 -21 -23 -19 -22 -20 -23 -25 -28 -28 -30 -31 -33 -27 -32 -39 -44 -45 -48 -50 -57 -63 -60 -54 -46 -38 -42 -49 -56 -58 -51 -47 -49 -51 -47 -41 -46 -51 -47 -40 -34 -30 -26 -25 -29 -27 -24 -41 -48 -30 -22 -25 -23 -27 -22 -24 -21 -21 -21 -24 -24 -26 -25 -28 -28 -29 -29 -30 -30 -29 -29
-15 -13 -13 -12 -13 -14 -16 -17 -18 -19 -23 -26 -21 -17 -19 -18 -21 -21 -26 -27 -31 -32 -28 -32 -35 -35 -39 -44 -60 -57 -63 -75 -70 -59 -51 -44 -41 -46 -51 -58 -57 -47 -51 -48 -51 -44 -48 -44 -46 -49 -47 -50 -38 -27 -30 -33 -32 -40 -33 -25 -22 -21 -23 -22 -31 -30 -30 -17 -21 -20 -23 -23 -25 -25 -26 -27 -29 -28 -29 -29 -29 -28
-19 -16 -14 -14 -16 -16 -15 -15 -18 -19 -21 -23 -22 -16 -19 -18 -20 -18 -22 -22 -26 -30 -24 -27 -33 -38 -40 -44 -49 -60 -79 -111 -86 -66 -54 -48 -49 -58 -61 -60 -52 -43 -46 -49 -53 -39 -46 -51 -48 -42 -57 -54 -41 -30 -30 -29 -31 -25 -24 -22 -20 -25 -30 -23 -24 -22 -24 -14 -20 -19 -21 -22 -24 -23 -26 -24 -25 -25 -27 -27 -27 -27
-20 -17 -16 -14 -15 -15 -15 -19 -18 -18 -20 -24 -27 -30 -21 -21 -21 -17 -19 -25 -25 -27 -22 -24 -29 -37 -40 -44 -49 -57 -72 -91 -74 -60 -51 -48 -53 -59 -53 -50 -49 -51 -40 -43 -38 -35 -43 -44 -36 -42 -53 -39 -37 -31 -29 -28 -26 -18 -21 -19 -18 -18 -24 -18 -20 -18 -17 -16 -19 -19 -21 -21 -23 -24 -25 -25 -25 -26 -28 -28 -26 -25
-20 -17 -16 -14 -14 -14 -16 -19 -23 -30 -32 -31 -32 -32 -38 -30 -26 -23 -19 -25 -20 -17 -21 -28 -31 -36 -38 -42 -44 -49 -53 -58 -53 -50 -44 -46 -48 -48 -49 -52 -49 -45 -37 -37 -36 -35 -40 -41 -34 -37 -35 -31 -24 -27 -19 -18 -18 -16 -16 -15 -13 -14 -18 -12 -14 -12 -12 -15 -17 -15 -19 -18 -21 -21 -23 -23 -24 -24 -26 -25 -23 -22
-17 -16 -16 -16 -14 -13 -17 -22 -25 -30 -32 -27 -28 -31 -34 -34 -28 -23 -20 -20 -20 -27 -34 -36 -32 -32 -31 -34 -37 -40 -42 -45 -41 -43 -42 -42 -40 -42 -45 -55 -46 -44 -38 -38 -34 -34 -34 -37 -37 -27 -28 -28 -28 -20 -16 -14 -13 -14 -14 -13 -16 -11 -13 -11 -13 -12 -12 -15 -16 -16 -18 -18 -21 -21 -23 -23 -23 -23 -24 -24 -22 -22
-14 -14 -16 -16 -17 -13 -18 -19 -20 -24 -23 -23 -25 -26 -28 -28 -23 -23 -16 -24 -27 -30 -34 -30 -31 -31 -29 -33 -34 -36 -36 -38 -37 -40 -40 -42 -39 -40 -48 -45 -32 -36 -33 -33 -36 -37 -34 -28 -27 -27 -27 -27 -24 -14 -13 -10 -10 -9 -12 -9 -17 -10 -9 -9 -11 -11 -14 -13 -16 -15 -17 -17 -19 -19 -19 -19 -20 -20 -20 -21 -21 -20
-13 -15 -14 -15 -15 -14 -16 -17 -20 -21 -22 -18 -24 -23 -24 -27 -31 -30 -21 -20 -30 -32 -35 -33 -34 -32 -35 -36 -33 -32 -33 -35 -34 -39 -38 -42 -44 -40 -34 -30 -28 -36 -29 -31 -35 -37 -33 -25 -29 -23 -18 -20 -17 -13 -12 -10 -12 -9 -9 -9 -12 -9 -9 -10 -11 -11 -13 -12 -16 -16 -19 -18 -20 -19 -19 -19 -19 -19 -21 -23 -22 -21
-11 -12 -14 -13 -15 -18 -16 -15 -18 -17 -22 -20 -20 -23 -30 -26 -25 -33 -29 -22 -24 -26 -31 -29 -30 -30 -30 -35 -32 -33 -34 -36 -36 -41 -38 -42 -44 -42 -38 -32 -36 -35 -28 -30 -31 -36 -44 -21 -29 -26 -15 -13 -12 -11 -12 -11 -10 -9 -7 -6 -7 -8 -9 -8 -8 -9 -10 -10 -14 -15 -17 -17 -17 -16 -17 -16 -17 -17 -18 -18 -18 -17
-10 -10 -11 -15 -17 -21 -20 -14 -21 -17 -23 -27 -21 -17 -20 -20 -27 -36 -31 -19 -17 -24 -30 -28 -22 -29 -34 -33 -29 -31 -27 -27 -29 -35 -36 -42 -40 -36 -25 -27 -32 -33 -26 -28 -40 -43 -37 -37 -46 -38 -22 -13 -7 -7 -8 -8 -8 -6 -5 -4 -6 -6 -9 -8 -10 -9 -11 -9 -13 -15 -18 -17 -18 -17 -19 -17 -17 -16 -16 -15 -15 -15
-10 -9 -10 -13 -17 -18 -18 -17 -18 -20 -25 -27 -24 -20 -19 -26 -28 -31 -28 -29 -22 -20 -21 -31 -26 -25 -27 -28 -24 -26 -28 -28 -26 -32 -28 -31 -29 -29 -23 -23 -29 -28 -27 -33 -45 -48 -38 -43 -49 -32 -14 -11 -10 -12 -8 -5 -6 -7 -6 -4 -5 -5 -7 -7 -9 -9 -10 -9 -12 -13 -16 -14 -13 -12 -14 -13 -13 -12 -12 -11 -11 -12
-4 -9 -9 -11 -15 -17 -20 -15 -16 -23 -21 -19 -18 -20 -17 -18 -21 -25 -23 -21 -29 -23 -19 -29 -32 -23 -22 -27 -21 -27 -32 -25 -26 -28 -28 -27 -22 -24 -24 -20 -21 -24 -27 -27 -44 -44 -49 -49 -47 -21 -17 -13 -12 -10 -10 -5 -6 -4 -5 -4 -5 -5 -7 -7 -11 -11 -18 -16 -14 -14 -15 -12 -11 -9 -11 -11 -11 -11 -12 -12 -12 -12
-5 -5 -9 -10 -13 -13 -15 -16 -19 -21 -19 -15 -17 -19 -16 -22 -24 -25 -25 -24 -19 -18 -26 -31 -31 -22 -23 -24 -22 -31 -24 -26 -27 -24 -26 -33 -25 -20 -20 -21 -18 -23 -23 -38 -32 -43 -52 -42 -32 -21 -24 -18 -20 -16 -13 -8 -10 -5 -5 -3 -4 -3 -6 -11 -11 -13 -18 -16 -9 -9 -10 -7 -7 -7 -8 -7 -5 -5 -7 -7 -6 -3
-6 -6 -7 -8 -10 -10 -13 -12 -15 -16 -16 -15 -20 -15 -18 -23 -31 -29 -22 -20 -20 -16 -22 -27 -23 -19 -27 -25 -22 -25 -21 -27 -26 -22 -26 -31 -31 -24 -17 -19 -21 -27 -31 -52 -46 -48 -47 -29 -22 -33 -23 -19 -17 -14 -15 -10 -12 -5 -8 -5 -8 -9 -16 -11 -15 -15 -15 -8 -7 -6 -8 -6 -7 -7 -7 -5 -4 -4 -5 -9999 -9999 -9999
-6 -6 -7 -7 -8 -10 -11 -12 -14 -15 -15 -13 -16 -16 -22 -25 -26 -26 -24 -22 -15 -14 -14 -18 -15 -16 -18 -18 -21 -24 -20 -22 -21 -25 -27 -28 -29 -19 -16 -18 -24 -31 -30 -49 -55 -52 -43 -23 -19 -24 -17 -14 -13 -11 -14 -13 -12 -11 -5 -3 -11 -8 -11 -16 -18 -14 -11 -5 -5 -4 -6 -4 -4 -4 -4 -3 -1 -9999 -9999 -9999 -9999 -9999
-6 -6 -7 -6 -8 -8 -11 -11 -13 -13 -13 -12 -16 -19 -20 -20 -20 -19 -18 -19 -13 -14 -14 -19 -14 -20 -12 -16 -19 -16 -16 -21 -24 -29 -25 -21 -18 -17 -20 -23 -23 -24 -29 -54 -58 -58 -33 -22 -18 -16 -14 -12 -10 -9 -11 -12 -14 -5 -4 -9 -9 -8 -16 -21 -21 -11 -8 -7 -6 -4 -5 -3 -3 -3 -3 0 -9999 -9999 -9999 -9999 -9999 -9999
-7 -7 -8 -7 -8 -8 -9 -9 -10 -11 -12 -13 -14 -14 -14 -14 -15 -17 -18 -15 -12 -14 -14 -17 -13 -13 -13 -15 -14 -13 -14 -19 -21 -22 -16 -15 -17 -22 -21 -21 -23 -28 -34 -49 -57 -58 -37 -22 -17 -15 -12 -9 -8 -7 -8 -11 -9 -4 -7 -6 -13 -12 -18 -25 -18 -10 -6 -5 -4 -1 -1 1 1 2 -9999 -9999 -9999 -9999 -9999 -9999 -9999 -9999
-7 -7 -8 -8 -8 -8 -9 -8 -9 -9 -10 -10 -11 -11 -10 -12 -13 -15 -15 -12 -10 -15 -15 -18 -12 -12 -12 -13 -13 -15 -14 -19 -17 -14 -13 -18 -18 -21 -22 -26 -27 -33 -53 -59 -60 -41 -24 -19 -14 -12 -11 -8 -6 -6 -7 -11 -7 -4 -6 -7 -11 -12 -19 -22 -16 -15 -5 -2 -2 0 0 2 -9999 -9999 -9999 -9999 -9999 -9999 -9999 -9999 -9999 -9999
-7 -7 -8 -8 -9 -9 -10 -9 -10 -10 -11 -11 -11 -11 -11 -10 -10 -13 -11 -12 -13 -14 -15 -18 -11 -13 -13 -15 -15 -19 -20 -20 -21 -14 -17 -18 -21 -24 -24 -26 -28 -31 -43 -44 -56 -39 -24 -18 -13 -11 -9 -8 -7 -6 -6 -8 -6 -6 -8 -8 -11 -10 -14 -11 -9 -2 -3 -1 0 2 3 -9999 -9999 -9999 -9999 -9999 -9999 -9999 -9999 -9999 -9999 -9999
-7 -6 -8 -8 -9 -8 -9 -9 -10 -10 -10 -11 -11 -11 -11 -10 -10 -10 -11 -12 -13 -15 -13 -13 -10 -12 -16 -20 -20 -20 -17 -17 -13 -15 -21 -23 -21 -24 -22 -25 -22 -26 -37 -56 -45 -29 -20 -16 -12 -9 -8 -6 -7 -7 -6 -6 -6 -6 -7 -9 -12 -13 -12 -7 -3 -1 -1 -1 0 3 4 -9999 -9999 -9999 -9999 -9999 -9999 -9999 -9999 -9999 -9999 -9999
-7 -7 -7 -7 -8 -8 -9 -8 -9 -9 -10 -10 -10 -11 -10 -10 -10 -10 -9 -12 -11 -11 -12 -14 -13 -17 -18 -18 -17 -16 -12 -15 -19 -23 -24 -24 -23 -21 -24 -22 -21 -24 -45 -45 -37 -28 -19 -16 -13 -12 -9 -8 -6 -8 -6 -6 -7 -10 -7 -9 -13 -12 -8 -9 -2 -1 0 2 5 6 -9999 -9999 -9999 -9999 -9999 -9999 -9999 -9999 -9999 -9999 -9999 -9999
-7 -6 -7 -7 -8 -8 -9 -8 -9 -9 -10 -10 -10 -10 -10 -10 -11 -11 -9 -10 -10 -11 -11 -12 -13 -15 -15 -17 -14 -12 -14 -17 -17 -19 -18 -21 -21 -19 -20 -18 -19 -33 -39 -40 -27 -21 -17 -16 -14 -12 -12 -9 -10 -6 -7 -8 -10 -10 -9 -10 -11 -13 -9 -6 -1 2 1 2 4 6 -9999 -9999 -9999 -9999 -9999 -9999 -9999 -9999 -9999 -9999 -9999 -9999
-7 -8 -8 -8 -9 -9 -9 -9 -10 -10 -9 -9 -9 -10 -10 -10 -10 -10 -11 -10 -9 -11 -11 -12 -12 -14 -14 -14 -11 -13 -15 -17 -16 -16 -16 -19 -16 -19 -15 -16 -26 -43 -42 -26 -22 -17 -16 -15 -13 -17 -21 -17 -14 -7 -7 -9 -12 -10 -10 -9 -13 -10 -4 -3 0 3 1 3 5 8 -9999 -9999 -9999 -9999 -9999 -9999 -9999 -9999 -9999 -9999 -9999 -9999
-8 -8 -8 -8 -9 -9 -9 -8 -9 -9 -9 -9 -9 -9 -10 -11 -9 -10 -10 -10 -9 -10 -11 -12 -12 -13 -12 -12 -10 -13 -12 -15 -13 -13 -12 -15 -16 -14 -13 -21 -35 -40 -21 -16 -13 -15 -13 -12 -17 -18 -19 -11 -6 -5 -3 -5 -10 -10 -10 -8 -10 -7 -6 -1 -1 2 2 3 5 -9999 -9999 -9999 -9999 -9999 -9999 -9999 -9999 -9999 -9999 -9999 -9999 -9999
-8 -8 -8 -8 -9 -8 -9 -8 -10 -9 -9 -9 -9 -9 -9 -10 -10 -9 -8 -10 -8 -9 -11 -11 -10 -12 -12 -12 -11 -13 -11 -13 -10 -11 -12 -16 -13 -13 -22 -40 -35 -20 -15 -13 -12 -14 -12 -15 -19 -18 -19 -15 -11 -9 -6 -4 -3 -4 -6 -6 -5 -6 0 0 0 2 4 5 8 -9999 -9999 -9999 -9999 -9999 -9999 -9999 -9999 -9999 -9999 -9999 -9999 -9999
-8 -8 -8 -8 -9 -8 -9 -9 -10 -9 -9 -9 -9 -9 -9 -9 -9 -9 -9 -9 -9 -9 -9 -11 -10 -10 -10 -11 -10 -13 -10 -10 -9 -11 -11 -14 -10 -16 -37 -33 -19 -14 -11 -11 -9 -10 -10 -12 -15 -18 -17 -17 -14 -7 -5 -4 -3 -6 -3 -3 -1 -1 -1 0 1 3 4 7 -9999 -9999 -9999 -9999 -9999 -9999 -9999 -9999 -9999 -9999 -9999 -9999 -9999 -9999
-9 -9 -9 -9 -10 -10 -9 -9 -9 -9 -9 -9 -9 -9 -8 -9 -8 -9 -9 -9 -8 -9 -8 -10 -9 -10 -10 -11 -10 -11 -8 -9 -8 -11 -12 -11 -10 -20 -28 -18 -13 -12 -10 -11 -11 -14 -15 -14 -19 -19 -20 -19 -14 -6 -4 -3 -8 -5 -1 -1 0 0 0 2 4 5 7 -9999 -9999 -9999 -9999 -9999 -9999 -9999 -9999 -9999 -9999 -9999 -9999 -9999 -9999 -9999
-9 -8 -8 -8 -10 -10 -8 -9 -10 -9 -9 -9 -9 -10 -9 -9 -9 -10 -9 -8 -8 -9 -8 -10 -10 -11 -11 -11 -9 -9 -7 -8 -8 -9 -8 -9 -13 -18 -11 -11 -10 -11 -9 -12 -18 -19 -15 -16 -15 -16 -24 -18 -10 -5 -3 -8 -3 -2 -1 -1 0 0 1 2 8 -9999 -9999 -9999 -9999 -9999 -9999 -9999 -9999 -9999 -9999 -9999 -9999 -9999 -9999 -9999 -9999 -9999
-10 -9 -9 -9 -9 -9 -9 -9 -10 -9 -9 -9 -8 -8 -8 -8 -9 -9 -9 -8 -8 -9 -8 -10 -10 -11 -10 -10 -9 -9 -8 -9 -7 -8 -9 -16 -23 -12 -9 -10 -11 -13 -13 -18 -24 -22 -23 -21 -13 -13 -17 -15 -9 -7 -9 -8 -6 -7 0 -1 0 1 3 -9999 -9999 -9999 -9999 -9999 -9999 -9999 -9999 -9999 -9999 -9999 -9999 -9999 -9999 -9999 -9999 -9999 -9999 -9999
-9 -9 -9 -10 -9 -9 -9 -9 -9 -9 -10 -10 -8 -8 -8 -7 -9 -8 -7 -8 -7 -8 -8 -10 -10 -11 -10 -10 -9 -9 -8 -9 -9 -11 -14 -26 -17 -10 -10 -11 -11 -14 -18 -24 -27 -25 -25 -18 -14 -11 -14 -16 -19 -10 -10 -7 -11 -4 0 0 1 2 7 -9999 -9999 -9999 -9999 -9999 -9999 -9999 -9999 -9999 -9999 -9999 -9999 -9999 -9999 -9999 -9999 -9999 -9999 -9999
-11 -10 -10 -9 -8 -8 -9 -8 -8 -8 -9 -9 -8 -7 -5 -6 -7 -7 -5 -7 -6 -7 -7 -10 -9 -10 -10 -10 -9 -9 -9 -10 -14 -21 -24 -20 -15 -13 -12 -14 -12 -19 -22 -35 -30 -27 -16 -13 -13 -11 -12 -14 -14 -11 -9 -10 -8 -3 -2 -1 1 2 5 -9999 -9999 -9999 -9999 -9999 -9999 -9999 -9999 -9999 -9999 -9999 -9999 -9999 -9999 -9999 -9999 -9999 -9999 -9999
-10 -9 -9 -8 -8 -8 -7 -8 -8 -8 -8 -7 -6 -7 -5 -6 -7 -7 -6 -6 -5 -7 -7 -10 -9 -10 -9 -10 -9 -9 -11 -23 -26 -31 -24 -16 -14 -15 -14 -14 -17 -25 -25 -28 -31 -19 -15 -15 -11 -8 -9 -9 -12 -14 -9 -5 -7 -3 -2 0 2 4 4 10 -9999 -9999 -9999 -9999 -9999 -9999 -9999 -9999 -9999 -9999 -9999 -9999 -9999 -9999 -9999 -9999 -9999 -9999
-12 -11 -11 -10 -10 -10 -9 -8 -8 -8 -8 -6 -5 -5 -4 -5 -6 -5 -5 -5 -5 -6 -10 -10 -9 -10 -9 -10 -9 -12 -25 -29 -35 -29 -17 -17 -16 -17 -15 -15 -19 -26 -25 -33 -24 -17 -16 -15 -12 -10 -8 -8 -14 -13 -7 -3 -4 -1 0 0 2 2 5 9 -9999 -9999 -9999 -9999 -9999 -9999 -9999 -9999 -9999 -9999 -9999 -9999 -9999 -9999 -9999 -9999 -9999 -9999
-12 -11 -11 -10 -10 -10 -9 -8 -7 -7 -7 -6 -5 -5 -4 -4 -5 -5 -5 -5 -5 -6 -11 -11 -10 -10 -10 -12 -13 -23 -29 -36 -29 -20 -19 -18 -19 -20 -16 -18 -24 -28 -34 -28 -20 -17 -14 -13 -13 -14 -11 -9 -14 -10 -3 -3 -2 -1 0 2 3 3 7 -9999 -9999 -9999 -9999 -9999 -9999 -9999 -9999 -9999 -9999 -9999 -9999 -9999 -9999 -9999 -9999 -9999 -9999 -9999
-12 -12 -11 -9 -10 -9 -8 -7 -6 -6 -6 -5 -4 -4 -3 -4 -4 -5 -4 -4 -4 -5 -10 -10 -9 -10 -12 -21 -26 -32 -38 -33 -27 -21 -19 -20 -20 -18 -18 -19 -27 -31 -25 -23 -20 -19 -17 -14 -13 -14 -13 -12 -7 -6 -3 -4 -1 0 2 3 5 6 7 -9999 -9999 -9999 -9999 -9999 -9999 -9999 -9999 -9999 -9999 -9999 -9999 -9999 -9999 -9999 -9999 -9999 -9999 -9999
-12 -11 -10 -10 -10 -10 -7 -7 -6 -6 -6 -5 -4 -4 -3 -4 -4 -5 -4 -5 -5 -9 -9 -10 -11 -12 -18 -23 -36 -38 -46 -31 -25 -23 -21 -22 -21 -21 -18 -19 -19 -21 -20 -23 -25 -22 -20 -20 -13 -11 -10 -8 -5 -5 -2 -2 0 2 3 4 7 9 -9999 -9999 -9999 -9999 -9999 -9999 -9999 -9999 -9999 -9999 -9999 -9999 -9999 -9999 -9999 -9999 -9999 -9999 -9999 -9999
-14 -13 -11 -10 -10 -10 -9 -7 -6 -6 -5 -5 -3 -3 -2 -3 -3 -4 -4 -4 -5 -8 -8 -10 -13 -19 -25 -33 -46 -51 -45 -34 -35 -25 -24 -25 -25 -21 -19 -22 -22 -23 -23 -24 -24 -19 -20 -20 -20 -17 -8 -5 -4 -2 -2 0 2 4 5 6 -9999 -9999 -9999 -9999 -9999 -9999 -9999 -9999 -9999 -9999 -9999 -9999 -9999 -9999 -9999 -9999 -9999 -9999 -9999 -9999 -9999 -9999
