Electronic Materials (Flash Drives)/data/NZclimate/LGM/CCSM4_LGM/bio01nz.asc
ncols         384
nrows         384
xllcorner     164
yllcorner     -49
cellsize      0.041666666666667
NODATA_value  -9999
[rows 148 to 184 of 384, columns 249 to 331 of 384]
92 91 91 91 88 86 85 85 86 84 82 86 84 85 81 79 77 76 75 72 70 76 71 62 58 55 52 48 41 33 35 42 51 59 54 44 37 34 41 45 42 40 46 52 47 41 46 55 63 69 75 76 73 78 81 64 57 79 88 88 91 89 94 95 97 100 100 99 100 99 100 99 99 99 99 99 98 99 99 100 99 100 99
90 90 89 88 88 87 85 81 78 84 87 86 87 83 84 78 78 73 72 75 71 68 68 62 57 37 42 34 22 25 36 45 51 54 49 41 35 36 46 40 44 41 48 44 49 47 44 47 45 62 73 71 69 71 63 73 81 88 88 90 91 84 86 88 101 100 101 100 100 100 100 100 100 99 99 99 99 99 99 100 100 101 100
89 87 88 90 89 86 86 83 81 82 88 86 87 85 86 82 82 78 74 79 76 69 65 61 57 51 39 17 -17 8 30 42 48 45 36 31 32 41 50 47 44 38 54 46 42 45 51 37 40 57 70 71 73 73 80 83 85 90 85 82 89 91 94 94 103 101 101 101 101 101 101 101 101 101 101 100 100 101 100 101 100 101 101
89 89 89 90 85 87 87 84 80 77 75 84 84 83 87 85 79 78 77 81 78 74 65 61 57 51 42 25 4 21 36 45 47 41 34 39 43 44 41 53 51 56 60 50 49 58 52 41 56 62 68 73 74 79 87 87 88 93 93 88 94 95 98 101 102 101 102 101 101 101 101 101 101 101 100 99 99 101 102 102 102 102 101
89 90 89 88 85 82 75 73 75 74 73 67 75 79 82 86 81 83 86 82 76 72 67 63 59 55 50 44 40 43 47 51 50 47 47 45 41 44 47 58 56 58 60 52 52 62 59 62 66 75 72 83 85 86 89 91 93 97 97 95 101 102 103 106 102 103 104 103 103 102 102 102 102 102 101 100 101 102 103 104 103 103 102
88 90 90 88 82 80 75 72 78 77 75 70 70 76 81 85 84 83 76 69 67 70 70 70 67 63 61 57 54 57 56 55 56 56 53 48 37 47 49 55 55 60 60 61 56 59 69 69 70 72 80 86 89 92 90 93 94 94 98 100 102 102 103 105 102 103 103 103 103 102 102 102 102 102 102 102 102 103 104 104 103 103 103
87 88 92 88 86 84 81 82 82 80 80 77 77 81 82 88 80 77 74 69 74 72 72 72 69 67 65 64 62 62 60 57 55 58 57 46 49 63 59 63 63 59 58 61 68 69 69 70 71 75 87 90 93 94 96 96 98 94 101 104 104 103 104 103 104 103 104 103 103 104 104 103 103 103 104 104 103 103 104 105 105 105 105
89 89 91 89 88 85 84 83 87 81 82 82 79 74 74 83 84 74 72 68 71 69 71 66 66 68 68 67 65 64 60 59 55 51 57 62 67 67 59 66 65 59 58 62 71 67 74 80 79 83 88 91 93 93 96 99 99 98 102 104 103 103 104 104 104 103 103 102 102 103 104 104 104 104 104 103 102 102 103 106 106 106 105
91 89 86 89 89 88 90 84 85 85 83 76 81 81 72 76 83 81 79 73 75 74 74 73 68 70 68 65 64 62 58 59 55 51 54 59 65 60 60 68 66 65 60 50 76 68 72 84 86 89 89 91 92 95 97 100 101 103 103 103 104 105 105 105 105 104 103 102 102 103 105 105 105 106 106 105 104 105 105 107 107 107 107
90 88 84 86 91 84 89 83 78 84 88 85 85 78 70 74 86 87 81 75 76 82 74 68 70 72 70 74 72 71 63 62 56 57 61 71 70 64 64 70 67 55 52 58 59 48 58 76 87 94 94 95 96 97 99 101 103 103 104 103 104 104 104 105 106 105 103 102 102 103 103 103 104 106 106 107 107 107 107 107 107 107 108
93 89 87 87 89 88 85 82 79 82 86 87 80 78 75 78 77 83 86 83 73 77 79 76 76 77 75 72 73 74 68 70 68 69 69 75 73 68 69 70 64 49 46 56 52 46 66 85 90 90 89 94 99 99 99 101 103 104 104 104 104 104 104 104 105 104 103 103 104 105 106 106 107 107 107 108 109 109 108 109 109 110 112
94 91 88 86 91 89 82 85 87 88 87 89 89 85 81 82 84 76 82 85 75 72 82 81 76 80 75 69 76 73 72 71 72 75 74 72 77 76 73 70 69 50 49 45 45 47 77 81 87 89 91 93 98 99 101 102 103 104 104 104 104 102 101 96 98 103 103 103 105 108 109 109 108 108 108 108 109 108 108 110 110 113 -9999
95 93 93 91 90 88 86 88 92 90 88 91 86 82 81 81 82 87 87 78 74 74 82 81 80 79 71 77 75 73 77 73 66 74 78 77 77 80 75 74 59 64 52 42 53 65 77 76 83 82 85 90 96 94 99 101 104 104 104 103 99 101 99 96 98 105 105 106 108 110 110 110 111 113 113 112 111 113 115 -9999 -9999 -9999 -9999
97 96 96 93 94 92 91 91 92 87 92 89 84 76 77 84 86 86 90 83 78 81 85 77 79 80 77 80 74 74 78 73 69 67 74 81 79 77 71 66 43 48 47 48 68 77 66 77 82 84 87 88 93 92 99 98 101 100 99 93 99 97 97 99 105 107 108 107 109 110 110 111 112 113 114 114 -9999 -9999 -9999 -9999 -9999 -9999 -9999
99 99 96 96 95 93 93 93 95 91 92 86 83 81 81 83 85 91 92 91 87 89 90 85 86 81 79 82 80 80 77 73 73 70 80 83 81 74 68 67 47 40 42 53 77 80 74 82 86 89 91 89 90 92 94 101 103 97 101 98 92 92 96 101 107 109 109 109 111 112 112 112 113 115 -9999 -9999 -9999 -9999 -9999 -9999 -9999 -9999 -9999
99 99 99 96 96 95 95 94 95 92 89 88 88 87 88 88 87 93 91 91 86 91 85 91 88 84 87 86 81 76 72 75 79 80 82 79 75 75 74 69 41 36 36 64 77 81 84 86 88 91 93 92 91 89 99 102 97 98 99 92 87 88 100 104 105 106 108 110 112 112 112 113 116 -9999 -9999 -9999 -9999 -9999 -9999 -9999 -9999 -9999 -9999
99 99 99 98 98 98 96 96 96 94 93 93 93 93 91 89 91 96 94 92 89 91 92 91 89 89 90 88 84 81 80 85 86 83 78 77 78 76 71 64 47 39 38 60 76 82 85 89 92 93 95 95 92 95 100 98 99 94 95 89 82 92 100 105 106 108 110 112 114 115 116 -9999 -9999 -9999 -9999 -9999 -9999 -9999 -9999 -9999 -9999 -9999 -9999
99 99 99 99 99 98 98 98 98 97 97 97 95 94 92 92 95 96 92 90 88 92 92 92 92 90 88 89 84 84 87 87 84 82 79 76 74 72 65 43 37 35 55 74 79 85 87 90 93 94 95 96 92 96 100 99 98 96 95 87 85 93 94 106 108 110 111 113 115 -9999 -9999 -9999 -9999 -9999 -9999 -9999 -9999 -9999 -9999 -9999 -9999 -9999 -9999
100 99 99 99 99 98 98 99 99 98 98 98 98 98 96 96 95 94 94 91 89 94 93 92 90 88 85 84 84 82 88 85 83 80 77 77 75 71 69 54 53 40 60 75 82 86 89 92 94 95 96 97 95 98 99 98 98 95 96 93 97 100 107 107 109 112 114 115 -9999 -9999 -9999 -9999 -9999 -9999 -9999 -9999 -9999 -9999 -9999 -9999 -9999 -9999 -9999
100 100 100 99 99 99 99 99 99 98 98 98 98 98 98 96 95 94 93 93 94 95 93 90 84 84 84 87 87 89 87 80 78 79 77 78 76 77 74 62 40 51 70 79 84 87 90 93 95 96 96 96 97 97 99 98 96 93 93 96 101 107 108 109 109 112 115 116 -9999 -9999 -9999 -9999 -9999 -9999 -9999 -9999 -9999 -9999 -9999 -9999 -9999 -9999 -9999
101 100 100 100 100 99 99 99 99 98 98 98 98 98 98 98 96 96 96 95 95 94 90 88 87 87 89 92 89 84 80 78 80 78 80 78 81 80 76 52 54 62 72 81 84 87 90 93 94 96 94 98 98 97 94 97 96 93 94 98 98 106 108 109 112 115 115 -9999 -9999 -9999 -9999 -9999 -9999 -9999 -9999 -9999 -9999 -9999 -9999 -9999 -9999 -9999 -9999
101 100 100 100 100 99 99 99 99 99 99 98 99 98 98 99 98 97 96 96 95 93 91 90 90 91 93 91 87 86 85 84 81 80 83 81 84 82 67 61 59 72 80 82 85 87 89 88 93 92 96 97 96 94 94 95 95 95 93 98 101 108 111 110 112 114 116 -9999 -9999 -9999 -9999 -9999 -9999 -9999 -9999 -9999 -9999 -9999 -9999 -9999 -9999 -9999 -9999
101 100 100 100 100 100 100 100 100 100 100 99 99 99 99 99 99 99 96 96 95 93 92 91 92 94 92 90 88 88 88 87 85 86 83 88 87 75 58 58 75 79 84 86 86 88 85 81 85 89 96 95 94 92 94 94 96 93 97 101 103 108 112 111 113 114 117 -9999 -9999 -9999 -9999 -9999 -9999 -9999 -9999 -9999 -9999 -9999 -9999 -9999 -9999 -9999 -9999
101 101 101 100 101 100 100 100 100 100 100 99 99 99 99 99 99 99 99 96 95 94 93 93 94 94 92 92 90 91 91 90 88 86 89 89 81 65 60 80 85 88 87 88 89 85 83 83 91 96 99 100 99 95 95 95 97 96 99 101 105 107 110 112 113 115 -9999 -9999 -9999 -9999 -9999 -9999 -9999 -9999 -9999 -9999 -9999 -9999 -9999 -9999 -9999 -9999 -9999
101 101 101 100 101 100 101 100 100 100 100 100 100 100 99 99 99 99 99 96 96 96 95 95 95 94 93 93 92 93 93 91 88 90 91 81 62 66 83 87 89 90 89 90 87 83 84 83 89 93 95 99 101 101 101 99 99 101 100 107 106 108 110 112 114 117 -9999 -9999 -9999 -9999 -9999 -9999 -9999 -9999 -9999 -9999 -9999 -9999 -9999 -9999 -9999 -9999 -9999
101 101 101 101 101 100 100 100 100 100 100 100 100 100 100 99 99 100 99 99 96 96 96 96 96 95 93 94 95 95 94 92 90 94 87 65 70 82 88 91 92 93 92 91 89 88 85 86 86 90 96 100 101 101 99 102 103 104 106 106 107 109 111 113 116 -9999 -9999 -9999 -9999 -9999 -9999 -9999 -9999 -9999 -9999 -9999 -9999 -9999 -9999 -9999 -9999 -9999 -9999
101 100 100 101 101 101 100 101 101 100 100 101 100 100 99 99 100 100 100 99 97 97 96 96 96 96 95 96 96 96 95 93 93 95 84 76 87 90 91 93 93 92 89 89 90 85 85 83 85 89 97 100 101 96 100 104 105 107 107 107 109 111 112 114 -9999 -9999 -9999 -9999 -9999 -9999 -9999 -9999 -9999 -9999 -9999 -9999 -9999 -9999 -9999 -9999 -9999 -9999 -9999
102 100 101 101 101 100 101 101 101 100 99 100 100 99 98 99 100 100 99 98 97 97 96 96 96 97 97 97 97 97 96 95 96 92 86 93 94 93 92 95 92 85 84 89 87 88 87 79 86 94 98 100 96 102 102 104 105 106 108 108 109 115 -9999 -9999 -9999 -9999 -9999 -9999 -9999 -9999 -9999 -9999 -9999 -9999 -9999 -9999 -9999 -9999 -9999 -9999 -9999 -9999 -9999
102 101 101 101 101 101 101 101 101 100 99 101 101 99 99 99 100 100 99 99 96 97 96 96 97 97 97 97 97 97 97 96 89 82 93 96 95 94 93 92 87 80 82 81 83 91 91 88 90 95 98 96 97 99 99 105 105 106 108 110 -9999 -9999 -9999 -9999 -9999 -9999 -9999 -9999 -9999 -9999 -9999 -9999 -9999 -9999 -9999 -9999 -9999 -9999 -9999 -9999 -9999 -9999 -9999
102 102 102 101 101 101 101 100 100 101 101 101 100 100 100 100 100 100 100 99 96 97 96 96 96 97 97 97 97 96 94 91 80 88 95 95 95 94 91 87 80 77 79 78 86 90 93 90 88 86 93 95 97 94 100 105 105 107 109 113 -9999 -9999 -9999 -9999 -9999 -9999 -9999 -9999 -9999 -9999 -9999 -9999 -9999 -9999 -9999 -9999 -9999 -9999 -9999 -9999 -9999 -9999 -9999
102 102 102 102 102 102 101 100 100 101 101 102 101 101 101 101 101 101 100 100 97 97 96 96 96 97 97 97 96 92 86 81 86 91 93 94 92 94 87 84 70 74 78 90 93 93 96 94 91 91 94 97 96 98 103 104 105 107 109 112 -9999 -9999 -9999 -9999 -9999 -9999 -9999 -9999 -9999 -9999 -9999 -9999 -9999 -9999 -9999 -9999 -9999 -9999 -9999 -9999 -9999 -9999 -9999
102 102 102 102 101 101 101 101 102 102 102 102 101 101 101 102 101 101 100 99 96 97 96 97 97 97 97 95 83 80 75 82 90 92 92 92 92 89 81 80 78 74 86 91 91 95 98 96 97 92 90 96 100 99 103 104 106 108 110 111 117 -9999 -9999 -9999 -9999 -9999 -9999 -9999 -9999 -9999 -9999 -9999 -9999 -9999 -9999 -9999 -9999 -9999 -9999 -9999 -9999 -9999 -9999
102 102 102 101 102 101 101 102 102 102 102 102 102 102 101 101 101 101 100 96 96 97 97 97 97 97 95 81 77 71 78 89 90 91 90 91 92 88 81 82 73 82 89 90 91 94 97 99 99 92 94 100 103 103 106 106 107 109 110 112 116 -9999 -9999 -9999 -9999 -9999 -9999 -9999 -9999 -9999 -9999 -9999 -9999 -9999 -9999 -9999 -9999 -9999 -9999 -9999 -9999 -9999 -9999
102 102 102 102 102 102 102 102 102 102 102 102 102 102 101 101 101 101 99 95 96 96 96 97 95 94 83 77 70 77 87 88 89 88 87 90 89 83 79 72 78 86 89 92 93 94 93 95 98 93 97 104 104 105 105 107 109 110 111 113 -9999 -9999 -9999 -9999 -9999 -9999 -9999 -9999 -9999 -9999 -9999 -9999 -9999 -9999 -9999 -9999 -9999 -9999 -9999 -9999 -9999 -9999 -9999
102 102 102 102 102 102 102 102 102 102 102 102 102 102 101 101 101 101 100 96 96 96 96 93 85 80 73 68 73 80 86 87 87 88 90 89 89 79 76 83 85 87 89 91 94 95 93 94 95 100 102 104 104 106 108 110 111 112 113 115 -9999 -9999 -9999 -9999 -9999 -9999 -9999 -9999 -9999 -9999 -9999 -9999 -9999 -9999 -9999 -9999 -9999 -9999 -9999 -9999 -9999 -9999 -9999
102 102 102 102 102 102 102 102 102 102 102 102 102 102 101 101 101 100 96 96 96 95 94 87 82 69 67 59 75 81 84 86 85 87 87 89 89 88 86 88 85 83 85 87 87 94 96 97 99 102 102 105 106 107 110 111 112 113 116 -9999 -9999 -9999 -9999 -9999 -9999 -9999 -9999 -9999 -9999 -9999 -9999 -9999 -9999 -9999 -9999 -9999 -9999 -9999 -9999 -9999 -9999 -9999 -9999
102 102 102 102 102 102 102 103 103 103 103 102 102 102 102 101 101 100 97 97 95 92 86 80 73 59 53 58 71 72 83 83 82 83 87 90 87 86 86 86 85 84 89 88 89 89 91 100 103 104 105 106 108 110 112 113 115 -9999 -9999 -9999 -9999 -9999 -9999 -9999 -9999 -9999 -9999 -9999 -9999 -9999 -9999 -9999 -9999 -9999 -9999 -9999 -9999 -9999 -9999 -9999 -9999 -9999 -9999
