Electronic Materials (Flash Drives)/data/NZclimate/LGM/CCSM4_LGM/bio06nz.asc
ncols         384
nrows         384
xllcorner     164
yllcorner     -49
cellsize      0.041666666666667
NODATA_value  -9999
[rows 296 to 332 of 384, columns 82 to 163 of 384]
-85 -78 -66 -55 -51 -47 -45 -44 -47 -49 -50 -56 -55 -60 -61 -69 -62 -69 -70 -66 -87 -101 -87 -77 -78 -78 -69 -67 -68 -71 -53 -67 -97 -91 -76 -91 -106 -110 -103 -103 -99 -108 -106 -98 -71 -64 -69 -77 -76 -80 -79 -79 -81 -83 -86 -87 -93 -90 -78 -67 -68 -70 -83 -94 -101 -101 -82 -60 -60 -69 -74 -67 -67 -67 -64 -55 -49 -54 -58 -57 -53 -44
-87 -78 -74 -88 -80 -61 -45 -45 -48 -50 -52 -53 -63 -62 -67 -63 -66 -72 -65 -88 -85 -94 -93 -76 -67 -81 -69 -57 -58 -51 -53 -71 -96 -81 -88 -98 -108 -107 -100 -92 -92 -98 -110 -95 -71 -60 -71 -77 -82 -81 -82 -81 -82 -83 -87 -95 -93 -84 -75 -73 -74 -78 -95 -103 -101 -79 -60 -57 -67 -71 -68 -67 -67 -66 -65 -61 -52 -45 -50 -53 -50 -44
-84 -81 -76 -66 -67 -55 -47 -47 -50 -51 -52 -53 -62 -61 -62 -55 -58 -63 -86 -85 -91 -97 -83 -86 -65 -76 -70 -61 -60 -63 -50 -61 -79 -90 -99 -102 -103 -95 -95 -84 -84 -95 -102 -98 -74 -59 -63 -72 -82 -83 -83 -83 -81 -83 -87 -88 -84 -76 -74 -75 -81 -90 -100 -103 -78 -59 -55 -62 -72 -66 -64 -69 -69 -69 -61 -59 -56 -48 -43 -45 -47 -43
-67 -54 -51 -46 -46 -51 -47 -51 -50 -52 -52 -53 -56 -56 -55 -56 -56 -67 -77 -72 -83 -84 -71 -72 -71 -58 -55 -56 -51 -57 -50 -67 -69 -83 -96 -100 -98 -91 -85 -73 -70 -89 -91 -93 -71 -55 -60 -71 -80 -83 -86 -84 -83 -82 -82 -80 -77 -72 -77 -85 -90 -96 -101 -82 -59 -55 -58 -66 -68 -64 -64 -67 -74 -70 -62 -57 -53 -47 -43 -42 -42 -41
-46 -44 -42 -43 -44 -45 -47 -48 -47 -49 -50 -53 -53 -52 -60 -62 -57 -59 -60 -68 -65 -62 -64 -63 -59 -57 -51 -46 -53 -58 -55 -60 -72 -77 -87 -84 -88 -87 -71 -65 -77 -84 -86 -85 -69 -52 -64 -71 -73 -76 -83 -86 -82 -81 -83 -78 -78 -83 -90 -87 -88 -91 -92 -62 -55 -54 -57 -62 -64 -61 -67 -73 -74 -65 -58 -55 -52 -47 -42 -44 -41 -39
-77 -71 -48 -45 -45 -45 -46 -48 -52 -51 -51 -52 -53 -58 -61 -57 -56 -52 -63 -69 -55 -62 -56 -51 -53 -53 -59 -59 -54 -49 -65 -76 -72 -78 -74 -61 -63 -64 -58 -81 -95 -86 -78 -85 -81 -56 -61 -66 -72 -74 -78 -80 -79 -78 -86 -83 -85 -87 -87 -85 -86 -87 -75 -59 -55 -54 -57 -58 -59 -60 -70 -72 -67 -66 -57 -57 -50 -47 -41 -40 -34 -35
-83 -85 -64 -49 -53 -51 -45 -48 -53 -57 -64 -69 -69 -71 -79 -58 -57 -52 -53 -62 -53 -50 -47 -47 -46 -54 -79 -71 -60 -54 -73 -66 -68 -67 -62 -51 -51 -51 -71 -88 -89 -82 -74 -86 -83 -57 -52 -61 -64 -72 -81 -83 -81 -84 -91 -89 -88 -92 -90 -83 -73 -67 -64 -60 -59 -56 -56 -56 -59 -61 -68 -71 -61 -62 -54 -45 -42 -40 -41 -41 -36 -36
-78 -75 -81 -61 -53 -56 -46 -50 -66 -84 -89 -88 -83 -65 -70 -57 -53 -52 -50 -48 -47 -46 -45 -45 -47 -60 -63 -69 -65 -53 -68 -59 -58 -60 -54 -46 -50 -62 -71 -81 -78 -66 -66 -73 -68 -59 -52 -52 -58 -67 -74 -83 -86 -93 -95 -89 -94 -94 -88 -76 -72 -69 -69 -67 -66 -63 -59 -57 -56 -62 -65 -57 -60 -54 -49 -46 -43 -41 -37 -37 -36 -36
-84 -74 -90 -66 -44 -44 -49 -55 -80 -87 -91 -81 -69 -60 -67 -56 -51 -51 -50 -49 -49 -47 -46 -45 -51 -59 -55 -57 -57 -47 -56 -57 -53 -48 -47 -47 -63 -62 -78 -70 -66 -66 -71 -72 -65 -62 -57 -61 -54 -62 -66 -70 -81 -93 -95 -95 -97 -93 -83 -72 -72 -68 -66 -66 -64 -63 -59 -58 -57 -55 -58 -67 -68 -61 -50 -47 -47 -43 -26 -33 -34 -35
-77 -61 -62 -51 -43 -52 -52 -59 -78 -87 -92 -83 -69 -61 -58 -54 -51 -49 -48 -51 -56 -55 -47 -45 -46 -51 -50 -47 -50 -46 -46 -47 -46 -45 -47 -51 -59 -68 -77 -68 -66 -63 -67 -69 -67 -63 -62 -69 -60 -53 -61 -67 -75 -83 -90 -95 -95 -89 -77 -77 -74 -71 -69 -69 -70 -67 -64 -61 -59 -56 -52 -64 -65 -60 -52 -40 -38 -38 -33 -34 -34 -34
-83 -58 -46 -44 -43 -48 -48 -59 -82 -86 -78 -77 -61 -66 -64 -62 -57 -49 -48 -49 -56 -54 -48 -45 -44 -45 -47 -47 -46 -45 -45 -45 -46 -50 -60 -55 -63 -63 -73 -71 -63 -58 -60 -62 -61 -60 -61 -63 -62 -53 -59 -68 -69 -78 -80 -85 -88 -87 -79 -75 -71 -67 -65 -65 -67 -66 -63 -61 -58 -51 -51 -57 -57 -62 -53 -43 -49 -42 -39 -40 -35 -34
-69 -48 -47 -51 -48 -42 -44 -49 -60 -66 -64 -59 -59 -64 -65 -62 -52 -48 -50 -49 -48 -51 -47 -44 -45 -44 -44 -45 -44 -44 -44 -44 -45 -49 -51 -58 -59 -60 -65 -61 -60 -60 -62 -59 -60 -59 -59 -63 -63 -56 -53 -58 -66 -74 -76 -75 -75 -72 -69 -67 -68 -65 -65 -66 -66 -62 -57 -56 -52 -50 -51 -52 -52 -66 -57 -55 -43 -35 -37 -37 -34 -34
-55 -49 -64 -55 -54 -42 -46 -46 -49 -52 -54 -58 -59 -57 -65 -57 -49 -47 -56 -59 -47 -45 -44 -47 -50 -46 -45 -45 -46 -46 -45 -45 -46 -47 -50 -55 -53 -55 -64 -57 -59 -56 -54 -53 -55 -56 -60 -72 -71 -54 -55 -55 -59 -62 -70 -74 -74 -68 -66 -66 -66 -66 -67 -71 -77 -69 -47 -45 -44 -41 -39 -42 -54 -49 -39 -43 -38 -38 -36 -39 -34 -33
-58 -65 -55 -55 -44 -41 -42 -43 -45 -45 -50 -52 -49 -49 -55 -56 -46 -46 -54 -56 -44 -43 -43 -48 -56 -52 -49 -45 -45 -46 -45 -45 -46 -46 -49 -50 -52 -51 -52 -51 -53 -52 -52 -52 -55 -57 -69 -78 -70 -57 -60 -62 -57 -54 -56 -60 -66 -65 -63 -66 -68 -63 -69 -70 -72 -51 -42 -42 -41 -41 -44 -39 -41 -39 -34 -36 -44 -40 -40 -35 -29 -30
-55 -46 -48 -47 -44 -42 -40 -42 -45 -44 -44 -44 -45 -47 -51 -49 -45 -46 -53 -57 -49 -45 -46 -51 -58 -53 -61 -54 -48 -47 -48 -48 -48 -48 -49 -53 -52 -52 -50 -52 -53 -53 -54 -53 -55 -71 -82 -73 -66 -56 -58 -59 -54 -54 -57 -56 -58 -58 -62 -70 -72 -66 -56 -53 -46 -44 -42 -44 -47 -44 -43 -37 -38 -30 -33 -32 -32 -32 -32 -31 -30 -28
-46 -44 -42 -42 -41 -42 -39 -42 -44 -42 -45 -56 -48 -45 -46 -45 -45 -45 -48 -50 -51 -44 -44 -49 -55 -49 -56 -65 -62 -56 -54 -51 -48 -47 -48 -49 -51 -52 -50 -51 -52 -52 -55 -52 -58 -71 -66 -66 -58 -53 -54 -54 -54 -59 -61 -55 -54 -55 -65 -67 -65 -62 -53 -47 -43 -43 -44 -46 -44 -30 -37 -35 -34 -32 -32 -31 -31 -31 -30 -28 -28 -27
-45 -42 -42 -45 -47 -45 -41 -40 -44 -41 -45 -52 -50 -45 -45 -45 -44 -44 -45 -45 -46 -45 -45 -47 -51 -58 -57 -58 -61 -56 -57 -54 -54 -58 -56 -50 -51 -53 -53 -53 -54 -54 -56 -54 -60 -59 -58 -54 -53 -52 -50 -53 -57 -58 -56 -56 -56 -58 -61 -60 -57 -55 -50 -45 -46 -48 -45 -43 -31 -33 -33 -35 -34 -34 -32 -31 -30 -29 -29 -28 -28 -27
-46 -42 -43 -42 -46 -43 -41 -39 -42 -40 -42 -45 -41 -41 -43 -43 -43 -44 -44 -44 -44 -44 -44 -45 -47 -49 -49 -55 -63 -61 -61 -58 -62 -56 -60 -53 -50 -50 -52 -54 -53 -57 -57 -54 -56 -55 -53 -50 -51 -51 -49 -52 -54 -55 -56 -59 -61 -55 -54 -56 -51 -49 -49 -53 -52 -51 -44 -41 -39 -37 -36 -35 -33 -33 -31 -30 -30 -29 -29 -29 -29 -28
-42 -39 -43 -40 -43 -40 -39 -40 -44 -46 -51 -48 -43 -41 -43 -43 -45 -45 -45 -45 -44 -44 -46 -47 -47 -47 -51 -56 -61 -61 -66 -62 -53 -52 -52 -53 -52 -54 -57 -55 -54 -56 -55 -55 -57 -55 -54 -52 -51 -52 -50 -50 -53 -55 -56 -58 -58 -53 -49 -47 -46 -45 -48 -56 -54 -45 -42 -39 -38 -37 -35 -34 -33 -31 -31 -30 -30 -29 -28 -29 -30 -29
-40 -38 -38 -39 -40 -37 -38 -42 -47 -59 -61 -54 -46 -43 -42 -43 -43 -44 -45 -44 -44 -44 -45 -47 -47 -46 -47 -51 -52 -58 -58 -52 -51 -52 -51 -51 -52 -56 -62 -57 -56 -56 -58 -57 -56 -54 -55 -54 -53 -51 -51 -50 -50 -51 -54 -56 -56 -51 -48 -46 -47 -46 -53 -55 -50 -47 -44 -36 -37 -37 -35 -33 -33 -31 -31 -30 -30 -29 -28 -29 -30 -28
-30 -28 -28 -37 -37 -37 -41 -44 -55 -66 -59 -46 -48 -50 -44 -43 -44 -43 -45 -45 -45 -45 -47 -48 -51 -48 -49 -51 -51 -52 -52 -53 -54 -54 -52 -54 -57 -59 -61 -60 -58 -58 -58 -62 -66 -61 -57 -55 -54 -53 -52 -53 -52 -49 -50 -54 -52 -47 -47 -49 -54 -48 -46 -45 -45 -43 -31 -35 -34 -34 -34 -33 -33 -31 -29 -29 -29 -28 -25 -22 -22 -23
-27 -26 -26 -28 -30 -37 -40 -45 -46 -55 -66 -48 -42 -45 -44 -42 -44 -43 -44 -44 -45 -45 -46 -46 -49 -47 -48 -49 -52 -51 -53 -53 -53 -52 -53 -61 -61 -58 -65 -65 -62 -61 -60 -59 -61 -63 -63 -58 -54 -54 -52 -52 -51 -51 -50 -48 -49 -47 -47 -49 -49 -47 -44 -42 -36 -36 -35 -36 -34 -34 -33 -33 -32 -32 -29 -28 -26 -24 -20 -9999 -9999 -9999
-28 -27 -29 -30 -32 -31 -37 -38 -44 -57 -60 -47 -43 -41 -44 -44 -44 -44 -45 -46 -46 -46 -47 -47 -49 -50 -52 -52 -53 -53 -54 -54 -54 -53 -55 -57 -61 -60 -60 -67 -69 -68 -69 -63 -63 -66 -63 -66 -68 -67 -61 -54 -51 -49 -49 -47 -47 -46 -47 -50 -45 -45 -41 -35 -36 -36 -36 -36 -34 -34 -32 -32 -31 -28 -25 -21 -9999 -9999 -9999 -9999 -9999 -9999
-30 -30 -32 -32 -32 -31 -40 -38 -40 -43 -52 -45 -41 -41 -42 -42 -43 -43 -45 -45 -45 -45 -47 -47 -49 -50 -51 -52 -53 -53 -54 -53 -53 -53 -52 -55 -57 -61 -65 -67 -72 -76 -67 -61 -64 -70 -68 -66 -69 -67 -62 -59 -57 -50 -48 -47 -46 -45 -49 -47 -44 -38 -36 -35 -37 -38 -36 -36 -34 -34 -32 -31 -28 -24 -9999 -9999 -9999 -9999 -9999 -9999 -9999 -9999
-32 -32 -33 -33 -34 -34 -36 -39 -40 -40 -41 -41 -43 -44 -44 -43 -44 -44 -46 -46 -47 -47 -48 -48 -51 -51 -53 -53 -54 -55 -56 -55 -54 -54 -56 -57 -58 -62 -68 -77 -65 -62 -61 -66 -69 -68 -65 -70 -62 -58 -60 -63 -59 -58 -52 -47 -45 -45 -40 -41 -36 -38 -37 -38 -37 -36 -36 -34 -33 -32 -32 -30 -24 -9999 -9999 -9999 -9999 -9999 -9999 -9999 -9999 -9999
-31 -32 -33 -33 -34 -34 -35 -34 -40 -40 -41 -42 -36 -34 -45 -42 -42 -38 -46 -46 -47 -47 -48 -48 -50 -51 -52 -53 -53 -54 -55 -54 -53 -56 -59 -59 -61 -60 -58 -61 -63 -60 -66 -64 -71 -73 -68 -63 -64 -61 -55 -58 -57 -55 -51 -52 -48 -40 -44 -43 -41 -41 -39 -38 -36 -36 -34 -35 -32 -31 -30 -28 -9999 -9999 -9999 -9999 -9999 -9999 -9999 -9999 -9999 -9999
-31 -31 -32 -32 -34 -34 -35 -35 -35 -34 -41 -34 -35 -37 -42 -42 -43 -40 -39 -47 -48 -48 -50 -50 -52 -53 -54 -53 -55 -56 -56 -56 -56 -58 -60 -63 -64 -68 -61 -60 -62 -62 -72 -66 -72 -76 -69 -71 -64 -61 -59 -56 -52 -48 -50 -52 -51 -47 -43 -43 -41 -39 -38 -37 -35 -35 -33 -33 -31 -30 -27 -24 -9999 -9999 -9999 -9999 -9999 -9999 -9999 -9999 -9999 -9999
-30 -30 -32 -32 -33 -34 -35 -35 -36 -36 -39 -39 -39 -41 -43 -42 -42 -40 -40 -47 -48 -48 -49 -50 -52 -51 -52 -53 -54 -54 -55 -54 -56 -58 -59 -61 -62 -65 -67 -69 -63 -64 -65 -63 -60 -67 -62 -62 -65 -60 -58 -52 -52 -49 -47 -47 -47 -44 -42 -41 -39 -38 -37 -36 -34 -34 -32 -31 -30 -26 -9999 -9999 -9999 -9999 -9999 -9999 -9999 -9999 -9999 -9999 -9999 -9999
-29 -30 -32 -31 -33 -34 -36 -36 -37 -37 -38 -38 -40 -40 -42 -42 -42 -41 -41 -52 -50 -50 -51 -51 -53 -52 -54 -54 -55 -55 -56 -56 -57 -59 -58 -59 -60 -62 -60 -58 -59 -59 -60 -68 -70 -65 -59 -54 -53 -56 -58 -54 -53 -57 -52 -45 -43 -42 -39 -38 -37 -37 -35 -34 -32 -32 -32 -31 -26 -9999 -9999 -9999 -9999 -9999 -9999 -9999 -9999 -9999 -9999 -9999 -9999 -9999
-28 -29 -31 -31 -32 -33 -35 -35 -36 -37 -37 -37 -40 -39 -42 -42 -43 -42 -43 -50 -50 -49 -50 -51 -53 -52 -53 -53 -54 -54 -56 -56 -57 -58 -59 -60 -59 -62 -64 -64 -63 -58 -64 -64 -61 -62 -60 -59 -53 -51 -53 -51 -51 -46 -43 -43 -41 -39 -37 -37 -37 -35 -34 -33 -32 -32 -31 -30 -9999 -9999 -9999 -9999 -9999 -9999 -9999 -9999 -9999 -9999 -9999 -9999 -9999 -9999
-27 -29 -30 -31 -32 -32 -35 -35 -36 -36 -38 -38 -40 -39 -42 -42 -44 -43 -46 -45 -53 -52 -55 -51 -52 -52 -54 -54 -55 -55 -56 -54 -53 -59 -59 -59 -62 -64 -62 -64 -62 -56 -58 -60 -57 -56 -54 -54 -50 -49 -47 -46 -44 -43 -42 -41 -39 -38 -37 -36 -34 -35 -34 -33 -32 -31 -29 -26 -9999 -9999 -9999 -9999 -9999 -9999 -9999 -9999 -9999 -9999 -9999 -9999 -9999 -9999
-27 -28 -30 -31 -32 -32 -35 -34 -36 -36 -39 -39 -40 -40 -42 -41 -43 -44 -45 -46 -47 -48 -49 -49 -50 -52 -54 -54 -55 -55 -56 -55 -54 -58 -58 -57 -58 -60 -57 -58 -56 -55 -55 -54 -53 -53 -54 -49 -47 -46 -45 -44 -42 -41 -40 -39 -38 -38 -36 -36 -35 -34 -33 -33 -32 -31 -25 -9999 -9999 -9999 -9999 -9999 -9999 -9999 -9999 -9999 -9999 -9999 -9999 -9999 -9999 -9999
-26 -27 -29 -30 -33 -34 -35 -38 -45 -44 -45 -44 -45 -42 -44 -43 -44 -45 -46 -45 -47 -47 -49 -49 -52 -52 -54 -54 -55 -55 -56 -56 -56 -56 -53 -55 -55 -55 -57 -55 -54 -54 -53 -52 -49 -50 -46 -46 -44 -44 -42 -42 -41 -39 -39 -38 -36 -36 -35 -35 -34 -34 -30 -30 -27 -9999 -9999 -9999 -9999 -9999 -9999 -9999 -9999 -9999 -9999 -9999 -9999 -9999 -9999 -9999 -9999 -9999
-24 -26 -29 -31 -34 -35 -37 -41 -48 -57 -59 -67 -58 -47 -44 -44 -45 -44 -45 -45 -47 -47 -50 -50 -52 -52 -55 -54 -55 -55 -56 -55 -55 -55 -54 -54 -54 -54 -53 -53 -52 -51 -49 -50 -47 -48 -45 -44 -43 -43 -42 -42 -41 -39 -39 -37 -36 -36 -34 -33 -31 -28 -9999 -9999 -9999 -9999 -9999 -9999 -9999 -9999 -9999 -9999 -9999 -9999 -9999 -9999 -9999 -9999 -9999 -9999 -9999 -9999
-23 -25 -30 -33 -42 -41 -38 -45 -43 -46 -46 -55 -62 -50 -44 -44 -46 -45 -47 -46 -48 -48 -50 -50 -53 -53 -54 -55 -55 -55 -56 -55 -54 -54 -54 -53 -53 -53 -51 -51 -50 -50 -49 -47 -45 -45 -44 -44 -43 -43 -42 -42 -41 -39 -38 -37 -36 -34 -31 -29 -9999 -9999 -9999 -9999 -9999 -9999 -9999 -9999 -9999 -9999 -9999 -9999 -9999 -9999 -9999 -9999 -9999 -9999 -9999 -9999 -9999 -9999
-22 -26 -33 -33 -35 -35 -38 -45 -44 -40 -43 -44 -51 -59 -52 -48 -46 -46 -47 -47 -49 -49 -49 -50 -52 -53 -55 -53 -54 -54 -55 -54 -54 -54 -54 -53 -53 -52 -51 -51 -50 -50 -48 -47 -45 -46 -45 -44 -43 -43 -41 -40 -39 -39 -37 -36 -34 -31 -9999 -9999 -9999 -9999 -9999 -9999 -9999 -9999 -9999 -9999 -9999 -9999 -9999 -9999 -9999 -9999 -9999 -9999 -9999 -9999 -9999 -9999 -9999 -9999
-9999 -26 -31 -30 -31 -32 -34 -38 -45 -41 -41 -42 -57 -59 -56 -51 -48 -48 -48 -48 -50 -49 -48 -49 -50 -50 -52 -52 -53 -52 -54 -53 -54 -54 -54 -53 -51 -51 -50 -50 -49 -48 -48 -47 -46 -45 -44 -43 -42 -42 -39 -39 -38 -37 -36 -34 -31 -9999 -9999 -9999 -9999 -9999 -9999 -9999 -9999 -9999 -9999 -9999 -9999 -9999 -9999 -9999 -9999 -9999 -9999 -9999 -9999 -9999 -9999 -9999 -9999 -9999
