Electronic Materials (Flash Drives)/data/NZclimate/LGM/CCSM4_LGM/bio05.nz.asc
ncols         384
nrows         384
xllcorner     164
yllcorner     -49
cellsize      0.041666666666667
NODATA_value  -9999
[rows 324 to 359 of 384, columns 81 to 161 of 384]
154 155 155 155 156 157 157 159 159 162 161 164 164 167 167 170 170 172 174 178 170 175 176 179 179 183 183 187 186 190 191 193 194 195 194 196 195 194 193 194 196 195 195 194 187 184 188 192 194 193 191 189 191 191 188 190 195 195 195 196 196 195 195 195 195 194 193 192 192 194 -9999 -9999 -9999 -9999 -9999 -9999 -9999 -9999 -9999 -9999 -9999
154 155 154 155 155 157 157 158 158 160 160 163 164 167 167 168 168 172 172 176 171 174 175 179 179 182 183 186 186 191 190 193 193 195 194 195 193 194 193 190 190 192 195 190 190 190 189 190 190 193 195 191 192 191 194 196 195 196 197 196 196 195 195 194 195 193 193 192 192 -9999 -9999 -9999 -9999 -9999 -9999 -9999 -9999 -9999 -9999 -9999 -9999
153 155 154 155 155 156 156 158 158 160 160 163 163 167 166 169 169 172 172 176 176 174 176 177 181 184 184 187 188 191 192 195 196 200 197 196 196 195 194 193 192 193 197 194 193 194 194 195 193 196 197 195 196 196 196 196 196 196 196 196 196 196 195 194 195 194 193 192 194 -9999 -9999 -9999 -9999 -9999 -9999 -9999 -9999 -9999 -9999 -9999 -9999
153 154 154 154 154 156 155 157 158 160 160 162 161 166 165 168 169 172 170 174 174 178 177 181 182 184 183 187 188 191 191 194 195 199 195 195 197 196 195 196 195 195 197 195 195 196 195 192 197 196 197 196 196 197 197 196 196 196 196 196 196 195 195 194 194 192 193 194 -9999 -9999 -9999 -9999 -9999 -9999 -9999 -9999 -9999 -9999 -9999 -9999 -9999
154 154 153 154 153 155 154 156 155 153 154 157 158 162 163 168 168 172 172 176 175 179 179 182 182 185 185 189 189 192 193 195 196 199 198 199 200 200 200 198 199 199 199 199 198 198 198 198 198 198 197 197 198 197 197 197 196 196 196 195 195 194 194 195 195 194 -9999 -9999 -9999 -9999 -9999 -9999 -9999 -9999 -9999 -9999 -9999 -9999 -9999 -9999 -9999
155 155 154 153 152 153 153 155 151 150 143 146 141 151 160 167 167 170 170 175 175 179 179 181 182 185 185 187 188 191 192 194 195 197 197 198 198 199 199 199 199 199 200 199 199 199 198 199 198 197 197 197 197 196 196 196 196 195 195 195 195 195 197 -9999 -9999 -9999 -9999 -9999 -9999 -9999 -9999 -9999 -9999 -9999 -9999 -9999 -9999 -9999 -9999 -9999 -9999
-9999 156 153 153 151 146 147 154 148 154 151 156 149 148 158 167 167 170 170 175 175 179 179 182 182 186 185 188 189 191 192 194 195 197 198 199 199 201 201 200 201 201 201 201 200 199 199 198 198 197 197 197 196 195 195 194 195 195 195 196 197 -9999 -9999 -9999 -9999 -9999 -9999 -9999 -9999 -9999 -9999 -9999 -9999 -9999 -9999 -9999 -9999 -9999 -9999 -9999 -9999
-9999 155 152 150 149 151 151 153 148 152 155 158 157 156 150 161 163 169 169 174 174 178 179 182 182 185 185 188 189 192 192 194 195 197 197 198 198 200 200 200 200 200 201 199 199 198 198 197 198 197 197 197 196 195 195 194 194 195 197 -9999 -9999 -9999 -9999 -9999 -9999 -9999 -9999 -9999 -9999 -9999 -9999 -9999 -9999 -9999 -9999 -9999 -9999 -9999 -9999 -9999 -9999
-9999 -9999 152 150 151 154 153 154 151 152 154 158 157 151 150 158 161 168 169 174 174 178 179 182 183 186 187 190 190 193 194 196 196 198 198 198 199 199 200 200 200 199 199 199 199 198 198 198 198 196 196 194 195 194 193 193 193 194 -9999 -9999 -9999 -9999 -9999 -9999 -9999 -9999 -9999 -9999 -9999 -9999 -9999 -9999 -9999 -9999 -9999 -9999 -9999 -9999 -9999 -9999 -9999
-9999 -9999 155 156 155 156 155 155 154 150 152 155 155 161 159 165 164 167 169 173 173 179 178 182 182 186 187 191 191 193 194 195 195 197 197 198 199 199 199 199 200 199 199 198 199 198 197 198 197 196 196 194 194 193 193 193 195 195 -9999 -9999 -9999 -9999 -9999 -9999 -9999 -9999 -9999 -9999 -9999 -9999 -9999 -9999 -9999 -9999 -9999 -9999 -9999 -9999 -9999 -9999 -9999
-9999 -9999 -9999 -9999 -9999 158 155 152 150 152 149 152 147 156 159 163 163 169 169 173 174 179 179 182 182 187 188 192 193 195 195 197 197 198 198 199 199 200 200 199 199 199 198 197 198 197 197 196 195 194 195 192 193 191 191 193 -9999 -9999 -9999 -9999 -9999 -9999 -9999 -9999 -9999 -9999 -9999 -9999 -9999 -9999 -9999 -9999 -9999 -9999 -9999 -9999 -9999 -9999 -9999 -9999 -9999
-9999 -9999 -9999 -9999 -9999 157 155 149 145 147 148 155 154 152 150 157 159 165 166 171 174 178 178 181 181 187 188 191 192 194 194 197 197 198 198 199 199 199 199 199 199 199 198 197 197 197 197 195 195 194 194 192 193 192 193 -9999 -9999 -9999 -9999 -9999 -9999 -9999 -9999 -9999 -9999 -9999 -9999 -9999 -9999 -9999 -9999 -9999 -9999 -9999 -9999 -9999 -9999 -9999 -9999 -9999 -9999
-9999 -9999 -9999 -9999 -9999 156 148 147 141 146 142 142 146 150 151 158 160 165 164 171 174 178 178 181 182 187 188 190 191 194 194 197 197 198 198 198 199 198 199 198 198 198 198 197 197 195 196 194 194 192 193 191 193 -9999 -9999 -9999 -9999 -9999 -9999 -9999 -9999 -9999 -9999 -9999 -9999 -9999 -9999 -9999 -9999 -9999 -9999 -9999 -9999 -9999 -9999 -9999 -9999 -9999 -9999 -9999 -9999
-9999 -9999 -9999 -9999 153 140 137 144 147 147 137 141 150 156 157 163 163 165 167 172 174 177 177 181 182 186 188 190 190 194 194 196 196 197 197 198 198 198 198 198 198 197 197 197 197 194 195 194 193 192 192 191 193 -9999 -9999 -9999 -9999 -9999 -9999 -9999 -9999 -9999 -9999 -9999 -9999 -9999 -9999 -9999 -9999 -9999 -9999 -9999 -9999 -9999 -9999 -9999 -9999 -9999 -9999 -9999 -9999
-9999 -9999 -9999 153 144 140 138 140 141 139 139 147 150 155 158 162 163 166 168 171 173 177 179 184 184 187 188 191 191 193 193 196 196 197 197 198 198 198 198 197 198 197 196 195 195 193 193 191 191 190 190 190 -9999 -9999 -9999 -9999 -9999 -9999 -9999 -9999 -9999 -9999 -9999 -9999 -9999 -9999 -9999 -9999 -9999 -9999 -9999 -9999 -9999 -9999 -9999 -9999 -9999 -9999 -9999 -9999 -9999
140 144 145 149 142 141 142 144 143 147 144 148 151 157 157 164 164 168 169 174 174 178 179 184 184 187 187 190 191 193 193 195 196 197 197 197 197 197 198 197 196 196 197 194 194 192 193 191 192 190 192 -9999 -9999 -9999 -9999 -9999 -9999 -9999 -9999 -9999 -9999 -9999 -9999 -9999 -9999 -9999 -9999 -9999 -9999 -9999 -9999 -9999 -9999 -9999 -9999 -9999 -9999 -9999 -9999 -9999 -9999
142 144 142 143 141 142 144 146 145 150 148 152 152 161 161 167 167 171 171 176 176 180 180 184 184 187 187 190 190 193 193 195 194 197 197 197 197 196 196 196 196 194 194 193 193 191 192 190 190 190 -9999 -9999 -9999 -9999 -9999 -9999 -9999 -9999 -9999 -9999 -9999 -9999 -9999 -9999 -9999 -9999 -9999 -9999 -9999 -9999 -9999 -9999 -9999 -9999 -9999 -9999 -9999 -9999 -9999 -9999 -9999
138 138 136 134 141 145 145 148 149 157 161 163 162 163 163 167 167 171 171 176 176 180 181 184 184 187 187 190 189 191 193 195 195 195 195 197 197 196 196 195 195 194 194 192 193 192 192 191 193 -9999 -9999 -9999 -9999 -9999 -9999 -9999 -9999 -9999 -9999 -9999 -9999 -9999 -9999 -9999 -9999 -9999 -9999 -9999 -9999 -9999 -9999 -9999 -9999 -9999 -9999 -9999 -9999 -9999 -9999 -9999 -9999
137 141 136 132 136 145 144 149 152 157 157 161 161 163 163 167 167 171 171 175 176 180 180 183 184 186 188 191 190 191 191 193 193 195 195 195 195 194 195 194 194 192 193 191 192 191 192 -9999 -9999 -9999 -9999 -9999 -9999 -9999 -9999 -9999 -9999 -9999 -9999 -9999 -9999 -9999 -9999 -9999 -9999 -9999 -9999 -9999 -9999 -9999 -9999 -9999 -9999 -9999 -9999 -9999 -9999 -9999 -9999 -9999 -9999
145 147 146 145 145 148 149 152 153 156 156 160 160 162 161 165 165 170 170 174 174 177 177 181 181 185 185 190 189 191 191 193 193 194 195 195 195 194 194 194 194 192 193 191 192 191 -9999 -9999 -9999 -9999 -9999 -9999 -9999 -9999 -9999 -9999 -9999 -9999 -9999 -9999 -9999 -9999 -9999 -9999 -9999 -9999 -9999 -9999 -9999 -9999 -9999 -9999 -9999 -9999 -9999 -9999 -9999 -9999 -9999 -9999 -9999
146 146 147 149 149 151 150 153 152 156 156 158 158 161 160 164 164 168 168 173 173 176 176 180 181 186 186 189 189 191 191 193 193 193 194 194 194 193 193 192 193 190 192 189 190 188 -9999 -9999 -9999 -9999 -9999 -9999 -9999 -9999 -9999 -9999 -9999 -9999 -9999 -9999 -9999 -9999 -9999 -9999 -9999 -9999 -9999 -9999 -9999 -9999 -9999 -9999 -9999 -9999 -9999 -9999 -9999 -9999 -9999 -9999 -9999
146 147 147 148 148 151 150 152 152 155 155 157 156 159 159 163 163 168 168 174 175 177 177 180 181 186 187 189 190 192 191 193 193 193 194 194 194 193 193 192 192 191 192 190 190 188 -9999 -9999 -9999 -9999 -9999 -9999 -9999 -9999 -9999 -9999 -9999 -9999 -9999 -9999 -9999 -9999 -9999 -9999 -9999 -9999 -9999 -9999 -9999 -9999 -9999 -9999 -9999 -9999 -9999 -9999 -9999 -9999 -9999 -9999 -9999
145 146 146 148 148 150 149 152 151 154 153 157 156 160 159 163 164 168 171 175 175 178 178 181 181 185 186 189 189 191 191 192 192 193 193 192 192 191 192 191 192 191 192 -9999 -9999 -9999 -9999 -9999 -9999 -9999 -9999 -9999 -9999 -9999 -9999 -9999 -9999 -9999 -9999 -9999 -9999 -9999 -9999 -9999 -9999 -9999 -9999 -9999 -9999 -9999 -9999 -9999 -9999 -9999 -9999 -9999 -9999 -9999 -9999 -9999 -9999
145 146 146 146 146 148 148 151 150 153 152 156 157 161 160 164 166 169 170 175 175 178 178 181 181 185 185 188 188 190 190 191 191 192 192 192 192 191 193 192 193 -9999 -9999 -9999 -9999 -9999 -9999 -9999 -9999 -9999 -9999 -9999 -9999 -9999 -9999 -9999 -9999 -9999 -9999 -9999 -9999 -9999 -9999 -9999 -9999 -9999 -9999 -9999 -9999 -9999 -9999 -9999 -9999 -9999 -9999 -9999 -9999 -9999 -9999 -9999 -9999
147 148 147 147 146 148 148 151 150 153 154 158 156 161 160 165 166 171 171 174 175 178 178 181 181 184 184 186 186 188 189 190 190 190 189 190 191 190 192 190 -9999 -9999 -9999 -9999 -9999 -9999 -9999 -9999 -9999 -9999 -9999 -9999 -9999 -9999 -9999 -9999 -9999 -9999 -9999 -9999 -9999 -9999 -9999 -9999 -9999 -9999 -9999 -9999 -9999 -9999 -9999 -9999 -9999 -9999 -9999 -9999 -9999 -9999 -9999 -9999 -9999
146 147 145 145 145 148 149 152 152 155 155 157 156 160 161 165 166 171 171 174 174 177 177 181 180 183 184 186 186 188 188 189 189 189 189 189 191 191 192 -9999 -9999 -9999 -9999 -9999 -9999 -9999 -9999 -9999 -9999 -9999 -9999 -9999 -9999 -9999 -9999 -9999 -9999 -9999 -9999 -9999 -9999 -9999 -9999 -9999 -9999 -9999 -9999 -9999 -9999 -9999 -9999 -9999 -9999 -9999 -9999 -9999 -9999 -9999 -9999 -9999 -9999
147 147 146 146 146 149 151 155 155 157 157 160 159 163 164 167 167 171 171 174 174 177 177 179 179 182 182 183 184 186 186 187 188 188 188 187 188 188 -9999 -9999 -9999 -9999 -9999 -9999 -9999 -9999 -9999 -9999 -9999 -9999 -9999 -9999 -9999 -9999 -9999 -9999 -9999 -9999 -9999 -9999 -9999 -9999 -9999 -9999 -9999 -9999 -9999 -9999 -9999 -9999 -9999 -9999 -9999 -9999 -9999 -9999 -9999 -9999 -9999 -9999 -9999
146 147 146 147 147 149 150 154 154 157 157 161 161 165 164 167 167 170 170 173 173 176 176 179 178 182 182 183 183 186 186 187 187 187 187 186 187 187 -9999 -9999 -9999 -9999 -9999 -9999 -9999 -9999 -9999 -9999 -9999 -9999 -9999 -9999 -9999 -9999 -9999 -9999 -9999 -9999 -9999 -9999 -9999 -9999 -9999 -9999 -9999 -9999 -9999 -9999 -9999 -9999 -9999 -9999 -9999 -9999 -9999 -9999 -9999 -9999 -9999 -9999 -9999
148 149 149 151 151 153 153 156 156 159 158 162 162 165 165 167 167 169 169 172 173 175 175 178 178 180 181 182 182 184 184 183 183 183 183 183 183 186 -9999 -9999 -9999 -9999 -9999 -9999 -9999 -9999 -9999 -9999 -9999 -9999 -9999 -9999 -9999 -9999 -9999 -9999 -9999 -9999 -9999 -9999 -9999 -9999 -9999 -9999 -9999 -9999 -9999 -9999 -9999 -9999 -9999 -9999 -9999 -9999 -9999 -9999 -9999 -9999 -9999 -9999 -9999
149 150 150 151 150 153 153 154 155 158 158 161 161 164 164 168 167 169 169 172 172 174 174 178 178 180 180 181 182 184 183 182 181 182 184 185 -9999 -9999 -9999 -9999 -9999 -9999 -9999 -9999 -9999 -9999 -9999 -9999 -9999 -9999 -9999 -9999 -9999 -9999 -9999 -9999 -9999 -9999 -9999 -9999 -9999 -9999 -9999 -9999 -9999 -9999 -9999 -9999 -9999 -9999 -9999 -9999 -9999 -9999 -9999 -9999 -9999 -9999 -9999 -9999 -9999
152 153 152 153 154 155 156 157 157 159 159 162 162 164 164 167 168 170 170 172 172 174 174 176 176 177 178 179 180 180 180 179 179 179 181 -9999 -9999 -9999 -9999 -9999 -9999 -9999 -9999 -9999 -9999 -9999 -9999 -9999 -9999 -9999 -9999 -9999 -9999 -9999 -9999 -9999 -9999 -9999 -9999 -9999 -9999 -9999 -9999 -9999 -9999 -9999 -9999 -9999 -9999 -9999 -9999 -9999 -9999 -9999 -9999 -9999 -9999 -9999 -9999 -9999 -9999
151 151 151 152 152 154 155 157 157 159 159 162 162 164 164 167 167 169 170 172 172 174 174 177 177 177 177 178 178 180 179 180 179 178 183 -9999 -9999 -9999 -9999 -9999 -9999 -9999 -9999 -9999 -9999 -9999 -9999 -9999 -9999 -9999 -9999 -9999 -9999 -9999 -9999 -9999 -9999 -9999 -9999 -9999 -9999 -9999 -9999 -9999 -9999 -9999 -9999 -9999 -9999 -9999 -9999 -9999 -9999 -9999 -9999 -9999 -9999 -9999 -9999 -9999 -9999
151 152 150 153 153 156 157 160 160 162 162 164 164 166 166 167 167 169 170 172 171 174 173 176 175 176 174 175 178 179 180 180 179 179 -9999 -9999 -9999 -9999 -9999 -9999 -9999 -9999 -9999 -9999 -9999 -9999 -9999 -9999 -9999 -9999 -9999 -9999 -9999 -9999 -9999 -9999 -9999 -9999 -9999 -9999 -9999 -9999 -9999 -9999 -9999 -9999 -9999 -9999 -9999 -9999 -9999 -9999 -9999 -9999 -9999 -9999 -9999 -9999 -9999 -9999 -9999
150 150 150 152 154 155 157 159 159 161 161 163 164 166 166 167 166 169 170 171 172 173 174 176 177 178 177 179 -9999 -9999 -9999 -9999 -9999 -9999 -9999 -9999 -9999 -9999 -9999 -9999 -9999 -9999 -9999 -9999 -9999 -9999 -9999 -9999 -9999 -9999 -9999 -9999 -9999 -9999 -9999 -9999 -9999 -9999 -9999 -9999 -9999 -9999 -9999 -9999 -9999 -9999 -9999 -9999 -9999 -9999 -9999 -9999 -9999 -9999 -9999 -9999 -9999 -9999 -9999 -9999 -9999
155 156 157 159 159 160 161 161 162 164 164 165 165 167 166 167 168 169 169 171 171 173 174 176 -9999 -9999 -9999 -9999 -9999 -9999 -9999 -9999 -9999 -9999 -9999 -9999 -9999 -9999 -9999 -9999 -9999 -9999 -9999 -9999 -9999 -9999 -9999 -9999 -9999 -9999 -9999 -9999 -9999 -9999 -9999 -9999 -9999 -9999 -9999 -9999 -9999 -9999 -9999 -9999 -9999 -9999 -9999 -9999 -9999 -9999 -9999 -9999 -9999 -9999 -9999 -9999 -9999 -9999 -9999 -9999 -9999
156 156 156 158 159 159 158 159 159 162 163 164 164 166 166 167 168 169 170 171 172 174 -9999 -9999 -9999 -9999 -9999 -9999 -9999 -9999 -9999 -9999 -9999 -9999 -9999 -9999 -9999 -9999 -9999 -9999 -9999 -9999 -9999 -9999 -9999 -9999 -9999 -9999 -9999 -9999 -9999 -9999 -9999 -9999 -9999 -9999 -9999 -9999 -9999 -9999 -9999 -9999 -9999 -9999 -9999 -9999 -9999 -9999 -9999 -9999 -9999 -9999 -9999 -9999 -9999 -9999 -9999 -9999 -9999 -9999 -9999
