Electronic Materials (Flash Drives)/data/NZclimate/LGM/CCSM4_LGM/bio06nz.asc
ncols         384
nrows         384
xllcorner     164
yllcorner     -49
cellsize      0.041666666666667
NODATA_value  -9999
[rows 259 to 295 of 384, columns 164 to 245 of 384]
-96 -82 -87 -87 -69 -64 -76 -86 -83 -61 -55 -55 -57 -54 -54 -53 -54 -51 -52 -51 -53 -52 -53 -53 -54 -52 -54 -54 -54 -53 -54 -53 -54 -53 -54 -53 -54 -53 -53 -53 -53 -53 -52 -52 -49 -53 -63 -65 -65 -52 -45 -52 -60 -50 -40 -33 -31 -29 -26 -25 -23 -23 -21 -20 -18 -16 -15 -15 -14 -14 -12 -11 -8 -7 -5 -3 -1 -9999 -9999 -9999 -9999 -9999
-76 -76 -83 -72 -68 -65 -65 -86 -87 -68 -56 -56 -56 -54 -54 -52 -53 -51 -52 -51 -52 -51 -53 -52 -54 -53 -53 -53 -53 -53 -54 -54 -54 -54 -53 -53 -54 -53 -54 -54 -54 -52 -51 -50 -45 -51 -53 -55 -62 -58 -51 -60 -49 -41 -35 -34 -31 -29 -26 -26 -23 -23 -21 -20 -18 -17 -15 -15 -14 -13 -11 -11 -9 -9 -6 -5 -1 -9999 -9999 -9999 -9999 -9999
-67 -64 -70 -66 -84 -79 -74 -66 -70 -67 -55 -54 -54 -53 -53 -51 -51 -50 -51 -50 -51 -51 -52 -52 -52 -52 -53 -52 -52 -52 -53 -53 -53 -53 -53 -52 -53 -53 -53 -52 -53 -52 -49 -49 -45 -41 -39 -46 -49 -50 -48 -41 -41 -36 -33 -31 -29 -28 -26 -26 -24 -22 -20 -20 -17 -18 -17 -15 -14 -12 -10 -10 -10 -9 -6 -2 -9999 -9999 -9999 -9999 -9999 -9999
-62 -63 -75 -78 -88 -92 -77 -69 -58 -56 -52 -53 -53 -52 -53 -51 -52 -51 -51 -50 -51 -51 -51 -51 -51 -51 -52 -51 -51 -51 -52 -51 -48 -47 -52 -52 -52 -52 -51 -52 -50 -50 -47 -47 -46 -44 -41 -42 -40 -39 -37 -38 -35 -35 -32 -31 -29 -28 -26 -26 -24 -23 -22 -20 -18 -18 -16 -15 -13 -11 -8 -9 -8 -6 -2 -9999 -9999 -9999 -9999 -9999 -9999 -9999
-58 -61 -73 -80 -89 -82 -69 -69 -56 -52 -52 -51 -51 -50 -51 -51 -51 -50 -50 -49 -50 -50 -50 -50 -50 -50 -51 -50 -51 -49 -50 -50 -50 -50 -51 -51 -51 -52 -50 -50 -50 -50 -48 -47 -46 -46 -43 -42 -40 -40 -39 -38 -35 -34 -32 -31 -29 -28 -27 -26 -24 -22 -22 -20 -18 -18 -16 -16 -13 -12 -9 -9 -7 -2 -9999 -9999 -9999 -9999 -9999 -9999 -9999 -9999
-58 -59 -64 -74 -70 -64 -60 -55 -54 -50 -50 -50 -51 -50 -51 -50 -50 -49 -49 -49 -49 -49 -49 -49 -50 -49 -50 -48 -48 -49 -48 -46 -46 -47 -49 -49 -49 -49 -49 -49 -49 -48 -46 -46 -45 -45 -42 -42 -40 -40 -38 -37 -34 -33 -31 -30 -29 -28 -25 -25 -24 -22 -20 -20 -18 -18 -16 -16 -14 -11 -8 -7 -2 -9999 -9999 -9999 -9999 -9999 -9999 -9999 -9999 -9999
-56 -58 -55 -63 -68 -67 -59 -51 -51 -49 -50 -49 -49 -49 -49 -49 -49 -48 -48 -48 -48 -48 -49 -48 -47 -47 -48 -48 -49 -47 -45 -43 -45 -46 -49 -49 -49 -49 -48 -48 -48 -48 -47 -47 -45 -44 -42 -43 -41 -40 -38 -36 -33 -33 -31 -30 -29 -28 -25 -25 -24 -22 -20 -20 -17 -17 -15 -14 -11 -10 -9999 -9999 -9999 -9999 -9999 -9999 -9999 -9999 -9999 -9999 -9999 -9999
-54 -60 -57 -52 -56 -58 -62 -53 -50 -50 -49 -49 -49 -49 -49 -48 -49 -48 -47 -47 -48 -48 -45 -44 -45 -46 -48 -49 -47 -44 -43 -43 -44 -46 -48 -48 -48 -48 -47 -47 -46 -46 -46 -45 -43 -42 -42 -43 -40 -38 -36 -35 -32 -32 -29 -29 -27 -26 -24 -24 -21 -21 -19 -18 -16 -14 -11 -8 -9999 -9999 -9999 -9999 -9999 -9999 -9999 -9999 -9999 -9999 -9999 -9999 -9999 -9999
-54 -61 -56 -50 -52 -53 -51 -49 -48 -47 -48 -47 -48 -47 -48 -47 -48 -47 -47 -43 -42 -40 -41 -43 -45 -47 -48 -49 -48 -46 -46 -45 -46 -47 -48 -47 -48 -48 -48 -48 -47 -46 -45 -44 -43 -43 -42 -42 -38 -37 -35 -35 -32 -32 -29 -29 -27 -26 -24 -24 -22 -21 -18 -17 -15 -11 -9999 -9999 -9999 -9999 -9999 -9999 -9999 -9999 -9999 -9999 -9999 -9999 -9999 -9999 -9999 -9999
-55 -64 -55 -50 -50 -50 -52 -50 -49 -47 -47 -47 -47 -46 -47 -46 -47 -46 -44 -38 -38 -39 -42 -44 -45 -45 -46 -46 -46 -46 -46 -46 -46 -45 -45 -44 -45 -46 -47 -46 -45 -44 -42 -41 -41 -42 -40 -38 -36 -36 -33 -32 -32 -31 -28 -28 -25 -25 -23 -23 -9999 -9999 -16 -16 -11 -9999 -9999 -9999 -9999 -9999 -9999 -9999 -9999 -9999 -9999 -9999 -9999 -9999 -9999 -9999 -9999 -9999
-55 -60 -56 -49 -49 -48 -48 -48 -48 -46 -47 -46 -46 -45 -46 -45 -44 -45 -44 -41 -41 -42 -44 -45 -46 -46 -46 -46 -47 -45 -45 -44 -43 -43 -43 -44 -45 -45 -45 -45 -44 -44 -41 -41 -40 -41 -38 -37 -36 -35 -32 -32 -31 -30 -28 -27 -25 -24 -22 -22 -9999 -9999 -14 -12 -9999 -9999 -9999 -9999 -9999 -9999 -9999 -9999 -9999 -9999 -9999 -9999 -9999 -9999 -9999 -9999 -9999 -9999
-57 -55 -59 -53 -51 -50 -49 -48 -47 -46 -47 -46 -47 -46 -43 -42 -43 -43 -43 -43 -44 -45 -45 -44 -46 -46 -46 -46 -45 -43 -42 -42 -42 -42 -42 -43 -43 -42 -41 -43 -41 -41 -39 -38 -37 -37 -35 -35 -34 -32 -31 -31 -28 -28 -27 -26 -23 -23 -21 -20 -9999 -9999 -9999 -9999 -9999 -9999 -9999 -9999 -9999 -9999 -9999 -9999 -9999 -9999 -9999 -9999 -9999 -9999 -9999 -9999 -9999 -9999
-59 -57 -55 -55 -54 -53 -50 -47 -47 -46 -46 -46 -46 -42 -43 -41 -44 -45 -44 -44 -45 -45 -45 -45 -46 -46 -46 -46 -46 -44 -43 -43 -43 -43 -43 -42 -40 -40 -41 -42 -42 -41 -39 -38 -37 -36 -35 -34 -32 -31 -30 -30 -28 -27 -26 -25 -23 -22 -19 -16 -9999 -9999 -9999 -9999 -9999 -9999 -9999 -9999 -9999 -9999 -9999 -9999 -9999 -9999 -9999 -9999 -9999 -9999 -9999 -9999 -9999 -9999
-65 -55 -54 -55 -58 -53 -56 -50 -48 -47 -45 -45 -39 -40 -43 -44 -45 -45 -44 -44 -45 -45 -45 -45 -45 -45 -45 -45 -45 -44 -43 -42 -43 -43 -40 -40 -38 -37 -38 -39 -40 -38 -36 -35 -34 -34 -33 -31 -30 -28 -28 -27 -26 -26 -23 -23 -21 -18 -9999 -9999 -9999 -9999 -9999 -9999 -9999 -9999 -9999 -9999 -9999 -9999 -9999 -9999 -9999 -9999 -9999 -9999 -9999 -9999 -9999 -9999 -9999 -9999
-73 -56 -55 -52 -56 -55 -55 -51 -49 -48 -47 -43 -46 -46 -45 -44 -45 -45 -44 -43 -45 -45 -45 -45 -44 -44 -44 -44 -44 -44 -43 -42 -41 -42 -40 -39 -36 -38 -38 -38 -38 -37 -35 -35 -34 -32 -31 -31 -29 -29 -28 -27 -25 -24 -21 -20 -15 -9999 -9999 -9999 -9999 -9999 -9999 -9999 -9999 -9999 -9999 -9999 -9999 -9999 -9999 -9999 -9999 -9999 -9999 -9999 -9999 -9999 -9999 -9999 -9999 -9999
-72 -59 -56 -57 -55 -51 -49 -49 -48 -47 -47 -45 -43 -45 -46 -45 -45 -44 -44 -44 -44 -44 -43 -43 -43 -43 -42 -42 -42 -42 -40 -41 -39 -38 -37 -34 -35 -34 -34 -35 -34 -34 -33 -33 -32 -31 -28 -28 -27 -27 -25 -23 -20 -18 -9999 -9999 -9999 -9999 -9999 -9999 -9999 -9999 -9999 -9999 -9999 -9999 -9999 -9999 -9999 -9999 -9999 -9999 -9999 -9999 -9999 -9999 -9999 -9999 -9999 -9999 -9999 -9999
-73 -59 -56 -56 -54 -52 -50 -48 -47 -46 -43 -42 -40 -44 -46 -46 -45 -44 -44 -43 -43 -43 -42 -42 -42 -43 -43 -42 -41 -42 -40 -40 -39 -38 -36 -36 -34 -35 -35 -34 -34 -34 -33 -33 -31 -30 -29 -28 -26 -25 -22 -9999 -9999 -9999 -9999 -9999 -9999 -9999 -9999 -9999 -9999 -9999 -9999 -9999 -9999 -9999 -9999 -9999 -9999 -9999 -9999 -9999 -9999 -9999 -9999 -9999 -9999 -9999 -9999 -9999 -9999 -9999
-83 -65 -58 -55 -53 -51 -50 -48 -48 -45 -41 -35 -39 -44 -46 -46 -46 -45 -45 -44 -43 -42 -41 -41 -41 -40 -42 -41 -39 -40 -40 -38 -35 -35 -35 -36 -35 -35 -33 -32 -31 -30 -30 -30 -28 -28 -26 -23 -21 -9999 -9999 -9999 -9999 -9999 -9999 -9999 -9999 -9999 -9999 -9999 -9999 -9999 -9999 -9999 -9999 -9999 -9999 -9999 -9999 -9999 -9999 -9999 -9999 -9999 -9999 -9999 -9999 -9999 -9999 -9999 -9999 -9999
-79 -72 -72 -57 -53 -52 -50 -49 -47 -39 -36 -36 -41 -44 -47 -46 -46 -45 -44 -44 -42 -43 -42 -40 -41 -39 -40 -40 -38 -37 -35 -34 -32 -32 -33 -35 -34 -34 -32 -32 -30 -30 -29 -29 -27 -27 -23 -9999 -9999 -9999 -9999 -9999 -9999 -9999 -9999 -9999 -9999 -9999 -9999 -9999 -9999 -9999 -9999 -9999 -9999 -9999 -9999 -9999 -9999 -9999 -9999 -9999 -9999 -9999 -9999 -9999 -9999 -9999 -9999 -9999 -9999 -9999
-72 -78 -75 -57 -53 -51 -51 -48 -43 -43 -42 -42 -45 -46 -46 -46 -45 -44 -42 -43 -42 -43 -41 -42 -39 -38 -38 -38 -36 -34 -31 -30 -28 -30 -31 -32 -31 -31 -30 -29 -28 -27 -26 -25 -22 -20 -9999 -9999 -9999 -9999 -9999 -9999 -9999 -9999 -9999 -9999 -9999 -9999 -9999 -9999 -9999 -9999 -9999 -9999 -9999 -9999 -9999 -9999 -9999 -9999 -9999 -9999 -9999 -9999 -9999 -9999 -9999 -9999 -9999 -9999 -9999 -9999
-67 -76 -73 -57 -53 -50 -48 -47 -40 -43 -43 -44 -46 -45 -44 -45 -45 -44 -42 -41 -41 -41 -41 -40 -38 -37 -37 -38 -37 -35 -32 -30 -29 -31 -32 -32 -31 -30 -29 -29 -27 -24 -23 -24 -9999 -9999 -9999 -9999 -9999 -9999 -9999 -9999 -9999 -9999 -9999 -9999 -9999 -9999 -9999 -9999 -9999 -9999 -9999 -9999 -9999 -9999 -9999 -9999 -9999 -9999 -9999 -9999 -9999 -9999 -9999 -9999 -9999 -9999 -9999 -9999 -9999 -9999
-69 -64 -74 -58 -52 -49 -48 -46 -46 -45 -46 -46 -46 -45 -44 -44 -43 -42 -41 -40 -39 -39 -38 -37 -33 -33 -33 -35 -35 -35 -31 -28 -27 -30 -30 -30 -28 -28 -25 -25 -22 -9999 -9999 -9999 -9999 -9999 -9999 -9999 -9999 -9999 -9999 -9999 -9999 -9999 -9999 -9999 -9999 -9999 -9999 -9999 -9999 -9999 -9999 -9999 -9999 -9999 -9999 -9999 -9999 -9999 -9999 -9999 -9999 -9999 -9999 -9999 -9999 -9999 -9999 -9999 -9999 -9999
-61 -58 -64 -59 -52 -48 -47 -46 -46 -46 -47 -46 -46 -45 -45 -44 -42 -42 -41 -40 -39 -39 -38 -37 -32 -30 -31 -33 -35 -35 -33 -31 -30 -30 -29 -30 -27 -24 -9999 -9999 -9999 -9999 -9999 -9999 -9999 -9999 -9999 -9999 -9999 -9999 -9999 -9999 -9999 -9999 -9999 -9999 -9999 -9999 -9999 -9999 -9999 -9999 -9999 -9999 -9999 -9999 -9999 -9999 -9999 -9999 -9999 -9999 -9999 -9999 -9999 -9999 -9999 -9999 -9999 -9999 -9999 -9999
-55 -52 -53 -54 -53 -48 -47 -47 -47 -47 -47 -46 -46 -45 -43 -42 -42 -42 -41 -41 -39 -39 -38 -36 -33 -29 -9999 -30 -32 -33 -32 -31 -30 -29 -28 -27 -24 -9999 -9999 -9999 -9999 -9999 -9999 -9999 -9999 -9999 -9999 -9999 -9999 -9999 -9999 -9999 -9999 -9999 -9999 -9999 -9999 -9999 -9999 -9999 -9999 -9999 -9999 -9999 -9999 -9999 -9999 -9999 -9999 -9999 -9999 -9999 -9999 -9999 -9999 -9999 -9999 -9999 -9999 -9999 -9999 -9999
-55 -55 -53 -52 -51 -49 -47 -47 -47 -46 -46 -47 -46 -45 -42 -42 -42 -42 -41 -40 -39 -38 -36 -35 -33 -28 -9999 -28 -31 -33 -31 -31 -29 -26 -9999 -9999 -9999 -9999 -9999 -9999 -9999 -9999 -9999 -9999 -9999 -9999 -9999 -9999 -9999 -9999 -9999 -9999 -9999 -9999 -9999 -9999 -9999 -9999 -9999 -9999 -9999 -9999 -9999 -9999 -9999 -9999 -9999 -9999 -9999 -9999 -9999 -9999 -9999 -9999 -9999 -9999 -9999 -9999 -9999 -9999 -9999 -9999
-51 -51 -52 -51 -53 -49 -47 -47 -45 -45 -46 -46 -45 -43 -42 -42 -43 -43 -41 -41 -38 -37 -37 -37 -34 -31 -28 -28 -29 -31 -29 -28 -26 -9999 -9999 -9999 -9999 -9999 -9999 -9999 -9999 -9999 -9999 -9999 -9999 -9999 -9999 -9999 -9999 -9999 -9999 -9999 -9999 -9999 -9999 -9999 -9999 -9999 -9999 -9999 -9999 -9999 -9999 -9999 -9999 -9999 -9999 -9999 -9999 -9999 -9999 -9999 -9999 -9999 -9999 -9999 -9999 -9999 -9999 -9999 -9999 -9999
-49 -48 -48 -48 -48 -48 -47 -46 -44 -45 -45 -46 -44 -43 -42 -42 -43 -43 -42 -41 -38 -36 -35 -36 -35 -34 -32 -32 -30 -29 -24 -9999 -9999 -9999 -9999 -9999 -9999 -9999 -9999 -9999 -9999 -9999 -9999 -9999 -9999 -9999 -9999 -9999 -9999 -9999 -9999 -9999 -9999 -9999 -9999 -9999 -9999 -9999 -9999 -9999 -9999 -9999 -9999 -9999 -9999 -9999 -9999 -9999 -9999 -9999 -9999 -9999 -9999 -9999 -9999 -9999 -9999 -9999 -9999 -9999 -9999 -9999
-54 -50 -49 -48 -48 -47 -46 -46 -44 -43 -44 -44 -43 -42 -42 -42 -40 -39 -38 -39 -40 -39 -37 -36 -34 -34 -32 -30 -25 -9999 -9999 -9999 -9999 -9999 -9999 -9999 -9999 -9999 -9999 -9999 -9999 -9999 -9999 -9999 -9999 -9999 -9999 -9999 -9999 -9999 -9999 -9999 -9999 -9999 -9999 -9999 -9999 -9999 -9999 -9999 -9999 -9999 -9999 -9999 -9999 -9999 -9999 -9999 -9999 -9999 -9999 -9999 -9999 -9999 -9999 -9999 -9999 -9999 -9999 -9999 -9999 -9999
-54 -52 -52 -48 -48 -47 -47 -46 -44 -44 -45 -44 -42 -42 -42 -42 -39 -38 -37 -38 -41 -40 -38 -36 -31 -29 -28 -9999 -9999 -9999 -9999 -9999 -9999 -9999 -9999 -9999 -9999 -9999 -9999 -9999 -9999 -9999 -9999 -9999 -9999 -9999 -9999 -9999 -9999 -9999 -9999 -9999 -9999 -9999 -9999 -9999 -9999 -9999 -9999 -9999 -9999 -9999 -9999 -9999 -9999 -9999 -9999 -9999 -9999 -9999 -9999 -9999 -9999 -9999 -9999 -9999 -9999 -9999 -9999 -9999 -9999 -9999
-47 -50 -53 -51 -47 -45 -47 -44 -43 -43 -44 -42 -42 -42 -41 -42 -41 -39 -37 -37 -36 -38 -36 -32 -26 -9999 -9999 -9999 -9999 -9999 -9999 -9999 -9999 -9999 -9999 -9999 -9999 -9999 -9999 -9999 -9999 -9999 -9999 -9999 -9999 -9999 -9999 -9999 -9999 -9999 -9999 -9999 -9999 -9999 -9999 -9999 -9999 -9999 -9999 -9999 -9999 -9999 -9999 -9999 -9999 -9999 -9999 -9999 -9999 -9999 -9999 -9999 -9999 -9999 -9999 -9999 -9999 -9999 -9999 -9999 -9999 -9999
-46 -49 -49 -48 -45 -45 -42 -41 -41 -42 -42 -41 -42 -40 -40 -39 -38 -38 -35 -36 -33 -32 -28 -9999 -9999 -9999 -9999 -9999 -9999 -9999 -9999 -9999 -9999 -9999 -9999 -9999 -9999 -9999 -9999 -9999 -9999 -9999 -9999 -9999 -9999 -9999 -9999 -9999 -9999 -9999 -9999 -9999 -9999 -9999 -9999 -9999 -9999 -9999 -9999 -9999 -9999 -9999 -9999 -9999 -9999 -9999 -9999 -9999 -9999 -9999 -9999 -9999 -9999 -9999 -9999 -9999 -9999 -9999 -9999 -9999 -9999 -9999
-46 -47 -47 -46 -40 -38 -39 -40 -42 -42 -41 -40 -39 -38 -37 -37 -35 -34 -35 -33 -31 -29 -9999 -9999 -9999 -9999 -9999 -9999 -9999 -9999 -9999 -9999 -9999 -9999 -9999 -9999 -9999 -9999 -9999 -9999 -9999 -9999 -9999 -9999 -9999 -9999 -9999 -9999 -9999 -9999 -9999 -9999 -9999 -9999 -9999 -9999 -9999 -9999 -9999 -9999 -9999 -9999 -9999 -9999 -9999 -9999 -9999 -9999 -9999 -9999 -9999 -9999 -9999 -9999 -9999 -9999 -9999 -9999 -9999 -9999 -9999 -9999
-45 -44 -45 -38 -39 -37 -38 -41 -42 -42 -41 -40 -39 -39 -37 -34 -29 -32 -33 -33 -30 -9999 -9999 -9999 -9999 -9999 -9999 -9999 -9999 -9999 -9999 -9999 -9999 -9999 -9999 -9999 -9999 -9999 -9999 -9999 -9999 -9999 -9999 -9999 -9999 -9999 -9999 -9999 -9999 -9999 -9999 -9999 -9999 -9999 -9999 -9999 -9999 -9999 -9999 -9999 -9999 -9999 -9999 -9999 -9999 -9999 -9999 -9999 -9999 -9999 -9999 -9999 -9999 -9999 -9999 -9999 -9999 -9999 -9999 -9999 -9999 -9999
-44 -44 -38 -37 -35 -37 -39 -39 -39 -40 -40 -39 -39 -38 -36 -35 -31 -28 -9999 -9999 -9999 -9999 -9999 -9999 -9999 -9999 -9999 -9999 -9999 -9999 -9999 -9999 -9999 -9999 -9999 -9999 -9999 -9999 -9999 -9999 -9999 -9999 -9999 -9999 -9999 -9999 -9999 -9999 -9999 -9999 -9999 -9999 -9999 -9999 -9999 -9999 -9999 -9999 -9999 -9999 -9999 -9999 -9999 -9999 -9999 -9999 -9999 -9999 -9999 -9999 -9999 -9999 -9999 -9999 -9999 -9999 -9999 -9999 -9999 -9999 -9999 -9999
-44 -43 -42 -42 -42 -41 -38 -38 -37 -38 -39 -39 -38 -38 -36 -36 -34 -30 -9999 -9999 -9999 -9999 -9999 -9999 -9999 -9999 -9999 -9999 -9999 -9999 -9999 -9999 -9999 -9999 -9999 -9999 -9999 -9999 -9999 -9999 -9999 -9999 -9999 -9999 -9999 -9999 -9999 -9999 -9999 -9999 -9999 -9999 -9999 -9999 -9999 -9999 -9999 -9999 -9999 -9999 -9999 -9999 -9999 -9999 -9999 -9999 -9999 -9999 -9999 -9999 -9999 -9999 -9999 -9999 -9999 -9999 -9999 -9999 -9999 -9999 -9999 -9999
-43 -37 -38 -41 -42 -41 -39 -38 -39 -40 -36 -35 -35 -36 -36 -37 -34 -28 -9999 -9999 -9999 -9999 -9999 -9999 -9999 -9999 -9999 -9999 -9999 -9999 -9999 -9999 -9999 -9999 -9999 -9999 -9999 -9999 -9999 -9999 -9999 -9999 -9999 -9999 -9999 -9999 -9999 -9999 -9999 -9999 -9999 -9999 -9999 -9999 -9999 -9999 -9999 -9999 -9999 -9999 -9999 -9999 -9999 -9999 -9999 -9999 -9999 -9999 -9999 -9999 -9999 -9999 -9999 -9999 -9999 -9999 -9999 -9999 -9999 -9999 -9999 -9999
-40 -32 -36 -38 -41 -40 -39 -38 -39 -40 -37 -35 -35 -36 -36 -34 -30 -9999 -9999 -9999 -9999 -9999 -9999 -9999 -9999 -9999 -9999 -9999 -9999 -9999 -9999 -9999 -9999 -9999 -9999 -9999 -9999 -9999 -9999 -9999 -9999 -9999 -9999 -9999 -9999 -9999 -9999 -9999 -9999 -9999 -9999 -9999 -9999 -9999 -9999 -9999 -9999 -9999 -9999 -9999 -9999 -9999 -9999 -9999 -9999 -9999 -9999 -9999 -9999 -9999 -9999 -9999 -9999 -9999 -9999 -9999 -9999 -9999 -9999 -9999 -9999 -9999
