Electronic Materials (Flash Drives)/data/NZclimate/LGM/CCSM4_LGM/bio05.nz.asc
ncols         384
nrows         384
xllcorner     164
yllcorner     -49
cellsize      0.041666666666667
NODATA_value  -9999
[rows 180 to 215 of 384, columns 243 to 323 of 384]
228 227 226 227 227 227 226 225 225 225 225 223 224 224 225 224 224 224 224 223 223 223 223 222 222 218 219 219 220 219 220 220 217 207 203 198 205 213 214 215 214 214 216 213 207 207 199 207 213 214 215 216 219 219 220 213 215 220 223 222 224 225 225 226 227 229 232 -9999 -9999 -9999 -9999 -9999 -9999 -9999 -9999 -9999 -9999 -9999 -9999 -9999 -9999
227 227 227 227 227 227 227 226 225 225 225 224 224 224 224 223 224 224 224 223 223 223 223 222 222 219 219 219 219 219 218 217 209 203 198 204 212 212 214 213 213 214 213 208 206 198 204 211 213 215 217 216 215 217 219 213 217 223 223 224 224 226 227 227 228 228 -9999 -9999 -9999 -9999 -9999 -9999 -9999 -9999 -9999 -9999 -9999 -9999 -9999 -9999 -9999
228 227 228 228 228 227 227 227 227 225 225 224 224 224 224 223 223 224 224 222 223 223 223 222 221 219 219 218 219 218 211 206 201 196 201 206 212 213 214 214 216 215 215 207 204 210 212 213 213 216 219 218 217 217 218 223 223 225 225 226 227 228 229 229 229 231 -9999 -9999 -9999 -9999 -9999 -9999 -9999 -9999 -9999 -9999 -9999 -9999 -9999 -9999 -9999
227 228 227 228 228 227 227 227 227 225 225 224 224 225 224 223 224 224 223 222 221 222 222 222 219 219 219 218 217 212 210 197 196 189 203 208 212 213 213 214 215 215 215 214 214 215 212 209 211 213 213 217 219 220 222 224 225 224 226 227 229 229 229 231 232 -9999 -9999 -9999 -9999 -9999 -9999 -9999 -9999 -9999 -9999 -9999 -9999 -9999 -9999 -9999 -9999
228 228 229 227 227 228 228 227 227 225 225 224 224 224 225 224 224 222 222 222 222 221 220 221 218 218 217 215 211 207 201 189 183 188 200 200 212 212 211 212 215 217 216 214 214 214 213 211 216 215 216 215 217 223 225 227 228 227 228 230 231 231 232 -9999 -9999 -9999 -9999 -9999 -9999 -9999 -9999 -9999 -9999 -9999 -9999 -9999 -9999 -9999 -9999 -9999 -9999
228 228 227 228 227 227 228 227 227 225 225 223 224 224 224 224 223 222 222 221 222 220 221 218 219 216 213 206 197 190 192 174 177 193 195 205 208 213 212 210 216 216 213 212 211 212 215 213 213 217 217 220 222 225 225 226 228 227 230 231 -9999 -9999 -9999 -9999 -9999 -9999 -9999 -9999 -9999 -9999 -9999 -9999 -9999 -9999 -9999 -9999 -9999 -9999 -9999 -9999 -9999
228 227 228 226 227 227 227 227 227 226 226 225 225 224 224 222 223 221 221 221 220 220 220 218 218 215 205 194 188 191 178 173 182 196 199 211 210 214 211 214 214 213 213 212 214 216 220 216 219 215 219 223 227 226 227 227 228 230 232 232 -9999 -9999 -9999 -9999 -9999 -9999 -9999 -9999 -9999 -9999 -9999 -9999 -9999 -9999 -9999 -9999 -9999 -9999 -9999 -9999 -9999
227 226 226 226 226 227 227 226 227 226 226 224 224 225 223 222 223 221 221 213 217 218 217 218 215 214 203 189 198 182 183 170 190 195 207 214 216 215 209 216 214 210 216 217 217 219 222 218 219 216 217 223 227 226 228 228 229 231 233 233 -9999 -9999 -9999 -9999 -9999 -9999 -9999 -9999 -9999 -9999 -9999 -9999 -9999 -9999 -9999 -9999 -9999 -9999 -9999 -9999 -9999
228 226 226 227 227 226 227 226 225 225 225 224 224 223 223 221 220 222 207 209 216 216 217 203 204 204 208 199 198 182 182 176 198 204 211 217 219 219 212 217 214 217 218 216 213 218 223 221 220 221 224 228 228 228 229 229 230 231 233 233 -9999 -9999 -9999 -9999 -9999 -9999 -9999 -9999 -9999 -9999 -9999 -9999 -9999 -9999 -9999 -9999 -9999 -9999 -9999 -9999 -9999
227 226 226 226 227 227 226 226 226 226 225 225 225 223 223 221 221 215 212 220 215 214 212 209 201 198 204 199 190 184 189 193 202 211 216 218 221 221 217 219 218 220 215 217 217 222 223 222 218 222 225 227 228 229 230 230 231 231 233 -9999 -9999 -9999 -9999 -9999 -9999 -9999 -9999 -9999 -9999 -9999 -9999 -9999 -9999 -9999 -9999 -9999 -9999 -9999 -9999 -9999 -9999
226 225 225 226 227 228 226 225 226 226 226 225 224 223 223 222 221 219 220 221 214 207 202 202 192 195 197 175 181 190 204 202 207 212 219 221 223 223 222 221 220 220 218 219 221 224 226 220 224 227 228 227 229 229 229 230 231 231 233 -9999 -9999 -9999 -9999 -9999 -9999 -9999 -9999 -9999 -9999 -9999 -9999 -9999 -9999 -9999 -9999 -9999 -9999 -9999 -9999 -9999 -9999
221 225 224 224 225 227 229 227 226 224 225 225 225 224 223 222 221 217 217 210 209 198 195 199 194 189 186 173 185 196 204 205 215 220 221 223 225 224 221 222 221 220 219 218 218 223 226 222 225 228 228 229 230 230 231 230 232 233 -9999 -9999 -9999 -9999 -9999 -9999 -9999 -9999 -9999 -9999 -9999 -9999 -9999 -9999 -9999 -9999 -9999 -9999 -9999 -9999 -9999 -9999 -9999
211 217 218 218 221 222 226 226 226 226 226 225 226 225 224 223 220 213 204 203 197 201 197 201 197 192 192 189 197 194 208 214 221 222 223 224 224 223 221 219 218 216 216 214 213 221 223 224 229 228 228 229 231 231 231 232 -9999 -9999 -9999 -9999 -9999 -9999 -9999 -9999 -9999 -9999 -9999 -9999 -9999 -9999 -9999 -9999 -9999 -9999 -9999 -9999 -9999 -9999 -9999 -9999 -9999
209 209 209 212 222 222 224 224 224 224 226 227 -9999 227 225 222 219 208 207 207 199 201 200 204 200 204 201 200 200 208 216 219 221 222 223 223 224 220 213 216 218 217 215 213 210 222 223 225 228 227 228 229 231 232 -9999 -9999 -9999 -9999 -9999 -9999 -9999 -9999 -9999 -9999 -9999 -9999 -9999 -9999 -9999 -9999 -9999 -9999 -9999 -9999 -9999 -9999 -9999 -9999 -9999 -9999 -9999
210 214 214 222 222 213 214 219 219 222 228 -9999 -9999 -9999 223 211 206 210 211 209 202 203 205 209 207 200 197 201 212 218 218 220 221 221 223 220 220 210 210 218 217 217 215 214 215 223 224 227 227 227 228 229 229 -9999 -9999 -9999 -9999 -9999 -9999 -9999 -9999 -9999 -9999 -9999 -9999 -9999 -9999 -9999 -9999 -9999 -9999 -9999 -9999 -9999 -9999 -9999 -9999 -9999 -9999 -9999 -9999
220 219 224 222 221 215 217 219 223 227 -9999 -9999 -9999 225 219 202 202 207 202 201 203 208 208 203 192 197 203 215 218 219 219 220 220 218 215 219 209 207 216 215 214 213 218 215 222 225 225 227 227 227 229 229 232 -9999 -9999 -9999 -9999 -9999 -9999 -9999 -9999 -9999 -9999 -9999 -9999 -9999 -9999 -9999 -9999 -9999 -9999 -9999 -9999 -9999 -9999 -9999 -9999 -9999 -9999 -9999 -9999
218 219 220 213 213 212 220 220 226 -9999 -9999 -9999 225 219 203 202 202 201 201 208 205 201 200 192 190 203 213 217 218 219 219 221 220 217 214 217 211 217 213 206 211 213 213 218 222 225 226 226 226 227 229 232 -9999 -9999 -9999 -9999 -9999 -9999 -9999 -9999 -9999 -9999 -9999 -9999 -9999 -9999 -9999 -9999 -9999 -9999 -9999 -9999 -9999 -9999 -9999 -9999 -9999 -9999 -9999 -9999 -9999
222 218 219 218 221 222 222 224 228 -9999 -9999 -9999 223 203 205 201 201 204 210 205 201 197 193 193 202 213 216 216 218 218 220 219 219 216 217 215 214 216 215 213 216 213 215 220 222 227 226 226 227 230 -9999 -9999 -9999 -9999 -9999 -9999 -9999 -9999 -9999 -9999 -9999 -9999 -9999 -9999 -9999 -9999 -9999 -9999 -9999 -9999 -9999 -9999 -9999 -9999 -9999 -9999 -9999 -9999 -9999 -9999 -9999
219 216 212 218 225 223 225 225 226 227 -9999 204 204 202 201 203 207 210 205 202 199 193 191 197 211 215 215 216 217 215 216 214 216 210 213 211 214 219 213 212 211 213 220 223 223 224 225 227 229 -9999 -9999 -9999 -9999 -9999 -9999 -9999 -9999 -9999 -9999 -9999 -9999 -9999 -9999 -9999 -9999 -9999 -9999 -9999 -9999 -9999 -9999 -9999 -9999 -9999 -9999 -9999 -9999 -9999 -9999 -9999 -9999
222 216 214 222 223 223 224 224 224 225 225 211 203 202 198 203 208 207 205 202 192 195 190 203 211 214 215 214 209 205 208 210 212 211 210 212 219 215 213 206 208 217 222 222 224 226 227 232 -9999 -9999 -9999 -9999 -9999 -9999 -9999 -9999 -9999 -9999 -9999 -9999 -9999 -9999 -9999 -9999 -9999 -9999 -9999 -9999 -9999 -9999 -9999 -9999 -9999 -9999 -9999 -9999 -9999 -9999 -9999 -9999 -9999
219 224 223 222 224 223 223 223 222 223 225 223 210 207 203 207 208 206 204 200 195 192 203 209 213 213 212 207 193 193 202 205 208 210 212 210 211 215 214 211 217 220 222 224 226 227 229 -9999 -9999 -9999 -9999 -9999 -9999 -9999 -9999 -9999 -9999 -9999 -9999 -9999 -9999 -9999 -9999 -9999 -9999 -9999 -9999 -9999 -9999 -9999 -9999 -9999 -9999 -9999 -9999 -9999 -9999 -9999 -9999 -9999 -9999
226 225 225 224 224 223 224 223 223 222 223 223 221 220 219 214 213 208 203 196 196 206 211 211 212 212 209 202 191 192 195 202 211 212 211 207 211 213 218 219 222 221 228 -9999 230 -9999 -9999 -9999 -9999 -9999 -9999 -9999 -9999 -9999 -9999 -9999 -9999 -9999 -9999 -9999 -9999 -9999 -9999 -9999 -9999 -9999 -9999 -9999 -9999 -9999 -9999 -9999 -9999 -9999 -9999 -9999 -9999 -9999 -9999 -9999 -9999
225 225 225 223 223 221 223 222 222 220 222 222 221 220 220 220 218 214 208 205 214 -9999 -9999 -9999 222 211 206 199 196 191 197 203 212 213 213 208 214 218 220 221 222 226 -9999 -9999 -9999 -9999 -9999 -9999 -9999 -9999 -9999 -9999 -9999 -9999 -9999 -9999 -9999 -9999 -9999 -9999 -9999 -9999 -9999 -9999 -9999 -9999 -9999 -9999 -9999 -9999 -9999 -9999 -9999 -9999 -9999 -9999 -9999 -9999 -9999 -9999 -9999
225 224 224 225 223 222 222 221 222 221 -9999 -9999 222 219 219 220 221 220 222 223 -9999 -9999 -9999 219 220 217 205 198 194 196 205 209 207 213 213 213 218 220 -9999 -9999 -9999 -9999 -9999 -9999 -9999 -9999 -9999 -9999 -9999 -9999 -9999 -9999 -9999 -9999 -9999 -9999 -9999 -9999 -9999 -9999 -9999 -9999 -9999 -9999 -9999 -9999 -9999 -9999 -9999 -9999 -9999 -9999 -9999 -9999 -9999 -9999 -9999 -9999 -9999 -9999 -9999
223 222 222 224 223 221 220 219 220 220 225 -9999 -9999 222 219 217 217 221 -9999 -9999 -9999 -9999 -9999 216 216 210 205 200 196 202 210 208 207 214 218 217 220 225 -9999 -9999 -9999 -9999 -9999 -9999 -9999 -9999 -9999 -9999 -9999 -9999 -9999 -9999 -9999 -9999 -9999 -9999 -9999 -9999 -9999 -9999 -9999 -9999 -9999 -9999 -9999 -9999 -9999 -9999 -9999 -9999 -9999 -9999 -9999 -9999 -9999 -9999 -9999 -9999 -9999 -9999 -9999
217 222 222 223 223 221 220 219 219 219 221 223 -9999 -9999 223 221 220 221 -9999 -9999 -9999 -9999 -9999 220 217 219 207 199 191 198 212 211 213 218 221 224 225 -9999 -9999 -9999 -9999 -9999 -9999 -9999 -9999 -9999 -9999 -9999 -9999 -9999 -9999 -9999 -9999 -9999 -9999 -9999 -9999 -9999 -9999 -9999 -9999 -9999 -9999 -9999 -9999 -9999 -9999 -9999 -9999 -9999 -9999 -9999 -9999 -9999 -9999 -9999 -9999 -9999 -9999 -9999 -9999
219 221 220 219 220 220 219 219 218 218 219 220 -9999 -9999 -9999 -9999 -9999 -9999 -9999 -9999 -9999 -9999 -9999 -9999 220 218 206 203 204 207 216 217 216 222 -9999 -9999 -9999 -9999 -9999 -9999 -9999 -9999 -9999 -9999 -9999 -9999 -9999 -9999 -9999 -9999 -9999 -9999 -9999 -9999 -9999 -9999 -9999 -9999 -9999 -9999 -9999 -9999 -9999 -9999 -9999 -9999 -9999 -9999 -9999 -9999 -9999 -9999 -9999 -9999 -9999 -9999 -9999 -9999 -9999 -9999 -9999
218 222 220 219 220 221 219 219 219 218 219 219 219 220 220 222 -9999 -9999 -9999 -9999 -9999 -9999 -9999 -9999 -9999 218 218 220 223 219 222 -9999 -9999 -9999 -9999 -9999 -9999 -9999 -9999 -9999 -9999 -9999 -9999 -9999 -9999 -9999 -9999 -9999 -9999 -9999 -9999 -9999 -9999 -9999 -9999 -9999 -9999 -9999 -9999 -9999 -9999 -9999 -9999 -9999 -9999 -9999 -9999 -9999 -9999 -9999 -9999 -9999 -9999 -9999 -9999 -9999 -9999 -9999 -9999 -9999 -9999
217 218 217 217 217 220 219 219 218 217 218 219 218 217 217 216 218 220 -9999 -9999 -9999 -9999 -9999 -9999 -9999 -9999 -9999 -9999 -9999 -9999 -9999 -9999 -9999 -9999 -9999 -9999 -9999 -9999 -9999 -9999 -9999 -9999 -9999 -9999 -9999 -9999 -9999 -9999 -9999 -9999 -9999 -9999 -9999 -9999 -9999 -9999 -9999 -9999 -9999 -9999 -9999 -9999 -9999 -9999 -9999 -9999 -9999 -9999 -9999 -9999 -9999 -9999 -9999 -9999 -9999 -9999 -9999 -9999 -9999 -9999 -9999
217 216 212 214 216 218 219 220 219 218 218 218 217 216 216 216 218 220 -9999 -9999 -9999 -9999 -9999 -9999 -9999 -9999 -9999 -9999 -9999 -9999 -9999 -9999 -9999 -9999 -9999 -9999 -9999 -9999 -9999 -9999 -9999 -9999 -9999 -9999 -9999 -9999 -9999 -9999 -9999 -9999 -9999 -9999 -9999 -9999 -9999 -9999 -9999 -9999 -9999 -9999 -9999 -9999 -9999 -9999 -9999 -9999 -9999 -9999 -9999 -9999 -9999 -9999 -9999 -9999 -9999 -9999 -9999 -9999 -9999 -9999 -9999
215 211 211 213 215 217 218 219 218 217 217 217 217 215 215 215 216 -9999 -9999 -9999 -9999 -9999 -9999 -9999 -9999 -9999 -9999 -9999 -9999 -9999 -9999 -9999 -9999 -9999 -9999 -9999 -9999 -9999 -9999 -9999 -9999 -9999 -9999 -9999 -9999 -9999 -9999 -9999 -9999 -9999 -9999 -9999 -9999 -9999 -9999 -9999 -9999 -9999 -9999 -9999 -9999 -9999 -9999 -9999 -9999 -9999 -9999 -9999 -9999 -9999 -9999 -9999 -9999 -9999 -9999 -9999 -9999 -9999 -9999 -9999 -9999
215 209 215 215 216 218 219 219 217 217 217 217 217 215 215 215 215 220 -9999 -9999 -9999 -9999 -9999 -9999 -9999 -9999 -9999 -9999 -9999 -9999 -9999 -9999 -9999 -9999 -9999 -9999 -9999 -9999 -9999 -9999 -9999 -9999 -9999 -9999 -9999 -9999 -9999 -9999 -9999 -9999 -9999 -9999 -9999 -9999 -9999 -9999 -9999 -9999 -9999 -9999 -9999 -9999 -9999 -9999 -9999 -9999 -9999 -9999 -9999 -9999 -9999 -9999 -9999 -9999 -9999 -9999 -9999 -9999 -9999 -9999 -9999
208 210 214 214 216 218 218 218 217 216 216 218 220 218 216 216 -9999 -9999 -9999 -9999 -9999 -9999 -9999 -9999 -9999 -9999 -9999 -9999 -9999 -9999 -9999 -9999 -9999 -9999 -9999 -9999 -9999 -9999 -9999 -9999 -9999 -9999 -9999 -9999 -9999 -9999 -9999 -9999 -9999 -9999 -9999 -9999 -9999 -9999 -9999 -9999 -9999 -9999 -9999 -9999 -9999 -9999 -9999 -9999 -9999 -9999 -9999 -9999 -9999 -9999 -9999 -9999 -9999 -9999 -9999 -9999 -9999 -9999 -9999 -9999 -9999
210 213 214 217 218 219 218 218 216 216 217 -9999 -9999 -9999 -9999 -9999 -9999 -9999 -9999 -9999 -9999 -9999 -9999 -9999 -9999 -9999 -9999 -9999 -9999 -9999 -9999 -9999 -9999 -9999 -9999 -9999 -9999 -9999 -9999 -9999 -9999 -9999 -9999 -9999 -9999 -9999 -9999 -9999 -9999 -9999 -9999 -9999 -9999 -9999 -9999 -9999 -9999 -9999 -9999 -9999 -9999 -9999 -9999 -9999 -9999 -9999 -9999 -9999 -9999 -9999 -9999 -9999 -9999 -9999 -9999 -9999 -9999 -9999 -9999 -9999 -9999
212 212 215 216 217 217 216 216 215 216 220 -9999 -9999 -9999 -9999 -9999 -9999 -9999 -9999 -9999 -9999 -9999 -9999 -9999 -9999 -9999 -9999 -9999 -9999 -9999 -9999 -9999 -9999 -9999 -9999 -9999 -9999 -9999 -9999 -9999 -9999 -9999 -9999 -9999 -9999 -9999 -9999 -9999 -9999 -9999 -9999 -9999 -9999 -9999 -9999 -9999 -9999 -9999 -9999 -9999 -9999 -9999 -9999 -9999 -9999 -9999 -9999 -9999 -9999 -9999 -9999 -9999 -9999 -9999 -9999 -9999 -9999 -9999 -9999 -9999 -9999
212 214 214 215 216 216 216 216 218 -9999 -9999 -9999 -9999 -9999 -9999 -9999 -9999 -9999 -9999 -9999 -9999 -9999 -9999 -9999 -9999 -9999 -9999 -9999 -9999 -9999 -9999 -9999 -9999 -9999 -9999 -9999 -9999 -9999 -9999 -9999 -9999 -9999 -9999 -9999 -9999 -9999 -9999 -9999 -9999 -9999 -9999 -9999 -9999 -9999 -9999 -9999 -9999 -9999 -9999 -9999 -9999 -9999 -9999 -9999 -9999 -9999 -9999 -9999 -9999 -9999 -9999 -9999 -9999 -9999 -9999 -9999 -9999 -9999 -9999 -9999 -9999
