Electronic Materials (Flash Drives)/data/NZclimate/LGM/CCSM4_LGM/bio12nz.asc
ncols         384
nrows         384
xllcorner     164
yllcorner     -49
cellsize      0.041666666666667
NODATA_value  -9999
[rows 288 to 323 of 384, columns 79 to 157 of 384]
2835 2773 2714 2638 2607 2518 2488 2554 2453 2366 2173 2394 2198 1918 1925 2007 2060 1730 1956 2166 2314 1987 1696 1690 2091 1808 1097 1028 1724 1579 1026 1381 960 794 728 717 903 919 789 640 673 649 640 638 612 463 451 581 964 1332 1448 1153 720 522 476 458 451 442 436 469 559 457 488 558 498 488 514 510 497 480 466 471 585 906 793 684 617 587 584
2726 2646 2645 2711 2643 2532 2286 2560 2353 2151 1966 2088 1959 1825 1840 2126 1678 1665 1946 2091 2042 2126 1431 1845 1858 1566 1052 1019 1118 936 862 810 774 736 706 823 2046 1852 1308 989 810 585 800 630 464 453 481 733 1054 1324 885 591 471 465 450 435 426 438 449 445 434 493 646 499 443 442 447 447 442 450 431 448 500 750 938 785 635 606 620
2707 2572 2481 2439 2398 2438 2178 2102 2350 2281 2043 1705 1618 1571 1572 1588 1529 2031 2036 1878 1839 1891 1353 1613 1779 1266 1030 959 928 876 841 981 1482 719 684 932 1808 1832 1398 1061 792 824 894 733 481 465 607 527 498 659 511 454 445 448 435 410 431 452 422 426 469 656 542 438 405 400 406 399 402 413 413 427 473 555 844 722 742 664 652
2495 2521 2586 2471 2175 2096 2028 1905 1837 1936 2018 1740 1432 1397 1400 1394 1503 1759 1849 2054 1484 1482 1861 1403 1661 1121 1253 1191 1180 1370 1403 1524 1210 903 679 957 1744 1890 1524 1135 811 968 1086 941 548 505 674 775 441 452 434 429 420 412 440 474 466 425 423 447 602 672 512 410 393 383 381 374 380 389 399 415 456 516 658 838 739 793 720
2449 2634 2504 2384 2359 2336 2251 2060 1690 1618 1482 1401 1316 1272 1281 1287 1412 1715 1559 1902 1338 1647 1734 1636 1130 1230 1486 1585 1446 1554 1241 1079 862 755 666 1094 1760 1723 1568 1011 704 797 1117 932 693 604 542 536 399 389 394 392 387 401 440 510 432 423 439 532 687 674 529 406 381 374 365 360 363 376 388 406 451 546 558 643 826 798 708
2534 2476 2249 2413 2417 2327 2323 2275 2048 1511 1423 1332 1255 1210 1210 1296 1359 1678 1380 1819 1588 1381 1501 1388 1121 1221 1748 1475 1234 1075 1218 1135 1440 1122 666 987 1431 1760 1434 836 832 1039 1493 1257 979 714 631 470 386 382 384 384 394 418 465 463 440 441 475 534 625 704 489 398 380 378 376 383 431 515 478 429 490 601 551 537 599 633 646
2444 2475 2080 2140 2109 2263 2273 2080 2033 1741 1327 1271 1196 1187 1179 1244 1238 1292 1622 1523 1677 1318 1399 1136 1287 1560 1648 1352 1406 1411 1429 1346 1228 1447 673 725 1479 1531 1129 971 1278 1359 1599 1410 1181 1098 874 512 417 392 402 426 420 434 463 499 503 517 571 623 664 663 453 394 386 397 416 514 655 656 546 430 476 542 596 549 519 565 637
2345 2407 2210 1871 1925 1704 2093 2091 1993 1722 1266 1220 1160 1180 1144 1148 1367 1215 1319 1372 1397 1126 1102 1328 1801 1499 1551 1564 1620 1486 1239 938 1100 1110 678 797 1425 1169 864 1247 1448 1507 1371 1387 1232 1347 1122 600 462 442 504 470 471 555 540 556 557 602 661 677 734 592 414 402 415 526 647 830 888 787 517 427 507 533 584 586 524 518 537
2319 2320 2345 2317 2141 1808 1581 1449 1361 1288 1238 1165 1135 1107 1146 1105 1151 1133 1265 1104 1204 1186 1087 1466 1760 1391 1182 1157 1115 933 892 876 915 697 803 1320 1171 864 1141 1424 1511 1301 1269 1190 1384 1308 1099 560 461 498 614 578 622 596 591 619 643 698 707 803 764 557 432 439 454 642 803 921 912 639 430 444 513 572 538 545 571 576 546
2332 2023 2134 2317 2073 1941 2160 1954 1478 1244 1191 1135 1115 1093 1076 1195 1158 1213 1128 1141 1227 1072 1512 1404 1565 1515 1122 955 1166 934 786 767 718 700 855 1286 968 1094 1274 1453 1445 1226 1030 1021 1157 1358 1031 568 447 539 616 672 662 656 638 638 650 740 856 806 670 534 515 514 580 832 974 928 621 435 438 504 553 544 559 572 586 603 605
2090 1977 1965 2192 2095 1913 1663 1605 1345 1207 1159 1120 1097 1066 1061 1158 1120 1105 1003 1014 1055 1455 1416 1486 1608 1287 1309 923 1068 956 827 796 818 694 738 954 1150 1285 1358 1325 1129 1104 868 844 1048 1162 1070 608 453 465 548 708 689 673 673 650 669 733 727 655 548 508 530 625 770 901 970 598 431 431 481 567 538 540 594 600 622 606 614
2157 1823 1799 1817 1567 1471 1390 1315 1264 1187 1156 1107 1088 1058 1045 1056 1025 992 994 975 1097 1261 1142 1302 1303 1035 1040 992 838 798 794 744 761 702 816 819 1013 1223 1309 1215 1047 916 704 656 938 943 972 587 447 472 561 671 723 742 710 691 673 659 627 583 527 575 686 772 880 933 661 439 433 463 529 554 545 574 612 673 658 639 620
1833 1872 1747 1573 1505 1438 1369 1293 1230 1174 1134 1091 1067 1036 1033 1008 987 1043 1056 971 980 962 1064 997 947 946 927 858 829 778 758 756 781 730 753 860 914 1035 977 1007 972 724 643 757 842 844 829 576 466 516 554 569 603 692 737 668 647 666 603 610 685 758 731 729 790 788 460 437 447 477 520 554 561 606 672 700 664 648 641
2119 1982 1653 1962 1796 1403 1337 1267 1218 1164 1129 1103 1069 1037 1020 1002 1045 1056 985 949 911 997 1066 883 944 869 830 817 809 838 830 776 743 818 941 869 932 852 706 693 684 637 850 1064 890 746 842 768 518 535 544 572 600 638 666 641 633 729 686 718 749 739 720 725 744 598 463 458 467 496 525 552 585 662 695 689 701 687 693
2001 1710 2062 2057 2074 1573 1332 1302 1233 1164 1130 1109 1134 1191 1274 1207 1246 1350 986 946 899 896 979 871 856 826 819 803 826 1073 946 823 773 924 828 833 799 745 675 658 646 744 970 970 839 714 840 792 556 541 555 556 596 692 709 693 734 819 796 760 827 793 701 598 538 501 499 494 496 517 545 579 621 674 716 703 724 704 632
1898 1692 2212 1917 1829 1865 1457 1292 1282 1162 1135 1277 1614 1680 1644 1509 1117 1174 970 913 901 875 862 849 842 826 819 809 881 883 933 882 781 876 796 767 768 712 691 678 725 777 879 822 693 669 702 647 599 587 585 583 591 631 734 789 876 891 813 875 877 775 651 617 594 594 582 572 569 560 573 601 658 703 706 739 750 724 687
1821 1853 2047 2037 1766 2053 1523 1259 1216 1165 1165 1571 1688 1707 1482 1205 1059 1133 979 903 894 875 869 855 848 833 828 841 887 844 854 835 770 800 800 753 730 721 710 757 742 861 766 725 711 723 716 664 641 631 625 631 611 613 631 717 885 897 890 905 856 744 640 636 605 588 610 597 597 590 602 630 667 709 768 786 806 788 742
1893 1779 2037 1880 1550 1514 1330 1267 1236 1187 1216 1493 1679 1732 1533 1206 1066 1005 954 908 890 872 887 912 900 847 833 822 849 830 808 809 774 762 756 740 737 732 729 752 807 868 775 751 727 732 726 707 681 670 678 656 667 637 640 693 772 852 913 901 840 724 727 701 684 672 681 690 684 664 650 668 708 742 796 819 848 868 676
1747 1787 2026 1989 1496 1359 1317 1272 1222 1172 1220 1576 1646 1443 1409 1092 1158 1073 1041 956 899 879 880 920 907 862 844 826 827 826 814 790 772 758 749 736 753 807 764 784 786 836 805 753 718 721 725 712 704 702 693 680 710 668 675 665 738 757 803 838 832 755 733 707 692 669 671 700 699 693 699 709 731 774 836 873 874 929 780
2002 1669 2001 1696 1419 1358 1332 1262 1226 1172 1141 1193 1263 1187 1106 1071 1122 1115 1050 932 902 899 898 874 904 868 857 843 835 817 819 793 775 753 744 729 749 757 801 786 788 800 775 765 756 760 745 740 734 730 719 714 716 711 674 681 728 741 743 746 733 717 720 730 733 723 729 729 712 697 707 720 752 811 869 912 891 950 950
1927 1583 1897 1518 1428 1518 1357 1298 1225 1175 1142 1107 1103 1088 1114 1085 1050 1100 1000 925 908 953 990 883 873 856 884 904 872 835 827 806 786 756 744 726 719 734 775 751 776 814 775 776 766 754 752 758 758 750 774 756 737 715 685 670 672 720 762 758 733 732 749 764 776 778 790 833 796 600 597 640 629 641 730 927 937 762 838
1984 1770 1556 1552 1599 1401 1359 1262 1223 1172 1136 1098 1072 1060 1067 1024 996 1011 1006 919 913 956 977 877 866 863 912 973 957 911 843 820 804 768 747 729 719 730 761 759 758 771 764 773 766 763 771 777 775 794 845 780 730 715 711 668 636 637 677 730 736 728 777 801 796 811 821 834 656 539 549 578 629 718 687 743 741 678 716
1641 1894 1707 1520 1420 1374 1323 1266 1225 1183 1142 1101 1082 1057 1037 1012 1006 992 967 926 922 966 997 912 872 878 950 1007 1000 1012 990 859 807 783 777 755 746 742 777 767 771 770 784 788 788 788 788 795 843 905 828 775 722 709 699 649 626 646 643 654 665 722 818 831 819 702 652 591 565 557 623 695 682 711 660 689 588 646 635
1608 1594 1521 1465 1411 1354 1317 1266 1226 1186 1149 1106 1093 1067 1114 1036 1010 979 960 925 913 922 950 946 875 867 957 1022 986 1039 1047 1029 1006 949 886 802 773 770 782 789 799 790 802 800 804 814 795 819 865 817 805 742 696 669 653 630 676 698 627 616 639 776 813 815 787 681 619 593 584 606 657 646 534 621 627 631 620 630 624
1620 1578 1523 1471 1424 1374 1340 1290 1245 1199 1178 1137 1124 1091 1105 1060 1027 991 966 930 915 892 887 880 879 873 910 979 1075 1084 1088 1066 1033 1007 964 923 937 897 816 813 828 818 823 830 831 829 807 834 822 787 741 698 664 629 613 647 676 637 632 640 690 732 739 726 701 638 605 627 671 631 630 538 569 583 616 630 638 639 634
1658 1580 1522 1477 1422 1378 1339 1302 1257 1213 1193 1156 1143 1116 1099 1071 1049 1008 973 929 910 888 882 868 866 868 884 903 961 971 1106 1093 1086 1061 1040 1022 975 975 889 836 844 842 855 843 870 858 832 825 801 759 715 678 641 607 593 615 614 634 682 726 644 643 679 638 631 635 698 707 717 635 614 615 617 615 619 622 626 629 624
1813 1639 1527 1478 1435 1394 1352 1312 1276 1238 1217 1188 1168 1158 1129 1105 1086 1044 999 940 920 899 892 870 871 875 912 897 919 964 1092 1117 1114 1101 1083 1021 951 916 898 877 901 905 880 870 879 861 847 836 800 766 719 665 628 596 578 585 603 637 685 696 629 596 599 603 608 647 774 748 657 638 614 621 618 621 623 621 622 623 624
1807 1593 1522 1476 1440 1399 1364 1323 1294 1260 1238 1213 1260 1250 1174 1123 1116 1079 1028 970 943 912 902 874 865 871 911 912 915 916 999 1006 1113 1105 1005 970 984 938 909 907 952 970 924 912 909 914 892 854 817 779 747 676 620 582 572 573 578 611 670 673 620 590 593 613 622 710 755 710 683 648 588 622 626 623 624 626 629 627 626
1716 1584 1537 1491 1462 1423 1389 1352 1328 1296 1275 1283 1362 1251 1180 1150 1137 1107 1063 1009 976 944 925 901 895 895 922 961 940 945 981 969 984 970 986 1003 989 941 960 982 990 986 974 952 942 934 941 954 897 822 767 700 641 595 592 588 583 582 625 611 582 595 620 694 637 645 644 659 640 560 602 608 622 622 626 625 627 626 626
1632 1579 1530 1490 1462 1424 1399 1362 1349 1319 1290 1259 1279 1332 1199 1171 1152 1115 1074 1030 999 966 951 928 922 916 930 945 939 940 960 982 986 991 1005 997 959 970 1063 1055 1029 1053 1045 1017 1001 981 963 945 947 919 854 758 689 640 624 619 616 605 592 600 588 607 638 655 647 637 632 592 603 597 606 621 628 627 630 630 629 618 605
1610 1570 1537 1500 1474 1438 1412 1379 1359 1350 1339 1286 1308 1294 1218 1181 1158 1122 1092 1049 1027 995 981 958 955 948 954 950 968 976 990 983 993 987 1001 969 964 977 1032 1081 1058 1061 1089 1081 1065 1051 1008 992 984 951 953 958 929 844 696 658 627 614 595 596 599 622 654 635 636 616 588 598 607 617 627 628 629 629 629 624 609 584 558
1606 1567 1536 1502 1476 1441 1414 1387 1364 1353 1334 1298 1270 1254 1221 1178 1156 1118 1095 1060 1040 1012 1002 980 978 968 973 971 985 984 994 993 1001 996 989 952 972 981 1033 1058 1112 1112 1116 1116 1118 1079 1038 1030 1039 1016 987 989 957 892 843 791 679 644 623 619 620 649 651 638 610 606 608 618 628 635 635 633 633 636 633 610 586 -9999 -9999
1612 1579 1549 1516 1488 1456 1434 1402 1382 1350 1338 1298 1274 1241 1216 1189 1172 1136 1112 1081 1067 1040 1029 1012 1012 998 999 997 1003 999 1009 1003 1012 1011 995 978 992 1020 1056 1075 1130 1156 1173 1134 1121 1096 1091 1077 1056 1026 1033 966 886 911 912 854 813 738 677 654 648 624 628 611 624 626 633 636 637 635 638 634 635 637 624 591 -9999 -9999 -9999
1607 1571 1547 1510 1488 1455 1433 1400 1380 1344 1319 1294 1270 1234 1219 1165 1143 1142 1115 1084 1059 1053 1046 1032 1032 1021 1019 1010 1015 1010 1017 1014 1023 1019 1014 1000 1051 1087 1100 1141 1154 1154 1178 1167 1157 1136 1118 1112 1103 1067 1026 1009 967 874 904 854 811 768 756 712 654 666 660 657 656 652 649 647 645 645 644 639 640 637 618 -9999 -9999 -9999 -9999
1606 1579 1554 1519 1495 1463 1440 1407 1385 1350 1329 1290 1266 1239 1206 1172 1160 1142 1126 1098 1079 1044 1070 1058 1061 1043 1045 1033 1035 1030 1041 1029 1039 1034 1040 1036 1075 1109 1165 1189 1218 1202 1210 1207 1192 1171 1147 1138 1136 1095 1088 1031 992 958 894 840 803 792 788 763 724 692 687 673 668 659 657 651 653 646 645 641 636 625 597 -9999 -9999 -9999 -9999
1602 1571 1547 1516 1489 1460 1438 1405 1383 1346 1326 1291 1268 1236 1216 1186 1177 1149 1133 1104 1086 1056 1081 1069 1072 1057 1054 1042 1044 1036 1043 1039 1048 1042 1047 1062 1094 1124 1174 1201 1232 1230 1232 1222 1213 1189 1166 1123 1130 1088 1066 1053 1000 962 896 877 840 801 778 764 735 710 696 685 674 665 664 657 655 652 645 638 615 -9999 -9999 -9999 -9999 -9999 -9999
