Electronic Materials (Flash Drives)/data/NZclimate/LGM/CCSM4_LGM/bio13nz.asc
ncols         384
nrows         384
xllcorner     164
yllcorner     -49
cellsize      0.041666666666667
NODATA_value  -9999
[rows 144 to 179 of 384, columns 246 to 327 of 384]
180 182 179 196 201 193 199 221 231 220 224 230 211 205 194 194 198 189 174 168 161 171 182 178 162 167 172 170 220 194 178 194 190 186 189 223 206 164 159 162 173 178 174 191 200 221 203 187 164 178 187 184 195 216 193 165 169 188 201 184 161 150 156 157 154 153 149 140 156 157 146 143 147 148 148 142 144 146 147 145 148 147
185 198 198 198 214 198 218 211 218 211 219 219 210 193 189 189 187 184 180 165 179 178 157 152 159 158 178 186 246 215 217 221 223 220 185 178 223 163 159 177 211 228 256 237 213 226 229 204 161 171 190 188 213 225 199 167 162 189 176 154 167 166 173 170 162 151 146 141 139 139 144 141 141 146 149 144 141 141 139 138 136 134
206 199 198 211 207 215 217 204 212 224 218 209 198 191 177 188 177 175 174 159 159 152 152 150 144 152 170 185 203 224 246 266 301 347 308 225 182 168 181 226 267 270 279 268 277 246 249 186 178 185 170 193 189 207 189 170 180 163 151 174 200 199 163 142 138 133 138 136 137 135 131 136 134 136 135 135 134 134 134 132 129 129
209 207 201 202 207 214 198 201 212 222 209 196 204 194 176 178 175 169 185 176 178 155 178 170 147 168 192 214 223 230 249 285 343 410 342 283 225 190 256 299 299 300 294 296 271 245 217 238 203 194 184 178 204 178 171 170 172 155 168 234 205 173 158 143 138 130 122 123 124 130 124 124 126 127 129 130 130 131 131 130 128 127
224 218 215 200 202 200 194 200 203 205 201 193 195 199 178 183 173 180 182 184 182 179 184 186 162 172 204 223 234 249 272 302 334 322 296 271 241 256 274 300 310 278 259 267 277 245 219 241 267 245 207 184 170 163 160 173 161 157 199 220 163 143 141 138 139 126 124 120 114 116 119 121 122 124 125 126 126 128 128 129 128 127
240 226 210 206 197 200 202 198 196 199 214 226 192 171 172 165 174 167 181 177 191 185 169 176 183 177 199 216 316 293 330 379 361 310 274 254 244 255 279 302 298 249 275 255 266 232 248 228 235 251 237 247 188 168 173 182 178 199 178 160 141 141 138 136 147 144 139 109 110 112 116 118 119 120 121 123 123 124 124 125 126 125
246 229 207 203 206 199 184 182 192 190 197 203 193 162 165 158 163 154 163 156 166 172 152 154 173 183 194 207 236 296 399 530 430 331 276 250 259 294 314 308 269 221 233 248 273 200 235 259 243 219 277 265 202 174 175 177 176 160 152 148 136 147 151 137 131 124 124 102 108 110 110 112 115 116 117 117 119 121 122 123 122 122
240 220 209 195 192 189 178 196 182 179 189 201 210 215 168 164 164 146 148 162 159 157 142 144 153 175 186 199 225 272 358 449 373 295 250 236 267 296 270 247 246 258 197 209 185 170 213 221 187 215 257 203 187 177 171 174 158 137 140 139 128 128 139 122 115 111 102 102 104 105 107 110 112 113 114 115 116 120 123 123 120 119
223 205 195 185 177 177 178 191 200 232 237 222 220 218 240 197 173 156 139 151 139 127 134 145 153 163 170 180 192 216 250 268 251 225 201 207 224 221 234 248 236 216 161 172 169 165 199 204 170 185 177 172 153 166 136 134 133 130 127 124 114 114 118 100 96 96 90 100 100 101 103 106 109 111 112 114 115 118 120 120 117 116
200 193 189 185 169 166 175 199 206 227 234 201 198 203 218 211 178 154 139 135 135 152 168 167 153 147 143 144 150 152 162 172 156 157 157 155 156 172 203 263 211 197 166 169 150 157 160 184 176 151 156 160 160 141 123 121 117 122 117 115 116 106 98 92 90 93 89 96 97 99 101 104 107 109 110 112 114 115 115 116 114 114
178 178 178 179 170 152 166 173 173 186 178 175 177 175 179 173 153 146 124 143 150 151 160 140 143 135 131 133 133 130 127 125 120 119 127 145 129 131 205 182 110 132 121 127 150 158 152 138 142 148 149 156 149 118 112 107 107 105 106 101 112 95 83 85 86 89 90 93 96 98 100 103 105 106 108 110 111 111 113 115 116 114
159 171 161 164 159 150 156 157 166 169 167 149 167 162 158 163 177 169 137 127 153 153 159 144 145 135 141 137 127 119 117 115 110 108 110 137 159 120 102 94 96 122 107 117 144 157 145 130 144 134 125 134 125 114 109 105 108 101 93 93 94 84 80 83 84 85 87 90 94 98 102 105 105 105 106 107 107 109 114 117 118 115
142 145 153 148 151 165 149 145 147 139 158 149 145 150 174 151 146 171 153 128 129 129 139 129 128 122 122 128 119 115 116 112 109 114 106 125 154 138 108 89 107 111 100 110 120 144 195 116 141 137 115 113 109 109 106 105 99 92 84 82 77 80 79 80 80 83 84 87 92 97 102 104 103 103 105 106 106 108 111 113 114 113
130 131 131 150 154 171 159 135 158 138 158 172 145 128 134 131 152 175 156 115 111 122 133 124 110 120 130 121 112 111 104 101 100 101 101 119 117 97 86 87 92 100 97 106 160 182 157 160 213 179 134 110 93 94 92 92 89 83 76 75 75 76 77 79 81 83 84 85 89 96 101 104 104 105 107 107 105 105 107 108 108 109
124 122 119 130 142 149 144 135 138 144 155 162 148 130 123 141 145 151 139 136 117 108 111 129 115 108 111 108 104 103 105 101 98 99 95 93 90 88 84 85 92 93 97 114 189 209 165 190 223 155 110 103 102 108 90 80 79 79 75 74 73 75 76 78 80 83 86 87 90 97 100 100 100 100 101 102 105 106 104 104 106 108
102 119 114 120 130 140 147 127 129 154 138 129 124 125 115 114 121 131 123 115 134 112 106 122 127 103 103 108 98 104 109 98 100 98 98 94 89 88 88 84 87 92 100 107 183 191 217 220 216 132 125 110 106 100 92 79 75 73 73 73 73 75 76 79 84 88 102 103 94 97 99 97 94 95 97 100 101 102 103 104 106 108
99 99 108 113 118 118 122 124 129 135 125 109 112 117 105 117 126 125 122 116 104 99 117 123 119 100 101 100 99 109 97 98 100 94 99 100 93 88 87 87 85 92 98 136 127 182 231 185 153 132 142 127 133 121 103 82 89 78 74 72 74 75 79 88 87 94 105 106 92 95 94 93 92 94 95 95 94 95 99 100 100 96
97 97 97 105 106 105 111 108 112 115 110 106 118 102 109 119 143 135 113 106 104 92 106 114 104 95 108 102 99 101 95 102 101 94 101 102 103 95 88 89 92 102 116 216 197 204 204 143 130 161 144 134 128 116 114 95 102 80 87 81 84 91 114 92 99 104 103 91 89 91 93 92 92 95 94 93 93 94 95 -9999 -9999 -9999
95 94 94 94 94 100 100 102 105 105 103 97 103 100 113 120 122 121 113 104 91 88 90 93 90 88 93 91 96 98 92 93 93 97 102 101 103 94 89 91 98 111 118 197 234 226 187 129 126 145 133 117 110 105 113 112 107 105 80 79 102 92 103 129 130 114 102 92 89 92 93 92 91 94 94 94 91 -9999 -9999 -9999 -9999 -9999
93 93 93 93 93 93 96 97 97 97 98 94 101 105 106 105 104 101 98 98 88 87 89 95 87 94 86 88 94 87 88 94 101 108 103 97 95 92 98 100 102 105 121 230 256 257 155 133 126 119 114 108 101 99 105 114 123 87 81 103 101 103 135 168 160 108 97 99 97 95 93 91 91 93 92 89 -9999 -9999 -9999 -9999 -9999 -9999
90 90 90 90 90 89 89 90 88 91 89 91 93 93 92 91 90 92 93 88 81 83 86 89 87 85 85 86 86 82 84 89 94 94 87 84 89 100 103 103 106 114 139 201 243 250 172 139 128 120 103 97 96 97 99 112 102 87 98 99 129 130 162 214 147 113 100 100 98 95 91 89 88 88 -9999 -9999 -9999 -9999 -9999 -9999 -9999 -9999
90 89 89 88 87 88 87 87 86 85 84 83 83 83 82 85 86 88 89 82 80 85 87 91 86 85 85 84 85 86 85 91 90 85 85 88 95 102 108 113 119 142 219 249 261 187 145 138 122 111 98 95 93 95 98 113 99 90 99 110 121 134 179 196 144 139 99 96 93 92 90 87 -9999 -9999 -9999 -9999 -9999 -9999 -9999 -9999 -9999 -9999
87 86 86 85 84 84 84 84 83 83 81 81 81 80 80 79 78 81 79 79 83 82 86 89 83 84 85 87 88 93 94 92 97 84 92 94 103 110 112 117 129 143 182 189 242 180 150 135 116 101 95 92 90 90 93 102 96 99 109 115 131 133 148 132 122 99 100 97 93 88 88 -9999 -9999 -9999 -9999 -9999 -9999 -9999 -9999 -9999 -9999 -9999
86 85 83 83 82 82 82 82 81 81 79 80 79 79 78 78 78 77 79 81 83 85 85 82 83 83 88 96 98 97 91 91 85 89 105 110 109 116 115 124 126 138 171 242 205 164 149 132 112 101 94 92 90 92 92 95 100 103 110 127 141 147 135 117 100 97 96 99 94 89 87 -9999 -9999 -9999 -9999 -9999 -9999 -9999 -9999 -9999 -9999 -9999
82 81 81 80 80 80 79 79 78 78 78 78 77 77 77 77 76 76 76 81 82 81 84 84 84 89 92 92 93 88 83 87 100 108 117 114 119 116 124 123 129 142 200 199 184 168 152 132 114 102 97 94 92 99 90 95 103 123 117 130 146 146 130 134 104 102 100 95 89 89 -9999 -9999 -9999 -9999 -9999 -9999 -9999 -9999 -9999 -9999 -9999 -9999
81 80 79 79 79 79 78 78 77 77 76 76 76 76 76 76 76 76 76 77 81 82 84 85 86 88 91 90 87 82 88 96 100 102 106 116 122 119 128 125 135 170 188 193 171 160 149 131 117 108 111 100 105 92 95 104 120 128 128 134 139 153 131 122 101 95 98 97 92 89 -9999 -9999 -9999 -9999 -9999 -9999 -9999 -9999 -9999 -9999 -9999 -9999
78 77 77 77 76 76 76 76 75 75 75 74 74 74 75 75 75 75 76 77 78 82 83 84 85 85 87 86 83 87 91 96 99 99 104 112 111 124 116 125 156 195 197 169 162 145 132 124 113 128 149 132 117 94 102 117 127 127 136 133 150 140 122 118 104 95 98 96 94 88 -9999 -9999 -9999 -9999 -9999 -9999 -9999 -9999 -9999 -9999 -9999 -9999
77 76 76 75 75 75 75 74 74 74 73 73 73 73 75 75 75 75 75 76 77 78 82 83 84 85 85 84 82 88 88 94 94 95 100 109 121 112 115 148 184 198 163 148 134 130 124 116 132 143 141 107 92 91 92 101 121 127 132 130 139 131 125 111 109 102 99 97 95 -9999 -9999 -9999 -9999 -9999 -9999 -9999 -9999 -9999 -9999 -9999 -9999 -9999
75 75 75 75 74 74 74 74 73 73 73 73 72 72 72 73 73 73 74 75 76 76 84 83 84 84 82 81 85 88 87 92 90 94 102 113 111 109 150 191 188 160 146 132 118 123 118 127 148 138 148 122 106 102 99 100 103 111 121 127 121 128 106 112 107 102 98 97 90 -9999 -9999 -9999 -9999 -9999 -9999 -9999 -9999 -9999 -9999 -9999 -9999 -9999
75 74 74 74 74 73 73 73 73 73 73 73 72 72 72 73 72 73 74 75 75 76 78 83 84 83 82 81 84 89 85 85 87 92 103 114 104 131 189 184 163 136 123 114 106 108 112 122 131 142 139 140 125 107 102 104 105 119 113 113 111 111 111 110 105 101 98 92 -9999 -9999 -9999 -9999 -9999 -9999 -9999 -9999 -9999 -9999 -9999 -9999 -9999 -9999
73 73 72 73 73 72 72 71 71 71 71 71 71 71 71 72 73 75 75 74 74 76 78 82 83 84 84 82 83 85 82 82 85 92 106 110 107 148 175 141 126 121 106 107 115 128 130 125 148 147 157 150 135 111 107 107 129 119 108 107 105 107 109 105 101 101 97 -9999 -9999 -9999 -9999 -9999 -9999 -9999 -9999 -9999 -9999 -9999 -9999 -9999 -9999 -9999
73 72 72 72 72 73 72 71 71 71 71 71 72 73 72 72 75 77 75 73 75 77 79 83 84 85 86 83 83 83 83 84 86 93 100 102 121 145 109 106 105 111 102 117 157 161 138 146 140 143 176 153 125 116 115 133 114 115 110 109 109 107 108 106 93 -9999 -9999 -9999 -9999 -9999 -9999 -9999 -9999 -9999 -9999 -9999 -9999 -9999 -9999 -9999 -9999 -9999
73 72 72 71 72 72 72 71 71 71 71 71 73 74 72 72 75 75 76 75 76 77 78 85 84 86 87 85 84 84 85 87 90 94 101 136 163 115 100 99 106 111 118 147 178 169 173 164 133 133 148 143 128 127 137 138 132 131 110 113 110 107 102 -9999 -9999 -9999 -9999 -9999 -9999 -9999 -9999 -9999 -9999 -9999 -9999 -9999 -9999 -9999 -9999 -9999 -9999 -9999
72 72 72 71 71 71 71 71 71 72 74 73 72 72 72 73 74 74 75 75 76 76 78 85 86 88 90 89 88 88 90 92 99 108 131 173 147 110 107 100 107 123 149 180 191 184 185 157 142 128 142 152 164 145 146 142 150 131 113 116 111 107 95 -9999 -9999 -9999 -9999 -9999 -9999 -9999 -9999 -9999 -9999 -9999 -9999 -9999 -9999 -9999 -9999 -9999 -9999 -9999
72 71 71 70 70 70 70 70 70 71 73 73 72 71 71 71 72 72 73 73 75 76 77 85 87 89 91 90 90 91 93 100 120 155 172 158 134 119 111 116 111 149 171 207 197 187 141 127 128 120 130 145 150 146 145 148 143 120 119 117 112 107 99 -9999 -9999 -9999 -9999 -9999 -9999 -9999 -9999 -9999 -9999 -9999 -9999 -9999 -9999 -9999 -9999 -9999 -9999 -9999
72 71 71 70 70 70 70 71 71 71 70 70 71 71 71 71 72 72 73 73 74 76 79 86 87 90 91 91 92 94 105 161 175 186 175 143 132 126 120 120 140 181 185 190 200 158 138 138 124 114 125 129 148 157 145 133 140 123 119 116 110 106 103 90 -9999 -9999 -9999 -9999 -9999 -9999 -9999 -9999 -9999 -9999 -9999 -9999 -9999 -9999 -9999 -9999 -9999 -9999
