Electronic Materials (Flash Drives)/data/NZclimate/LGM/CCSM4_LGM/bio12nz.asc
ncols         384
nrows         384
xllcorner     164
yllcorner     -49
cellsize      0.041666666666667
NODATA_value  -9999
[rows 324 to 359 of 384, columns 79 to 157 of 384]
1606 1579 1553 1523 1498 1470 1444 1412 1390 1356 1334 1302 1278 1245 1227 1195 1179 1156 1146 1115 1100 1070 1129 1091 1083 1071 1074 1058 1062 1052 1056 1058 1063 1061 1072 1079 1108 1131 1169 1195 1232 1238 1238 1228 1212 1192 1194 1171 1139 1074 1010 984 979 980 933 905 921 860 790 764 740 714 702 688 682 676 669 663 662 657 656 622 -9999 -9999 -9999 -9999 -9999 -9999 -9999
1598 1571 1545 1517 1494 1463 1441 1409 1389 1357 1335 1301 1279 1248 1230 1202 1186 1160 1148 1122 1109 1081 1120 1094 1088 1070 1072 1061 1064 1053 1061 1061 1071 1072 1084 1089 1119 1147 1192 1198 1241 1262 1265 1249 1204 1218 1198 1156 1140 1108 1066 999 959 960 928 918 853 811 796 766 745 724 713 700 695 689 679 673 672 665 660 -9999 -9999 -9999 -9999 -9999 -9999 -9999 -9999
1602 1577 1550 1524 1502 1472 1453 1418 1398 1363 1343 1310 1291 1257 1242 1216 1200 1175 1161 1137 1126 1104 1092 1116 1103 1106 1076 1066 1074 1067 1078 1074 1085 1077 1074 1064 1135 1154 1177 1224 1255 1259 1267 1252 1187 1199 1190 1140 1107 1063 1043 985 959 929 899 868 849 816 793 768 754 736 725 713 705 699 689 682 677 666 644 -9999 -9999 -9999 -9999 -9999 -9999 -9999 -9999
1598 1572 1546 1518 1497 1470 1450 1417 1400 1365 1345 1312 1292 1266 1251 1224 1209 1181 1167 1142 1130 1109 1103 1081 1078 1058 1057 1056 1077 1072 1083 1078 1093 1088 1088 1080 1149 1150 1168 1186 1225 1203 1227 1205 1170 1170 1144 1099 1094 1083 1011 979 946 920 896 865 845 821 802 782 765 749 738 726 718 704 701 693 686 650 -9999 -9999 -9999 -9999 -9999 -9999 -9999 -9999 -9999
1590 1566 1544 1518 1501 1474 1455 1430 1408 1379 1367 1374 1346 1311 1289 1256 1228 1199 1183 1157 1145 1119 1110 1089 1083 1072 1076 1070 1081 1079 1090 1089 1102 1101 1112 1112 1119 1115 1135 1143 1154 1184 1168 1161 1152 1123 1098 1067 1045 1015 988 958 937 912 892 870 849 827 813 792 779 761 749 733 724 703 686 669 -9999 -9999 -9999 -9999 -9999 -9999 -9999 -9999 -9999 -9999 -9999
-9999 1541 1529 1507 1493 1473 1459 1433 1417 1391 1394 1397 1464 1437 1501 1375 1262 1204 1193 1166 1153 1128 1117 1097 1093 1081 1085 1079 1089 1098 1097 1099 1108 1107 1118 1116 1129 1125 1138 1138 1144 1136 1138 1122 1112 1094 1074 1048 1029 1003 984 962 942 919 902 880 861 836 825 801 790 769 752 728 702 -9999 -9999 -9999 -9999 -9999 -9999 -9999 -9999 -9999 -9999 -9999 -9999 -9999 -9999
-9999 -9999 -9999 1506 1495 1481 1476 1488 1461 1400 1431 1371 1379 1340 1406 1422 1300 1224 1210 1183 1170 1144 1135 1116 1113 1098 1104 1100 1111 1113 1119 1115 1126 1121 1129 1122 1133 1129 1135 1126 1128 1121 1117 1102 1098 1075 1060 1042 1028 1005 990 967 952 926 910 887 871 846 830 806 785 758 732 -9999 -9999 -9999 -9999 -9999 -9999 -9999 -9999 -9999 -9999 -9999 -9999 -9999 -9999 -9999 -9999
-9999 -9999 -9999 1498 1500 1498 1480 1451 1432 1408 1433 1386 1348 1324 1316 1325 1395 1284 1246 1194 1184 1157 1148 1130 1126 1107 1115 1113 1124 1119 1116 1111 1123 1120 1129 1125 1136 1130 1134 1122 1123 1116 1116 1101 1093 1072 1059 1044 1035 1010 994 969 954 929 911 890 878 854 834 802 773 -9999 -9999 -9999 -9999 -9999 -9999 -9999 -9999 -9999 -9999 -9999 -9999 -9999 -9999 -9999 -9999 -9999 -9999
-9999 -9999 -9999 -9999 1503 1493 1470 1435 1421 1399 1407 1404 1370 1334 1330 1404 1422 1347 1283 1229 1211 1175 1169 1150 1144 1126 1126 1113 1117 1112 1117 1111 1122 1118 1130 1127 1141 1135 1131 1121 1120 1110 1112 1103 1098 1075 1064 1046 1030 1005 988 967 950 930 914 892 876 857 833 801 -9999 -9999 -9999 -9999 -9999 -9999 -9999 -9999 -9999 -9999 -9999 -9999 -9999 -9999 -9999 -9999 -9999 -9999 -9999
-9999 -9999 -9999 -9999 1474 1457 1440 1421 1411 1397 1392 1421 1389 1356 1345 1302 1309 1268 1263 1244 1215 1185 1190 1150 1156 1135 1133 1118 1119 1106 1111 1107 1114 1111 1125 1124 1138 1123 1121 1113 1115 1105 1107 1093 1085 1067 1057 1036 1024 999 986 969 953 933 918 896 881 851 819 784 -9999 -9999 -9999 -9999 -9999 -9999 -9999 -9999 -9999 -9999 -9999 -9999 -9999 -9999 -9999 -9999 -9999 -9999 -9999
-9999 -9999 -9999 -9999 -9999 -9999 -9999 1415 1412 1430 1418 1410 1413 1397 1454 1358 1320 1289 1287 1236 1230 1206 1200 1167 1167 1151 1152 1129 1127 1113 1115 1102 1111 1110 1119 1114 1123 1116 1119 1111 1114 1102 1098 1083 1075 1057 1048 1029 1017 995 986 970 957 932 922 897 885 843 -9999 -9999 -9999 -9999 -9999 -9999 -9999 -9999 -9999 -9999 -9999 -9999 -9999 -9999 -9999 -9999 -9999 -9999 -9999 -9999 -9999
-9999 -9999 -9999 -9999 -9999 -9999 -9999 1409 1412 1451 1470 1450 1426 1366 1377 1402 1430 1361 1332 1273 1262 1236 1210 1188 1182 1167 1164 1137 1134 1121 1124 1113 1119 1114 1119 1112 1121 1112 1114 1106 1109 1093 1088 1074 1071 1050 1044 1025 1014 992 984 969 956 931 917 887 861 -9999 -9999 -9999 -9999 -9999 -9999 -9999 -9999 -9999 -9999 -9999 -9999 -9999 -9999 -9999 -9999 -9999 -9999 -9999 -9999 -9999 -9999
-9999 -9999 -9999 -9999 -9999 -9999 -9999 1424 1470 1486 1530 1483 1521 1528 1481 1444 1422 1361 1339 1303 1299 1254 1226 1192 1199 1183 1179 1149 1145 1132 1133 1122 1125 1117 1124 1114 1117 1109 1112 1101 1101 1086 1083 1068 1062 1045 1041 1021 1012 992 984 967 952 923 895 -9999 -9999 -9999 -9999 -9999 -9999 -9999 -9999 -9999 -9999 -9999 -9999 -9999 -9999 -9999 -9999 -9999 -9999 -9999 -9999 -9999 -9999 -9999 -9999
-9999 -9999 -9999 -9999 -9999 -9999 1448 1559 1577 1521 1473 1474 1581 1547 1434 1380 1352 1313 1312 1300 1278 1252 1225 1206 1208 1188 1179 1150 1149 1135 1138 1125 1127 1117 1123 1112 1117 1105 1108 1094 1094 1084 1081 1064 1060 1043 1038 1021 1011 993 984 969 954 926 885 -9999 -9999 -9999 -9999 -9999 -9999 -9999 -9999 -9999 -9999 -9999 -9999 -9999 -9999 -9999 -9999 -9999 -9999 -9999 -9999 -9999 -9999 -9999 -9999
-9999 -9999 -9999 -9999 -9999 1474 1538 1567 1573 1556 1534 1563 1556 1490 1444 1392 1350 1330 1313 1292 1283 1257 1242 1218 1206 1181 1173 1157 1156 1140 1143 1132 1133 1121 1124 1115 1118 1103 1105 1090 1093 1079 1076 1062 1057 1041 1034 1015 1007 987 977 959 948 917 -9999 -9999 -9999 -9999 -9999 -9999 -9999 -9999 -9999 -9999 -9999 -9999 -9999 -9999 -9999 -9999 -9999 -9999 -9999 -9999 -9999 -9999 -9999 -9999 -9999
1555 1554 1617 1565 1545 1508 1553 1553 1529 1505 1514 1483 1496 1469 1433 1372 1369 1311 1301 1281 1270 1239 1235 1207 1197 1177 1173 1160 1161 1146 1147 1134 1136 1122 1123 1111 1113 1101 1104 1091 1089 1076 1075 1060 1054 1039 1034 1014 1004 977 970 944 916 -9999 -9999 -9999 -9999 -9999 -9999 -9999 -9999 -9999 -9999 -9999 -9999 -9999 -9999 -9999 -9999 -9999 -9999 -9999 -9999 -9999 -9999 -9999 -9999 -9999 -9999
1579 1594 1600 1572 1569 1560 1562 1545 1518 1493 1486 1454 1461 1424 1421 1351 1338 1301 1288 1262 1258 1229 1224 1204 1202 1182 1180 1167 1167 1150 1151 1137 1140 1122 1124 1111 1113 1102 1103 1089 1086 1073 1071 1055 1051 1034 1027 1009 995 975 968 925 -9999 -9999 -9999 -9999 -9999 -9999 -9999 -9999 -9999 -9999 -9999 -9999 -9999 -9999 -9999 -9999 -9999 -9999 -9999 -9999 -9999 -9999 -9999 -9999 -9999 -9999 -9999
1595 1604 1631 1625 1627 1650 1565 1522 1504 1470 1451 1387 1348 1329 1332 1329 1321 1290 1287 1262 1260 1235 1229 1206 1202 1182 1181 1165 1165 1148 1150 1138 1140 1124 1123 1113 1112 1100 1102 1085 1084 1071 1066 1052 1049 1032 1020 995 980 953 927 -9999 -9999 -9999 -9999 -9999 -9999 -9999 -9999 -9999 -9999 -9999 -9999 -9999 -9999 -9999 -9999 -9999 -9999 -9999 -9999 -9999 -9999 -9999 -9999 -9999 -9999 -9999 -9999
1594 1584 1644 1597 1641 1677 1608 1527 1524 1471 1440 1394 1380 1352 1347 1331 1324 1301 1291 1268 1262 1242 1236 1216 1212 1191 1182 1168 1165 1147 1149 1137 1140 1125 1128 1111 1109 1097 1099 1085 1082 1067 1063 1046 1042 1023 1010 979 959 -9999 -9999 -9999 -9999 -9999 -9999 -9999 -9999 -9999 -9999 -9999 -9999 -9999 -9999 -9999 -9999 -9999 -9999 -9999 -9999 -9999 -9999 -9999 -9999 -9999 -9999 -9999 -9999 -9999 -9999
1587 1566 1556 1540 1538 1529 1517 1485 1461 1439 1426 1401 1392 1364 1360 1346 1342 1321 1313 1282 1273 1252 1253 1239 1238 1217 1210 1188 1179 1155 1154 1141 1140 1125 1127 1111 1110 1098 1101 1084 1081 1063 1061 1045 1036 1016 1004 975 -9999 -9999 -9999 -9999 -9999 -9999 -9999 -9999 -9999 -9999 -9999 -9999 -9999 -9999 -9999 -9999 -9999 -9999 -9999 -9999 -9999 -9999 -9999 -9999 -9999 -9999 -9999 -9999 -9999 -9999 -9999
1589 1571 1555 1537 1521 1506 1496 1473 1460 1438 1430 1407 1401 1380 1376 1358 1358 1339 1335 1310 1302 1277 1276 1251 1248 1221 1213 1190 1182 1156 1152 1135 1136 1123 1125 1110 1104 1091 1092 1076 1075 1059 1055 1034 1028 1010 1001 972 -9999 -9999 -9999 -9999 -9999 -9999 -9999 -9999 -9999 -9999 -9999 -9999 -9999 -9999 -9999 -9999 -9999 -9999 -9999 -9999 -9999 -9999 -9999 -9999 -9999 -9999 -9999 -9999 -9999 -9999 -9999
1588 1571 1557 1538 1526 1509 1496 1473 1460 1445 1437 1416 1411 1394 1391 1373 1372 1352 1342 1312 1299 1272 1256 1237 1231 1211 1205 1183 1176 1152 1147 1133 1135 1124 1125 1106 1104 1091 1091 1072 1070 1053 1044 1023 1012 998 994 968 -9999 -9999 -9999 -9999 -9999 -9999 -9999 -9999 -9999 -9999 -9999 -9999 -9999 -9999 -9999 -9999 -9999 -9999 -9999 -9999 -9999 -9999 -9999 -9999 -9999 -9999 -9999 -9999 -9999 -9999 -9999
1583 1569 1561 1545 1533 1512 1497 1475 1471 1454 1449 1425 1423 1406 1401 1383 1378 1354 1340 1300 1285 1256 1248 1228 1228 1204 1201 1181 1175 1152 1153 1134 1136 1125 1125 1107 1106 1089 1085 1067 1058 1040 1030 1006 989 -9999 -9999 -9999 -9999 -9999 -9999 -9999 -9999 -9999 -9999 -9999 -9999 -9999 -9999 -9999 -9999 -9999 -9999 -9999 -9999 -9999 -9999 -9999 -9999 -9999 -9999 -9999 -9999 -9999 -9999 -9999 -9999 -9999 -9999
1566 1566 1559 1542 1530 1513 1506 1491 1485 1462 1458 1438 1439 1413 1399 1372 1370 1351 1331 1290 1279 1258 1252 1232 1230 1206 1203 1184 1181 1158 1157 1139 1138 1123 1122 1108 1105 1089 1083 1059 1048 1027 1009 -9999 -9999 -9999 -9999 -9999 -9999 -9999 -9999 -9999 -9999 -9999 -9999 -9999 -9999 -9999 -9999 -9999 -9999 -9999 -9999 -9999 -9999 -9999 -9999 -9999 -9999 -9999 -9999 -9999 -9999 -9999 -9999 -9999 -9999 -9999 -9999
1554 1555 1545 1534 1532 1526 1520 1500 1487 1472 1464 1442 1429 1404 1402 1383 1370 1338 1318 1289 1282 1259 1253 1232 1230 1210 1204 1184 1180 1162 1158 1139 1139 1120 1120 1105 1103 1081 1073 1047 1034 1005 -9999 -9999 -9999 -9999 -9999 -9999 -9999 -9999 -9999 -9999 -9999 -9999 -9999 -9999 -9999 -9999 -9999 -9999 -9999 -9999 -9999 -9999 -9999 -9999 -9999 -9999 -9999 -9999 -9999 -9999 -9999 -9999 -9999 -9999 -9999 -9999 -9999
1561 1552 1541 1531 1539 1537 1526 1500 1479 1453 1442 1421 1414 1403 1410 1386 1365 1332 1318 1289 1281 1260 1257 1233 1230 1212 1207 1186 1180 1163 1164 1139 1138 1123 1120 1105 1103 1082 1072 1041 1022 -9999 -9999 -9999 -9999 -9999 -9999 -9999 -9999 -9999 -9999 -9999 -9999 -9999 -9999 -9999 -9999 -9999 -9999 -9999 -9999 -9999 -9999 -9999 -9999 -9999 -9999 -9999 -9999 -9999 -9999 -9999 -9999 -9999 -9999 -9999 -9999 -9999 -9999
1575 1561 1546 1537 1544 1534 1520 1496 1468 1437 1428 1410 1406 1385 1383 1359 1347 1321 1313 1285 1280 1259 1257 1237 1231 1211 1207 1182 1179 1165 1164 1141 1137 1120 1118 1100 1099 1082 1070 1036 -9999 -9999 -9999 -9999 -9999 -9999 -9999 -9999 -9999 -9999 -9999 -9999 -9999 -9999 -9999 -9999 -9999 -9999 -9999 -9999 -9999 -9999 -9999 -9999 -9999 -9999 -9999 -9999 -9999 -9999 -9999 -9999 -9999 -9999 -9999 -9999 -9999 -9999 -9999
1578 1566 1556 1541 1531 1522 1510 1492 1471 1446 1434 1409 1399 1370 1365 1344 1340 1315 1312 1288 1284 1263 1258 1238 1236 1210 1208 1184 1179 1164 1162 1139 1138 1125 1121 1104 1103 1085 1074 1036 -9999 -9999 -9999 -9999 -9999 -9999 -9999 -9999 -9999 -9999 -9999 -9999 -9999 -9999 -9999 -9999 -9999 -9999 -9999 -9999 -9999 -9999 -9999 -9999 -9999 -9999 -9999 -9999 -9999 -9999 -9999 -9999 -9999 -9999 -9999 -9999 -9999 -9999 -9999
1573 1557 1547 1532 1522 1503 1493 1482 1469 1443 1430 1406 1396 1373 1369 1343 1336 1319 1311 1291 1284 1263 1258 1234 1233 1207 1206 1185 1177 1159 1159 1138 1139 1126 1124 1108 1105 1085 1071 1023 -9999 -9999 -9999 -9999 -9999 -9999 -9999 -9999 -9999 -9999 -9999 -9999 -9999 -9999 -9999 -9999 -9999 -9999 -9999 -9999 -9999 -9999 -9999 -9999 -9999 -9999 -9999 -9999 -9999 -9999 -9999 -9999 -9999 -9999 -9999 -9999 -9999 -9999 -9999
1570 1553 1541 1525 1513 1495 1491 1482 1468 1443 1431 1410 1404 1380 1372 1350 1343 1320 1315 1292 1285 1264 1262 1236 1234 1208 1206 1187 1183 1160 1155 1136 1140 1131 1135 1115 1098 1055 -9999 -9999 -9999 -9999 -9999 -9999 -9999 -9999 -9999 -9999 -9999 -9999 -9999 -9999 -9999 -9999 -9999 -9999 -9999 -9999 -9999 -9999 -9999 -9999 -9999 -9999 -9999 -9999 -9999 -9999 -9999 -9999 -9999 -9999 -9999 -9999 -9999 -9999 -9999 -9999 -9999
1554 1542 1534 1516 1509 1493 1484 1473 1464 1439 1430 1405 1398 1379 1370 1353 1342 1320 1311 1290 1281 1262 1258 1235 1232 1209 1204 1185 1182 1155 1150 1134 1138 1132 1136 1111 1076 -9999 -9999 -9999 -9999 -9999 -9999 -9999 -9999 -9999 -9999 -9999 -9999 -9999 -9999 -9999 -9999 -9999 -9999 -9999 -9999 -9999 -9999 -9999 -9999 -9999 -9999 -9999 -9999 -9999 -9999 -9999 -9999 -9999 -9999 -9999 -9999 -9999 -9999 -9999 -9999 -9999 -9999
1547 1542 1540 1529 1518 1502 1495 1477 1464 1442 1431 1406 1398 1381 1373 1353 1344 1322 1315 1291 1284 1264 1258 1234 1230 1204 1201 1184 1188 1167 1159 1137 1138 1122 1126 1105 1063 -9999 -9999 -9999 -9999 -9999 -9999 -9999 -9999 -9999 -9999 -9999 -9999 -9999 -9999 -9999 -9999 -9999 -9999 -9999 -9999 -9999 -9999 -9999 -9999 -9999 -9999 -9999 -9999 -9999 -9999 -9999 -9999 -9999 -9999 -9999 -9999 -9999 -9999 -9999 -9999 -9999 -9999
1554 1548 1550 1548 1544 1526 1510 1474 1455 1431 1421 1402 1393 1377 1366 1347 1341 1316 1310 1288 1280 1255 1248 1226 1218 1192 1187 1169 1178 1160 1146 1112 1104 1085 1088 1067 -9999 -9999 -9999 -9999 -9999 -9999 -9999 -9999 -9999 -9999 -9999 -9999 -9999 -9999 -9999 -9999 -9999 -9999 -9999 -9999 -9999 -9999 -9999 -9999 -9999 -9999 -9999 -9999 -9999 -9999 -9999 -9999 -9999 -9999 -9999 -9999 -9999 -9999 -9999 -9999 -9999 -9999 -9999
1569 1555 1557 1549 1538 1522 1510 1479 1455 1433 1423 1405 1394 1377 1366 1347 1340 1315 1308 1286 1278 1249 1243 1218 1207 1182 1172 1146 1148 1122 -9999 -9999 -9999 -9999 -9999 -9999 -9999 -9999 -9999 -9999 -9999 -9999 -9999 -9999 -9999 -9999 -9999 -9999 -9999 -9999 -9999 -9999 -9999 -9999 -9999 -9999 -9999 -9999 -9999 -9999 -9999 -9999 -9999 -9999 -9999 -9999 -9999 -9999 -9999 -9999 -9999 -9999 -9999 -9999 -9999 -9999 -9999 -9999 -9999
1567 1548 1538 1519 1507 1491 1484 1461 1448 1431 1425 1402 1396 1372 1364 1338 1329 1307 1299 1275 1266 1241 1231 1203 1192 1163 -9999 -9999 -9999 -9999 -9999 -9999 -9999 -9999 -9999 -9999 -9999 -9999 -9999 -9999 -9999 -9999 -9999 -9999 -9999 -9999 -9999 -9999 -9999 -9999 -9999 -9999 -9999 -9999 -9999 -9999 -9999 -9999 -9999 -9999 -9999 -9999 -9999 -9999 -9999 -9999 -9999 -9999 -9999 -9999 -9999 -9999 -9999 -9999 -9999 -9999 -9999 -9999 -9999
1561 1542 1529 1509 1501 1486 1480 1465 1467 1454 1443 1415 1403 1375 1365 1338 1327 1305 1295 1270 1263 1234 1226 1199 -9999 -9999 -9999 -9999 -9999 -9999 -9999 -9999 -9999 -9999 -9999 -9999 -9999 -9999 -9999 -9999 -9999 -9999 -9999 -9999 -9999 -9999 -9999 -9999 -9999 -9999 -9999 -9999 -9999 -9999 -9999 -9999 -9999 -9999 -9999 -9999 -9999 -9999 -9999 -9999 -9999 -9999 -9999 -9999 -9999 -9999 -9999 -9999 -9999 -9999 -9999 -9999 -9999 -9999 -9999
