Electronic Materials (Flash Drives)/data/NZclimate/LGM/CCSM4_LGM/bio13nz.asc
ncols         384
nrows         384
xllcorner     164
yllcorner     -49
cellsize      0.041666666666667
NODATA_value  -9999
[rows 216 to 251 of 384, columns 164 to 245 of 384]
252 244 239 234 231 229 228 226 226 226 225 220 247 267 285 279 301 389 384 383 368 351 315 237 217 220 233 276 286 298 296 268 227 245 249 217 196 211 212 198 181 226 192 229 190 225 225 216 188 137 177 187 193 181 193 144 131 133 137 167 83 78 78 116 123 168 210 242 143 85 88 88 94 89 87 82 75 72 72 71 69 67
252 244 239 234 231 228 228 227 227 227 225 218 271 305 259 280 389 399 390 374 381 362 266 225 215 226 270 288 281 291 293 276 228 240 217 216 220 225 240 205 193 247 201 225 232 230 189 172 155 162 151 193 150 185 162 121 113 128 86 74 77 89 79 121 183 201 99 88 84 88 90 92 91 87 85 75 72 71 70 69 68 68
248 241 239 233 232 229 228 227 227 229 228 240 274 262 288 371 403 383 369 381 365 295 237 250 211 255 269 281 304 284 286 288 234 205 209 209 210 240 248 211 189 244 218 238 234 235 192 201 222 157 155 150 120 129 108 102 101 85 77 93 107 117 132 202 122 98 85 91 91 101 108 93 93 93 81 75 74 72 70 70 68 68
245 241 239 235 232 230 229 227 230 233 232 241 259 300 333 385 405 386 383 346 260 234 237 255 256 267 276 275 264 282 292 287 245 202 212 229 226 224 264 225 188 234 241 208 203 237 196 174 172 151 128 143 119 110 98 146 98 96 119 144 113 113 163 87 87 91 88 94 145 194 101 95 95 88 81 77 75 72 70 69 68 67
246 241 238 233 230 228 227 227 232 234 231 244 304 338 380 408 387 384 301 260 234 231 243 267 293 300 249 303 302 294 290 286 240 201 207 224 226 227 265 244 191 210 254 188 207 187 180 190 190 153 127 132 137 111 123 133 136 130 113 91 82 81 83 94 87 88 117 127 237 126 96 97 98 91 73 77 74 71 70 67 62 -9999
247 242 237 233 230 228 228 228 233 236 228 252 360 414 414 380 305 285 265 240 222 247 244 285 316 313 290 301 303 288 289 277 230 203 211 222 222 224 258 211 225 232 213 171 198 175 169 185 182 166 137 179 142 103 113 107 109 106 91 84 93 93 91 88 92 120 211 197 147 97 100 101 101 74 71 76 72 71 69 -9999 -9999 -9999
248 241 237 232 230 228 228 229 233 233 221 339 428 431 389 320 266 257 234 219 217 233 263 307 328 321 314 290 302 293 280 275 222 219 231 224 252 229 245 258 220 181 186 171 194 194 155 185 186 158 147 131 112 105 123 103 128 157 89 96 89 93 90 117 131 154 134 105 100 111 111 106 83 71 73 74 71 68 66 -9999 -9999 -9999
248 242 238 233 231 229 228 229 233 232 310 406 436 415 356 282 251 233 221 238 262 237 260 294 298 322 311 306 298 287 272 259 217 218 219 219 223 235 223 217 214 200 161 166 171 187 154 155 170 160 142 120 110 140 113 134 106 94 94 93 94 95 105 118 101 100 102 102 129 110 -9999 72 75 78 74 71 -9999 -9999 -9999 -9999 -9999 -9999
249 244 240 236 232 229 228 229 232 245 325 417 434 339 304 259 255 256 259 283 309 269 261 273 284 315 305 306 302 289 276 241 223 222 223 236 225 214 223 206 190 184 157 169 181 186 150 143 134 131 132 115 132 121 122 120 103 109 101 110 102 99 110 114 119 121 120 116 103 82 -9999 82 81 76 69 -9999 -9999 -9999 -9999 -9999 -9999 -9999
251 246 242 238 234 230 228 229 231 280 294 397 431 305 276 284 302 317 314 294 296 309 316 322 334 328 311 297 297 283 253 233 240 233 233 219 231 206 222 202 212 191 157 160 164 150 136 130 130 127 119 116 114 112 108 107 113 104 102 104 110 122 123 119 113 109 108 101 91 79 82 80 73 65 -9999 -9999 -9999 -9999 -9999 -9999 -9999 -9999
254 249 245 240 236 233 231 230 237 265 282 318 300 298 329 326 327 319 347 345 329 294 296 355 342 330 318 298 286 267 266 257 261 246 236 236 222 200 219 204 209 174 143 156 154 170 139 132 137 128 126 151 119 115 137 136 110 115 128 128 127 123 121 117 122 110 97 86 88 84 79 76 -9999 -9999 -9999 -9999 -9999 -9999 -9999 -9999 -9999 -9999
258 253 248 243 241 239 239 237 256 304 291 321 316 315 366 386 379 373 353 372 356 329 284 348 339 329 315 296 279 273 266 262 255 252 241 224 211 181 214 178 173 144 158 184 178 168 139 130 128 124 140 125 117 122 115 114 126 129 132 131 129 126 120 117 117 88 71 -9999 -9999 -9999 -9999 -9999 -9999 -9999 -9999 -9999 -9999 -9999 -9999 -9999 -9999 -9999
261 256 251 247 246 245 245 256 272 340 353 358 376 350 368 386 394 390 376 383 397 362 310 313 348 329 314 301 289 272 263 254 252 230 217 220 198 179 192 183 178 138 162 156 128 122 121 122 126 126 121 123 121 131 134 134 126 124 133 131 130 125 124 116 94 77 73 -9999 -9999 -9999 -9999 -9999 -9999 -9999 -9999 -9999 -9999 -9999 -9999 -9999 -9999 -9999
264 260 256 254 254 254 263 270 301 318 352 383 420 418 381 373 387 395 443 421 368 360 326 317 327 326 310 290 282 270 259 264 244 240 241 210 168 206 190 155 146 134 126 120 114 107 105 111 120 124 124 125 126 123 122 132 133 131 131 131 131 128 122 99 96 76 73 -9999 -9999 -9999 -9999 -9999 -9999 -9999 -9999 -9999 -9999 -9999 -9999 -9999 -9999 -9999
268 265 264 262 261 260 286 297 317 370 379 410 423 417 394 384 387 380 442 445 403 388 384 352 343 322 308 288 279 274 266 249 244 216 210 188 162 144 134 128 122 122 133 148 127 118 110 119 119 119 106 99 97 101 108 117 118 125 128 132 130 117 103 83 75 73 -9999 -9999 -9999 -9999 -9999 -9999 -9999 -9999 -9999 -9999 -9999 -9999 -9999 -9999 -9999 -9999
277 273 270 268 274 283 313 339 341 341 384 426 460 478 441 488 466 390 447 446 385 366 391 339 330 320 301 291 278 266 262 240 231 200 220 208 181 167 173 158 150 134 150 146 116 115 101 112 102 84 82 83 84 91 95 107 120 119 119 134 129 127 97 75 76 72 -9999 -9999 -9999 -9999 -9999 -9999 -9999 -9999 -9999 -9999 -9999 -9999 -9999 -9999 -9999 -9999
284 279 275 280 282 300 339 383 377 367 382 460 432 442 473 487 480 477 403 436 373 353 354 327 318 312 297 283 267 243 223 219 190 180 228 222 194 194 167 184 174 116 136 138 107 112 91 84 77 75 76 80 84 82 96 99 121 113 108 107 126 117 91 72 75 72 -9999 -9999 68 64 -9999 -9999 -9999 -9999 -9999 -9999 -9999 -9999 -9999 -9999 -9999 -9999
287 282 296 293 311 351 351 365 386 398 419 454 454 482 472 446 503 421 385 392 352 347 347 335 316 300 291 280 273 258 244 223 201 181 159 166 166 169 137 165 121 106 117 117 99 95 86 88 74 71 73 75 79 92 109 101 100 94 94 97 122 113 74 77 73 67 -9999 -9999 65 -9999 -9999 -9999 -9999 -9999 -9999 -9999 -9999 -9999 -9999 -9999 -9999 -9999
287 311 313 323 312 337 373 393 390 432 439 451 460 472 478 473 425 446 483 454 430 398 352 319 304 294 285 274 264 258 246 214 193 170 144 132 150 177 117 119 107 104 104 99 88 76 69 65 64 66 68 78 107 109 100 101 98 94 94 103 109 100 73 77 73 68 63 -9999 64 -9999 -9999 -9999 -9999 -9999 -9999 -9999 -9999 -9999 -9999 -9999 -9999 -9999
322 322 324 338 334 353 395 389 410 413 428 408 377 376 413 464 382 450 417 357 361 335 312 309 297 289 279 268 265 258 238 212 170 165 169 144 129 169 107 105 102 91 84 79 76 71 66 64 63 64 74 99 105 94 93 100 99 92 93 109 109 77 78 76 73 71 69 69 66 -9999 -9999 -9999 -9999 -9999 -9999 -9999 -9999 -9999 -9999 -9999 -9999 -9999
330 337 332 334 341 342 385 382 393 397 404 404 404 366 421 352 346 404 347 325 326 324 314 308 304 281 270 261 258 261 240 220 212 221 206 152 130 131 105 99 95 80 78 75 71 67 64 65 67 71 71 78 82 83 91 99 91 87 94 92 63 78 77 76 72 71 70 69 66 -9999 -9999 -9999 -9999 -9999 -9999 -9999 -9999 -9999 -9999 -9999 -9999 -9999
344 357 349 352 343 346 356 369 377 377 375 367 365 345 363 333 330 335 323 314 310 307 298 291 290 272 262 244 251 242 223 212 214 221 183 136 122 111 103 106 92 75 75 72 70 70 85 93 78 71 76 74 78 81 84 87 87 84 86 91 72 77 76 75 73 71 70 70 63 -9999 -9999 -9999 -9999 -9999 -9999 -9999 -9999 -9999 -9999 -9999 -9999 -9999
355 353 352 350 341 354 352 354 357 356 345 340 338 333 333 324 321 329 314 308 303 302 293 287 274 253 251 245 223 214 204 186 205 212 180 136 136 119 101 89 82 74 75 72 70 72 73 69 66 66 67 76 81 81 85 85 85 88 81 69 75 75 74 74 72 71 70 69 -9999 -9999 -9999 -9999 -9999 -9999 -9999 -9999 -9999 -9999 -9999 -9999 -9999 -9999
342 346 340 335 335 340 346 337 341 338 337 330 328 329 323 322 328 311 330 298 294 308 293 276 265 239 251 245 217 189 206 220 206 185 155 149 134 119 98 89 77 75 83 75 72 73 69 67 65 65 76 75 76 82 80 81 84 81 68 74 74 74 73 73 72 71 70 66 -9999 -9999 -9999 -9999 -9999 -9999 -9999 -9999 -9999 -9999 -9999 -9999 -9999 -9999
331 328 335 336 318 319 327 326 328 333 323 320 319 318 316 306 310 317 326 310 298 279 266 247 259 226 231 233 194 198 221 205 175 194 159 122 113 107 102 86 76 85 89 77 69 66 62 62 62 69 73 69 73 74 74 62 71 65 69 73 72 72 72 72 71 70 69 67 63 -9999 -9999 -9999 -9999 -9999 -9999 -9999 -9999 -9999 -9999 -9999 -9999 -9999
333 331 341 336 302 307 318 322 325 320 305 300 303 309 302 294 297 289 283 278 277 266 236 221 219 196 187 180 195 226 197 163 155 133 116 124 118 109 91 85 83 74 70 69 64 62 61 69 74 74 72 72 72 71 65 65 71 71 72 72 71 72 72 72 70 69 69 69 67 -9999 -9999 -9999 -9999 -9999 -9999 -9999 -9999 -9999 -9999 -9999 -9999 -9999
342 344 342 309 294 326 326 310 325 307 297 281 279 298 295 279 286 290 271 270 269 262 234 237 200 197 171 185 236 188 162 141 118 113 125 121 108 108 105 105 100 83 72 68 64 62 61 68 66 64 65 62 65 67 67 69 68 69 70 70 71 71 70 70 70 69 69 69 66 -9999 -9999 -9999 -9999 -9999 -9999 -9999 -9999 -9999 -9999 -9999 -9999 -9999
325 335 339 296 316 321 308 281 315 294 282 269 224 261 278 268 257 264 253 261 252 232 227 208 186 181 170 175 211 175 156 117 110 121 128 127 104 86 84 81 83 78 72 69 64 63 61 61 63 60 61 63 63 65 66 67 68 69 70 70 71 71 70 70 70 70 70 69 66 -9999 -9999 -9999 -9999 -9999 -9999 -9999 -9999 -9999 -9999 -9999 -9999 -9999
317 334 335 299 318 307 287 251 305 277 294 286 242 171 182 245 197 193 262 266 220 191 193 183 165 153 150 178 160 137 123 112 125 126 105 96 95 84 80 77 75 76 72 68 63 61 60 56 59 60 61 62 63 64 65 67 67 69 69 70 71 71 70 71 69 69 68 63 -9999 -9999 -9999 -9999 -9999 -9999 -9999 -9999 -9999 -9999 -9999 -9999 -9999 -9999
313 338 329 308 296 302 300 257 213 210 231 259 244 153 166 157 219 192 239 267 210 169 198 212 217 176 136 136 138 152 145 116 107 100 90 87 85 82 77 74 73 74 72 67 63 62 59 60 60 61 62 63 63 65 66 67 68 70 70 71 71 71 71 71 70 69 66 -9999 -9999 -9999 -9999 -9999 -9999 -9999 -9999 -9999 -9999 -9999 -9999 -9999 -9999 -9999
332 311 277 263 240 248 257 238 211 172 163 154 145 136 181 121 159 139 219 236 199 209 221 204 168 145 115 114 109 103 98 99 94 87 84 82 80 78 75 72 70 70 68 65 63 62 61 61 61 61 62 63 63 65 66 67 68 69 70 71 70 70 70 70 70 69 64 -9999 -9999 -9999 -9999 -9999 -9999 -9999 -9999 -9999 -9999 -9999 -9999 -9999 -9999 -9999
304 294 296 314 306 252 202 185 195 183 162 144 131 125 115 126 101 112 146 205 185 172 145 136 117 110 105 101 98 95 91 88 86 84 80 77 75 73 71 70 68 67 66 65 63 62 61 62 61 62 63 64 65 66 67 69 69 70 71 71 71 71 71 71 70 66 -9999 -9999 -9999 66 68 67 -9999 -9999 -9999 -9999 -9999 -9999 -9999 -9999 -9999 -9999
325 284 266 324 291 275 223 195 247 254 254 250 217 209 158 103 96 94 104 135 191 210 153 122 117 108 99 96 92 89 86 83 82 80 77 75 72 71 69 68 65 64 64 64 62 62 62 62 62 63 64 64 66 67 68 69 70 71 71 71 70 71 70 69 65 -9999 -9999 -9999 -9999 64 69 66 -9999 -9999 -9999 -9999 -9999 -9999 -9999 -9999 -9999 -9999
299 237 285 268 257 232 238 169 166 222 228 230 208 244 225 132 126 93 95 112 181 142 116 106 105 101 95 91 88 83 81 80 80 78 76 73 71 69 68 67 64 64 64 64 63 63 63 63 63 64 65 66 68 68 70 70 72 72 72 73 72 72 69 -9999 -9999 -9999 -9999 64 69 70 71 67 -9999 -9999 -9999 -9999 -9999 -9999 -9999 -9999 -9999 -9999
221 241 258 267 263 216 201 160 145 184 250 225 203 227 204 174 226 122 96 98 103 104 104 103 100 93 91 85 83 79 78 77 75 74 72 71 69 67 66 65 63 62 62 63 62 63 63 64 64 66 66 68 68 70 70 72 72 73 72 73 72 72 70 -9999 -9999 65 68 69 71 71 70 68 66 -9999 -9999 -9999 -9999 -9999 -9999 -9999 -9999 -9999
177 261 245 216 267 201 222 146 135 146 192 262 231 172 146 196 230 155 97 98 101 109 103 99 94 88 85 80 77 77 77 76 74 72 70 68 67 66 65 65 63 62 61 62 63 64 65 66 67 69 70 71 72 73 73 74 74 74 75 75 74 74 73 72 68 66 68 72 73 72 71 71 68 -9999 -9999 -9999 -9999 -9999 -9999 -9999 -9999 -9999
