Electronic Materials (Flash Drives)/data/NZclimate/LGM/CCSM4_LGM/bio13nz.asc
ncols         384
nrows         384
xllcorner     164
yllcorner     -49
cellsize      0.041666666666667
NODATA_value  -9999
[rows 180 to 215 of 384, columns 164 to 245 of 384]
-9999 -9999 -9999 -9999 -9999 -9999 -9999 -9999 -9999 -9999 -9999 -9999 -9999 -9999 -9999 -9999 -9999 -9999 -9999 -9999 -9999 -9999 -9999 -9999 190 191 191 191 190 189 189 187 186 187 189 191 193 194 196 200 203 209 244 244 248 227 216 211 202 197 189 183 172 162 151 148 142 139 134 131 125 121 117 113 109 106 102 99 95 93 89 87 85 83 81 79 78 77 76 74 73 73
-9999 -9999 -9999 -9999 -9999 -9999 -9999 -9999 -9999 -9999 -9999 -9999 -9999 -9999 -9999 -9999 -9999 -9999 -9999 -9999 -9999 -9999 -9999 192 192 193 192 191 190 189 189 189 190 190 192 193 195 197 201 207 212 246 244 259 260 228 192 206 200 194 186 182 175 168 159 151 143 139 133 129 124 120 118 114 109 106 102 99 96 93 90 88 86 84 82 81 79 78 77 76 75 74
-9999 -9999 -9999 -9999 -9999 -9999 -9999 -9999 -9999 -9999 -9999 -9999 -9999 -9999 -9999 -9999 -9999 -9999 -9999 -9999 -9999 -9999 195 196 196 195 194 193 192 191 191 192 193 194 195 196 198 202 208 259 254 254 278 292 258 212 176 202 196 189 182 178 171 166 158 152 144 139 133 129 124 121 117 114 109 106 102 99 95 94 91 88 86 84 83 81 80 80 79 77 76 76
-9999 -9999 -9999 -9999 -9999 -9999 -9999 -9999 -9999 -9999 -9999 -9999 -9999 -9999 -9999 -9999 -9999 -9999 -9999 -9999 196 197 199 199 198 197 195 194 193 193 193 193 194 196 198 199 200 227 244 256 290 306 305 302 252 212 195 201 192 186 180 175 168 164 156 151 143 138 133 128 124 121 117 114 110 107 104 101 97 95 92 90 88 87 85 83 82 83 82 81 79 78
-9999 -9999 -9999 -9999 -9999 -9999 -9999 -9999 -9999 -9999 -9999 -9999 -9999 -9999 -9999 -9999 -9999 204 203 202 202 202 202 200 200 199 197 196 196 196 196 195 197 199 202 204 222 237 266 298 308 309 315 276 266 243 219 192 185 181 176 171 165 159 153 148 141 137 131 128 124 121 117 115 112 109 105 102 98 97 93 92 90 89 88 87 87 86 84 83 82 81
-9999 -9999 -9999 -9999 -9999 -9999 -9999 -9999 -9999 -9999 -9999 -9999 -9999 -9999 -9999 -9999 209 207 205 206 205 204 203 202 201 200 198 197 198 198 197 198 200 202 206 220 250 283 302 306 306 334 321 311 281 253 209 187 179 179 175 170 163 156 150 146 141 137 132 129 125 123 119 117 115 112 108 105 101 99 97 95 95 93 92 91 91 90 88 87 86 85
-9999 -9999 -9999 -9999 -9999 -9999 -9999 -9999 -9999 -9999 -9999 -9999 -9999 -9999 -9999 211 208 205 205 205 206 205 204 203 202 200 200 200 199 198 199 201 203 241 246 260 285 300 304 304 305 365 342 316 310 268 237 196 178 177 174 178 161 155 149 145 140 137 133 130 127 125 122 119 116 114 110 108 105 103 101 101 99 97 96 96 96 96 94 92 90 88
-9999 -9999 -9999 -9999 -9999 -9999 -9999 -9999 -9999 -9999 -9999 -9999 -9999 216 213 211 -9999 206 206 205 206 206 205 204 204 201 202 201 200 200 201 216 269 290 286 296 300 306 302 306 334 315 303 293 288 297 251 220 192 197 194 214 169 152 149 145 140 137 134 132 128 127 124 122 119 118 114 112 109 108 107 106 113 106 104 102 102 101 100 98 97 94
-9999 -9999 -9999 -9999 -9999 -9999 -9999 -9999 -9999 -9999 -9999 -9999 -9999 -9999 -9999 211 210 207 208 208 207 207 207 206 204 203 202 201 202 202 204 257 295 311 300 304 310 298 298 307 297 293 294 288 291 294 261 226 229 254 242 223 179 177 152 142 137 136 134 132 129 128 125 124 121 120 118 116 115 114 115 112 111 111 109 110 108 107 106 103 101 98
-9999 -9999 -9999 -9999 -9999 -9999 -9999 -9999 -9999 -9999 -9999 -9999 -9999 -9999 213 211 212 211 210 209 208 208 208 206 205 203 203 202 203 205 261 277 285 283 294 302 297 305 292 292 301 317 320 306 277 288 269 240 259 256 252 231 219 176 154 144 135 135 134 133 130 129 128 127 125 124 123 122 120 120 123 122 119 119 120 121 118 119 114 113 109 104
-9999 -9999 -9999 -9999 -9999 -9999 -9999 -9999 -9999 -9999 226 222 220 216 215 214 214 214 213 211 210 209 208 206 205 204 204 203 204 207 261 242 258 270 279 289 302 311 288 287 308 314 289 289 280 268 278 253 252 254 255 235 217 171 154 142 132 134 133 133 131 131 130 130 129 129 128 128 127 127 131 131 129 130 129 130 130 127 125 121 117 111
-9999 -9999 -9999 -9999 -9999 -9999 -9999 -9999 -9999 228 226 222 221 218 216 216 216 215 215 213 211 209 208 206 205 204 204 203 202 200 233 263 276 301 283 294 305 294 285 283 288 312 306 319 276 264 257 267 246 247 235 222 208 169 152 140 131 134 133 133 132 132 132 133 133 134 132 133 132 134 140 139 138 139 140 141 137 141 134 137 124 120
-9999 -9999 -9999 -9999 -9999 -9999 -9999 -9999 231 229 228 224 223 220 218 217 216 215 215 213 211 209 207 206 205 204 204 202 197 190 244 296 326 307 296 318 295 310 300 324 286 319 299 277 272 254 249 257 239 234 224 202 173 133 126 129 132 133 132 132 132 134 133 135 136 137 139 141 151 150 148 147 146 147 148 148 150 141 137 132 134 128
-9999 -9999 -9999 -9999 -9999 -9999 -9999 -9999 233 231 230 228 226 222 219 218 216 215 214 213 211 209 207 206 204 203 203 199 192 181 253 303 306 291 301 304 309 300 284 301 309 293 286 274 256 247 243 239 232 226 216 193 164 122 117 131 132 131 130 131 132 135 136 139 140 160 160 160 158 156 157 157 150 157 154 157 158 143 138 135 132 128
-9999 -9999 -9999 -9999 -9999 -9999 -9999 235 235 232 231 229 226 223 221 219 217 215 215 213 211 209 207 206 206 203 203 197 189 -9999 242 274 269 274 285 293 304 296 303 265 303 288 290 279 250 239 233 235 227 219 203 165 151 115 108 124 126 128 128 130 131 135 138 141 163 165 164 165 158 160 163 151 157 165 156 167 156 142 153 136 134 127
-9999 -9999 -9999 -9999 -9999 -9999 239 238 235 232 230 226 225 224 222 220 219 216 214 212 210 208 207 206 204 202 202 197 189 179 228 267 250 270 281 274 301 279 290 256 279 283 284 264 242 242 240 231 219 205 184 152 141 128 118 110 117 123 125 128 131 151 159 164 166 164 166 159 155 155 161 164 168 166 147 164 153 148 139 146 137 119
-9999 -9999 -9999 -9999 -9999 240 240 238 235 232 229 227 226 224 222 219 217 215 213 210 209 208 207 206 204 202 201 198 192 185 211 236 241 249 278 256 257 266 248 252 275 257 243 260 256 244 219 209 197 178 164 144 137 125 108 108 108 111 119 125 138 164 162 166 161 169 172 164 165 155 164 152 156 163 157 175 177 162 150 141 133 122
-9999 -9999 -9999 -9999 244 242 241 237 235 232 229 227 226 222 221 218 216 214 213 210 209 208 207 205 202 202 202 200 198 196 208 220 225 247 249 267 274 262 262 242 237 235 235 254 277 222 206 190 188 170 159 140 128 122 108 -9999 104 103 112 139 159 159 161 158 155 175 177 163 156 154 168 154 168 165 156 166 162 158 148 138 129 120
-9999 -9999 -9999 245 245 242 240 236 234 231 229 227 224 221 220 217 215 213 211 209 207 207 207 204 202 202 203 203 203 204 212 210 219 260 235 255 272 269 251 234 238 260 255 233 218 212 195 177 171 159 153 137 125 111 102 103 113 120 124 145 157 157 156 158 164 173 173 176 167 172 168 163 162 153 153 149 149 137 133 130 123 120
-9999 -9999 -9999 246 244 241 240 236 234 231 229 226 223 221 219 216 215 212 210 208 207 207 206 204 201 202 201 199 198 207 207 212 243 264 244 271 277 257 239 242 237 246 259 217 193 183 175 159 158 153 147 147 132 112 100 101 113 119 144 152 152 151 150 159 165 166 161 162 153 145 160 143 145 137 137 138 132 132 127 121 118 114
-9999 -9999 -9999 244 242 239 238 235 233 229 227 224 223 219 218 215 213 210 210 209 208 208 207 204 203 203 199 194 188 205 205 214 219 246 275 269 278 281 244 254 239 244 245 215 184 174 161 146 149 160 149 142 130 111 98 100 120 139 149 149 151 146 147 151 144 142 152 158 137 152 150 134 132 131 124 127 129 121 112 111 101 96
-9999 -9999 -9999 244 241 239 237 235 233 229 227 224 222 219 217 214 212 210 209 209 209 209 207 206 204 201 195 187 212 219 207 207 228 280 283 282 265 257 259 265 251 247 228 207 182 149 157 134 149 163 150 130 111 103 103 109 132 138 148 147 143 143 140 139 138 138 139 135 133 135 139 130 127 126 118 118 109 105 95 91 90 86
-9999 -9999 -9999 242 239 237 236 233 232 229 226 223 221 219 217 214 213 212 211 211 211 210 208 206 203 197 189 227 240 227 217 222 260 286 266 263 272 270 259 242 235 220 212 200 199 151 155 151 153 157 133 113 109 112 120 134 145 148 153 143 139 144 136 146 131 130 130 130 127 132 127 122 116 98 89 82 83 84 84 84 82 78
-9999 -9999 -9999 242 240 238 236 233 232 228 226 223 221 218 217 213 213 213 213 213 213 211 209 206 201 193 209 232 248 247 251 279 252 275 258 256 260 265 250 237 238 224 222 204 187 160 178 146 146 157 131 126 142 137 139 145 142 150 157 148 144 155 131 129 125 124 129 124 128 124 108 93 83 77 72 69 72 74 74 77 76 74
-9999 -9999 245 242 240 237 235 232 230 228 227 224 221 219 216 214 213 213 215 216 214 212 210 204 198 189 218 221 256 256 254 247 217 238 243 260 269 256 254 247 259 258 238 211 195 174 173 161 154 156 139 152 157 152 147 150 151 152 149 147 129 127 124 124 124 128 127 125 118 105 92 81 72 68 66 65 66 69 70 71 71 71
-9999 248 246 244 241 238 236 233 231 228 226 223 220 218 216 214 212 213 215 215 214 212 207 201 194 233 235 227 233 282 277 251 209 243 278 276 257 241 259 239 261 235 240 213 191 184 173 171 168 146 164 169 161 171 146 144 143 139 136 142 129 122 118 116 115 117 113 109 103 92 84 77 71 67 68 86 72 68 73 76 68 69
254 250 247 244 242 238 235 233 231 228 226 222 220 218 216 215 214 214 214 214 213 210 205 198 224 239 242 244 265 317 294 264 215 237 261 266 243 258 244 229 221 222 228 205 193 189 170 169 168 154 178 166 169 184 143 138 132 138 126 123 117 113 112 110 109 108 105 103 90 81 83 87 89 94 81 89 87 79 70 65 65 67
256 251 248 244 242 237 235 232 230 227 225 222 220 218 216 216 217 214 213 211 209 206 202 224 271 277 268 245 252 304 285 250 250 268 270 255 239 249 224 213 207 221 219 201 191 189 176 169 164 164 161 155 184 185 139 134 124 119 113 113 113 113 109 107 105 102 98 93 90 93 96 102 103 103 97 87 74 67 65 65 62 65
255 250 248 243 240 237 236 233 230 227 224 221 220 218 219 221 222 218 213 210 208 225 225 253 320 302 264 253 263 298 272 281 268 264 249 227 221 231 203 199 208 218 206 198 190 188 181 171 168 161 167 151 168 155 132 125 122 121 117 114 111 108 107 103 99 97 93 92 95 96 94 106 94 87 80 70 69 65 65 65 63 64
254 250 247 243 241 237 234 231 229 226 223 221 220 220 223 231 227 226 226 225 226 228 256 291 309 283 257 255 261 271 288 281 243 245 258 236 208 200 201 224 225 206 204 199 187 182 179 172 166 159 168 150 139 133 128 123 120 116 119 110 123 105 100 98 98 95 90 92 96 103 117 116 91 80 81 80 75 69 67 64 66 73
253 249 247 243 239 236 234 231 228 225 223 221 220 221 234 235 231 229 226 231 244 306 313 304 282 248 252 255 227 267 241 222 205 204 193 187 198 193 219 211 211 209 202 196 189 182 174 169 164 156 149 141 146 157 126 121 114 110 125 176 113 99 104 94 105 89 90 113 110 116 127 92 83 86 92 91 91 84 73 71 75 74
254 249 246 243 238 235 233 229 227 224 223 223 223 222 232 232 231 234 232 232 284 290 264 272 252 241 243 244 233 232 229 228 218 201 209 190 197 186 210 190 210 210 197 193 185 180 174 165 159 174 144 150 180 141 119 147 109 111 152 133 96 102 94 100 95 98 107 135 99 86 86 87 87 90 93 89 82 80 75 75 78 71
253 249 246 241 238 234 232 229 227 225 223 224 225 222 232 233 235 247 290 326 278 255 257 240 241 240 237 232 243 288 277 243 231 204 204 193 220 203 216 190 205 204 199 186 182 182 197 172 176 173 141 189 181 174 120 138 107 189 165 107 95 112 95 124 96 90 93 97 83 84 89 89 98 101 104 92 82 85 77 79 78 72
253 249 245 240 236 233 231 228 226 224 223 224 223 218 233 237 244 273 341 375 309 313 268 254 258 234 232 229 257 305 292 242 254 211 209 194 218 212 218 198 201 197 195 183 178 225 211 162 209 157 156 202 167 136 176 113 140 176 118 122 133 118 128 111 100 83 79 81 86 103 104 103 99 91 93 91 90 82 77 77 73 71
252 247 243 238 235 231 230 227 226 225 226 225 222 233 262 252 255 346 387 358 305 353 277 282 258 226 227 230 282 306 271 254 207 226 226 213 219 227 214 212 195 203 199 183 183 223 195 171 194 145 169 176 190 156 137 117 153 180 175 172 156 103 92 91 81 80 99 107 113 168 101 91 87 90 92 91 94 81 75 73 72 68
251 245 240 235 233 230 228 226 226 227 227 224 222 251 281 257 268 370 389 333 356 355 330 274 228 219 223 269 310 302 287 257 204 236 266 228 215 213 201 193 188 218 212 188 185 221 182 204 181 143 172 213 206 174 166 185 158 177 154 169 161 105 80 85 83 94 205 227 184 123 87 88 87 97 91 84 80 75 73 72 69 68
