Electronic Materials (Flash Drives)/data/NZclimate/LGM/CCSM4_LGM/bio12nz.asc
ncols         384
nrows         384
xllcorner     164
yllcorner     -49
cellsize      0.041666666666667
NODATA_value  -9999
[rows 252 to 287 of 384, columns 158 to 236 of 384]
3050 3009 2712 2288 1826 1576 1495 1787 2399 1879 2058 1778 1751 1322 1175 1236 1706 2560 2328 1934 1239 1765 1598 1349 971 962 957 958 932 901 874 847 806 775 761 749 738 725 713 694 677 665 653 642 630 617 600 589 577 570 556 564 572 581 585 599 607 621 625 636 638 649 646 652 643 644 639 637 630 631 591 566 580 606 604 602 597 596 581
2516 3071 2869 3125 2386 2161 1356 1238 1247 1301 1382 1604 1394 1154 1120 1238 1294 1821 1523 1452 1152 1115 1021 991 1003 978 932 898 887 866 839 814 780 752 735 725 715 702 688 672 659 649 638 630 619 611 597 591 585 594 587 604 593 603 612 620 628 641 645 652 654 663 660 663 654 653 643 644 635 636 627 616 608 615 608 607 602 604 599
2318 2831 2567 3058 2410 1954 1360 1115 1061 1440 1193 1185 1127 1051 1087 1446 1104 1133 1593 1444 1022 988 1032 1045 987 932 899 872 843 821 805 784 758 736 717 700 688 678 665 655 641 630 623 616 611 606 599 596 646 698 678 667 626 619 630 655 655 660 664 667 663 669 666 667 655 654 644 641 630 627 619 617 611 608 598 598 598 605 603
2180 1895 2522 2860 2050 2324 1269 993 1037 1136 1635 1610 1083 1102 1034 1014 967 979 1033 977 1056 1028 1004 968 921 878 852 827 814 791 772 758 741 721 703 690 677 667 653 642 629 619 613 609 608 607 599 611 718 671 657 706 767 712 759 720 718 718 711 701 685 690 680 676 666 664 655 650 639 636 625 622 615 609 598 603 609 620 614
1490 2164 2686 2365 2016 2430 1332 1022 933 938 1027 1120 1192 1021 1229 974 970 948 962 982 938 885 876 864 839 815 797 780 768 760 749 732 716 702 690 678 665 650 640 631 621 613 607 604 597 601 598 629 717 698 768 893 874 812 851 780 888 812 797 744 740 708 693 677 663 661 652 647 634 630 620 615 607 602 595 597 595 600 593
1394 2231 2645 2187 2283 1851 1313 1617 1817 1678 1222 1013 911 901 920 1030 941 933 941 925 889 834 815 799 781 766 749 743 737 734 732 727 712 697 684 668 659 646 635 623 620 612 607 605 601 601 604 619 635 738 788 851 906 890 915 882 899 923 862 854 770 733 708 692 677 673 659 656 643 638 625 621 614 609 603 602 592 590 584
1341 2074 2420 2481 2035 2251 2094 1917 1411 1215 1176 996 1282 1146 892 896 914 917 912 876 841 809 780 754 739 723 716 711 707 703 706 709 704 686 671 657 644 635 621 614 609 604 597 599 598 603 607 620 632 673 779 858 868 909 939 901 824 873 948 871 821 748 720 701 680 673 658 654 642 637 626 622 614 611 601 599 588 585 577
1197 1721 2170 2620 2254 2235 1624 1179 1258 1251 901 863 985 1184 1108 885 925 912 890 857 815 788 756 731 718 706 697 691 687 689 689 691 686 672 661 647 636 629 621 614 607 605 600 603 603 609 616 627 639 662 690 829 917 955 970 949 904 984 977 932 831 752 732 704 685 680 666 662 649 645 630 625 615 613 604 601 589 587 577
1191 2107 2228 2408 2349 1634 941 954 1057 890 848 839 839 1097 1095 867 934 905 873 832 791 756 731 710 695 684 681 673 666 665 664 663 659 649 642 630 623 615 609 605 599 598 597 597 606 612 618 629 633 648 623 725 864 929 986 1019 972 1016 958 858 781 767 736 711 685 680 667 663 645 640 625 622 613 609 599 591 581 575 574
1295 2068 1916 1541 1730 878 856 863 852 843 1030 949 878 849 859 863 946 905 860 812 767 735 712 696 681 672 668 659 652 645 649 645 641 634 627 621 613 610 606 603 599 596 600 601 605 609 614 623 622 636 627 623 628 758 893 939 937 857 870 798 765 739 716 712 695 688 670 666 647 638 626 626 616 612 596 585 575 574 576
1522 2101 1739 1007 891 851 894 868 852 893 1058 1119 868 843 942 980 933 880 826 773 733 708 686 673 664 652 642 637 633 632 626 623 620 616 606 603 601 597 574 570 586 589 595 600 602 607 613 615 615 626 632 643 651 682 724 734 738 765 772 765 738 729 714 707 690 684 670 664 647 637 625 623 613 605 590 577 567 570 566
1349 1427 973 793 863 892 901 880 829 900 1034 934 835 843 992 969 898 839 791 744 705 685 671 659 651 642 633 624 621 618 612 609 607 601 598 590 589 587 579 581 588 591 593 597 601 610 617 625 623 631 643 663 675 698 722 749 763 770 750 749 734 728 714 713 695 688 671 662 649 643 628 624 615 612 594 579 574 573 562
1526 980 815 862 880 885 883 874 846 820 819 847 902 972 947 883 829 782 738 705 675 657 645 638 636 623 610 605 598 594 594 590 592 581 573 579 569 561 556 561 570 577 581 586 595 606 611 614 619 631 640 657 671 701 721 745 751 743 730 732 725 722 705 702 687 682 667 660 644 640 625 620 620 621 606 582 566 552 530
844 747 742 821 873 876 872 869 871 854 827 833 883 882 840 812 765 734 698 671 651 637 625 616 608 602 598 593 586 582 579 578 572 574 574 563 550 547 543 558 569 580 580 585 594 603 609 614 629 639 644 658 681 717 732 746 736 728 722 727 716 717 702 697 680 676 664 660 645 638 621 613 604 599 586 564 -9999 -9999 -9999
674 731 711 742 843 850 840 841 844 825 843 854 847 807 747 728 694 678 655 635 617 605 594 585 581 578 574 574 556 555 553 557 561 561 556 546 540 538 546 556 567 574 574 581 589 597 602 616 629 642 644 659 676 708 714 709 705 711 708 711 702 702 687 684 677 672 656 650 638 632 616 601 577 555 -9999 -9999 -9999 -9999 -9999
926 680 707 863 785 830 814 831 818 770 779 781 731 702 669 654 641 634 618 606 592 580 573 565 564 549 542 540 538 542 547 553 554 555 555 549 548 551 558 562 566 571 574 584 597 607 611 620 628 639 648 664 680 695 685 692 693 701 701 704 696 693 682 681 672 667 650 638 629 624 603 570 -9999 -9999 -9999 -9999 -9999 -9999 -9999
761 667 751 711 814 801 780 809 767 721 701 692 678 666 619 600 597 591 582 575 568 558 551 544 536 523 519 523 523 531 534 538 544 546 547 546 545 547 548 548 548 554 564 579 592 604 602 607 611 625 639 662 666 664 664 675 682 687 691 691 682 679 669 665 658 653 -9999 -9999 601 614 584 -9999 -9999 -9999 -9999 -9999 -9999 -9999 -9999
927 687 696 773 793 781 751 796 752 682 659 638 604 587 568 564 564 563 563 557 550 540 529 531 525 521 521 522 524 531 533 535 540 543 540 539 539 537 537 539 544 555 568 576 581 594 601 607 612 623 635 650 650 655 658 668 670 676 676 676 671 671 660 654 649 646 -9999 -9999 581 567 -9999 -9999 -9999 -9999 -9999 -9999 -9999 -9999 -9999
1129 792 671 715 776 777 741 708 739 667 632 600 576 549 523 528 535 539 537 535 522 517 515 514 511 511 514 515 521 526 526 529 529 531 533 528 524 526 528 535 538 550 553 560 568 583 589 599 601 604 617 624 629 640 644 649 654 665 657 661 656 651 644 643 638 632 -9999 -9999 -9999 -9999 -9999 -9999 -9999 -9999 -9999 -9999 -9999 -9999 -9999
1074 687 922 690 729 734 758 715 668 667 634 616 578 541 515 513 521 528 520 513 516 509 513 513 513 513 515 516 520 522 521 525 528 532 533 530 529 532 539 544 546 547 543 548 562 583 590 595 597 603 607 617 626 632 628 630 636 648 647 650 640 635 632 632 617 595 -9999 -9999 -9999 -9999 -9999 -9999 -9999 -9999 -9999 -9999 -9999 -9999 -9999
637 644 836 851 698 718 767 665 633 653 678 598 604 550 515 514 514 513 494 496 501 506 505 504 503 504 509 509 510 511 510 514 519 522 525 523 525 527 532 540 539 537 531 535 552 571 580 580 581 590 595 604 611 615 611 615 626 630 628 631 619 618 618 593 -9999 -9999 -9999 -9999 -9999 -9999 -9999 -9999 -9999 -9999 -9999 -9999 -9999 -9999 -9999
626 640 661 1015 773 739 733 677 622 588 629 612 582 552 531 519 515 502 510 507 506 506 503 501 501 500 503 504 505 509 508 512 513 515 520 524 527 528 528 532 531 530 529 537 550 565 569 573 575 582 590 596 603 607 606 615 617 620 614 608 591 593 576 -9999 -9999 -9999 -9999 -9999 -9999 -9999 -9999 -9999 -9999 -9999 -9999 -9999 -9999 -9999 -9999
611 635 653 719 904 851 721 710 618 611 574 532 517 522 512 508 503 497 494 499 497 497 493 495 492 494 494 496 495 493 497 501 503 504 506 510 517 520 520 520 519 516 515 526 538 547 554 562 563 570 578 584 586 593 599 605 600 593 577 574 -9999 -9999 -9999 -9999 -9999 -9999 -9999 -9999 -9999 -9999 -9999 -9999 -9999 -9999 -9999 -9999 -9999 -9999 -9999
616 630 653 670 744 872 712 681 604 600 563 537 522 514 506 507 489 487 481 494 496 496 494 493 489 490 489 489 488 490 495 501 503 504 506 513 517 518 517 520 519 515 516 528 540 545 552 556 560 569 578 582 585 588 585 583 571 -9999 -9999 -9999 -9999 -9999 -9999 -9999 -9999 -9999 -9999 -9999 -9999 -9999 -9999 -9999 -9999 -9999 -9999 -9999 -9999 -9999 -9999
598 616 636 661 680 737 721 708 632 578 552 531 517 508 499 492 476 465 471 484 491 490 489 486 486 484 484 483 481 485 487 491 495 499 501 507 509 505 501 505 512 521 524 529 533 537 539 545 546 557 567 572 567 558 538 -9999 -9999 -9999 -9999 -9999 -9999 -9999 -9999 -9999 -9999 -9999 -9999 -9999 -9999 -9999 -9999 -9999 -9999 -9999 -9999 -9999 -9999 -9999 -9999
586 602 630 670 680 686 707 704 704 598 554 535 518 511 500 478 465 467 476 485 490 490 488 487 487 482 483 485 483 486 486 487 486 488 491 491 488 488 483 489 502 517 520 524 525 532 535 539 536 543 556 553 538 -9999 -9999 -9999 -9999 -9999 -9999 -9999 -9999 -9999 -9999 -9999 -9999 -9999 -9999 -9999 -9999 -9999 -9999 -9999 -9999 -9999 -9999 -9999 -9999 -9999 -9999
565 583 624 677 705 670 681 705 699 584 548 529 515 506 482 484 479 477 479 482 484 486 484 482 480 479 478 481 483 483 482 483 482 487 486 479 469 463 467 477 495 504 508 513 518 519 522 522 523 534 530 512 -9999 -9999 -9999 -9999 -9999 -9999 -9999 -9999 -9999 -9999 -9999 -9999 -9999 -9999 -9999 -9999 -9999 -9999 -9999 -9999 -9999 -9999 -9999 -9999 -9999 -9999 -9999
546 568 607 665 652 660 653 692 687 582 558 537 518 508 480 484 481 484 484 486 483 485 482 478 480 477 475 480 483 482 478 478 481 487 487 486 472 464 470 484 498 503 504 508 513 518 510 509 513 517 -9999 -9999 -9999 -9999 -9999 -9999 -9999 -9999 -9999 -9999 -9999 -9999 -9999 -9999 -9999 -9999 -9999 -9999 -9999 -9999 -9999 -9999 -9999 -9999 -9999 -9999 -9999 -9999 -9999
551 577 614 669 628 608 648 638 689 588 552 536 522 508 499 496 492 491 487 484 479 479 475 476 473 469 468 469 468 468 456 456 459 477 481 482 473 465 466 483 489 495 498 499 496 499 491 -9999 -9999 -9999 -9999 -9999 -9999 -9999 -9999 -9999 -9999 -9999 -9999 -9999 -9999 -9999 -9999 -9999 -9999 -9999 -9999 -9999 -9999 -9999 -9999 -9999 -9999 -9999 -9999 -9999 -9999 -9999 -9999
609 633 656 626 593 581 599 582 634 595 553 536 522 513 504 499 494 494 488 484 481 482 475 476 474 470 470 469 469 467 454 448 447 465 480 483 482 478 480 489 491 494 497 483 -9999 -9999 -9999 -9999 -9999 -9999 -9999 -9999 -9999 -9999 -9999 -9999 -9999 -9999 -9999 -9999 -9999 -9999 -9999 -9999 -9999 -9999 -9999 -9999 -9999 -9999 -9999 -9999 -9999 -9999 -9999 -9999 -9999 -9999 -9999
562 570 586 614 615 575 551 546 550 561 556 532 521 514 502 495 494 494 486 483 481 477 472 473 472 471 470 470 469 466 456 443 -9999 452 469 479 480 482 481 482 484 488 478 -9999 -9999 -9999 -9999 -9999 -9999 -9999 -9999 -9999 -9999 -9999 -9999 -9999 -9999 -9999 -9999 -9999 -9999 -9999 -9999 -9999 -9999 -9999 -9999 -9999 -9999 -9999 -9999 -9999 -9999 -9999 -9999 -9999 -9999 -9999 -9999
488 507 563 609 587 564 550 558 548 546 548 534 518 516 503 499 498 495 487 485 479 476 474 474 472 470 469 469 469 469 455 441 -9999 444 465 479 480 479 477 468 -9999 -9999 -9999 -9999 -9999 -9999 -9999 -9999 -9999 -9999 -9999 -9999 -9999 -9999 -9999 -9999 -9999 -9999 -9999 -9999 -9999 -9999 -9999 -9999 -9999 -9999 -9999 -9999 -9999 -9999 -9999 -9999 -9999 -9999 -9999 -9999 -9999 -9999 -9999
499 495 496 515 526 535 526 532 537 542 544 534 516 513 503 502 496 494 492 488 478 477 482 485 481 477 467 466 466 468 461 451 443 450 463 470 470 469 466 -9999 -9999 -9999 -9999 -9999 -9999 -9999 -9999 -9999 -9999 -9999 -9999 -9999 -9999 -9999 -9999 -9999 -9999 -9999 -9999 -9999 -9999 -9999 -9999 -9999 -9999 -9999 -9999 -9999 -9999 -9999 -9999 -9999 -9999 -9999 -9999 -9999 -9999 -9999 -9999
499 498 513 522 516 522 517 519 522 525 522 522 515 512 499 497 494 496 492 487 480 479 484 486 485 484 474 469 465 470 472 472 464 467 466 465 451 -9999 -9999 -9999 -9999 -9999 -9999 -9999 -9999 -9999 -9999 -9999 -9999 -9999 -9999 -9999 -9999 -9999 -9999 -9999 -9999 -9999 -9999 -9999 -9999 -9999 -9999 -9999 -9999 -9999 -9999 -9999 -9999 -9999 -9999 -9999 -9999 -9999 -9999 -9999 -9999 -9999 -9999
499 517 518 525 524 540 537 523 520 521 518 516 509 508 498 495 495 495 488 484 479 481 475 473 473 480 478 479 472 472 471 470 468 465 448 -9999 -9999 -9999 -9999 -9999 -9999 -9999 -9999 -9999 -9999 -9999 -9999 -9999 -9999 -9999 -9999 -9999 -9999 -9999 -9999 -9999 -9999 -9999 -9999 -9999 -9999 -9999 -9999 -9999 -9999 -9999 -9999 -9999 -9999 -9999 -9999 -9999 -9999 -9999 -9999 -9999 -9999 -9999 -9999
526 528 529 533 517 531 541 542 540 521 518 516 509 507 499 499 498 494 486 484 481 481 474 469 467 478 485 491 487 474 461 455 454 -9999 -9999 -9999 -9999 -9999 -9999 -9999 -9999 -9999 -9999 -9999 -9999 -9999 -9999 -9999 -9999 -9999 -9999 -9999 -9999 -9999 -9999 -9999 -9999 -9999 -9999 -9999 -9999 -9999 -9999 -9999 -9999 -9999 -9999 -9999 -9999 -9999 -9999 -9999 -9999 -9999 -9999 -9999 -9999 -9999 -9999
