Electronic Materials (Flash Drives)/data/NZclimate/LGM/CCSM4_LGM/bio14nz.asc
ncols         384
nrows         384
xllcorner     164
yllcorner     -49
cellsize      0.041666666666667
NODATA_value  -9999
[rows 296 to 332 of 384, columns 83 to 165 of 384]
129 108 93 84 78 74 71 67 66 64 68 65 69 68 76 66 72 71 65 87 103 83 71 69 67 57 55 54 56 44 50 79 71 54 69 84 88 77 76 72 82 79 68 39 30 33 43 40 44 42 42 44 46 49 50 55 53 38 27 27 28 44 55 61 60 42 25 26 31 35 32 33 34 34 33 30 32 36 36 33 31 31 27
125 117 131 117 88 72 69 66 66 65 64 72 70 73 69 69 74 65 90 84 93 90 68 59 70 58 50 48 46 45 54 77 60 66 76 86 85 74 64 64 71 82 65 39 29 37 44 47 46 47 46 46 47 52 57 55 48 36 34 33 39 57 64 62 40 26 26 31 34 33 34 35 35 36 37 32 30 32 35 33 31 31 30
127 116 101 97 80 70 68 67 66 64 65 71 69 68 63 63 65 88 85 89 96 78 79 58 65 59 52 51 51 45 48 59 71 77 81 80 69 69 56 55 66 72 67 43 30 30 37 50 49 48 48 47 48 52 52 47 38 34 35 43 54 61 64 39 26 26 29 35 34 34 37 37 39 38 38 37 32 30 31 32 31 28 28
94 87 82 77 75 70 69 67 67 65 65 66 64 63 63 62 68 77 70 80 80 64 64 62 54 51 51 48 50 46 53 53 63 74 79 74 65 59 48 46 61 61 63 40 29 31 38 48 51 52 51 50 49 48 45 40 36 39 48 54 60 63 44 26 26 29 34 35 35 36 39 43 41 40 38 37 33 30 30 30 30 29 29
89 85 80 76 73 70 69 67 67 65 66 64 64 66 67 62 63 61 67 63 60 60 59 55 54 51 50 50 51 49 50 55 59 66 62 64 62 50 45 52 56 56 56 39 30 34 38 39 43 51 52 49 47 49 43 43 49 54 52 51 56 56 28 26 27 29 33 35 36 38 43 45 43 42 41 39 36 31 32 30 29 29 29
111 84 79 75 73 70 69 70 68 67 66 65 67 68 65 62 60 64 68 58 61 57 54 54 54 55 55 51 50 54 61 57 60 56 49 49 48 44 57 68 59 52 57 54 34 36 37 39 42 45 49 46 46 53 50 52 54 53 51 51 52 40 29 28 28 31 33 35 38 43 45 44 45 44 45 41 37 32 31 29 29 29 29
128 97 80 80 76 71 71 71 73 76 81 77 79 84 65 63 60 60 64 58 57 55 55 54 55 68 61 55 52 60 55 56 54 51 47 46 44 52 63 64 57 51 58 56 37 35 38 37 41 51 52 51 53 58 57 55 58 57 49 40 35 32 32 32 32 33 35 38 41 44 47 46 47 46 40 37 34 34 34 30 30 30 30
114 116 91 81 81 72 72 82 100 104 102 94 73 75 65 62 61 60 59 57 57 55 55 55 59 59 61 58 53 58 54 53 53 49 48 46 51 55 59 57 47 45 50 43 41 39 39 40 40 45 54 57 61 62 58 62 62 56 45 41 39 39 38 38 38 37 38 40 44 47 47 50 51 48 46 41 37 32 32 31 31 31 30
111 127 96 77 75 74 76 99 105 106 93 79 71 74 67 62 61 60 59 58 58 57 56 57 60 58 58 57 53 55 55 52 50 49 48 54 52 60 55 50 49 50 50 45 44 43 43 43 42 42 45 53 63 63 63 64 61 53 43 43 40 39 41 40 40 40 41 43 45 48 51 53 55 54 49 48 42 28 32 32 32 31 31
98 96 84 77 79 76 79 95 105 108 97 79 72 69 66 63 61 59 61 62 62 58 57 56 58 57 55 56 53 52 51 50 50 49 49 52 57 61 55 52 49 50 50 48 47 46 48 45 45 44 45 51 57 61 64 64 60 50 50 48 46 45 46 47 47 45 45 45 49 51 55 55 58 59 44 39 38 33 33 32 32 32 32
95 85 82 79 78 76 81 100 104 93 91 74 77 73 72 67 61 59 60 64 63 59 57 55 56 56 55 53 52 50 49 49 50 56 52 54 54 60 57 51 47 48 49 48 48 48 48 47 49 46 48 47 54 54 59 61 60 53 51 48 46 45 45 47 48 48 48 49 50 53 58 61 60 64 52 58 46 40 40 34 33 32 31
89 86 85 80 78 76 76 80 84 80 76 74 76 75 73 64 61 61 61 60 63 59 58 57 56 54 54 53 51 49 48 47 49 50 55 53 53 55 52 51 50 51 50 50 50 50 49 49 49 48 45 47 53 54 53 53 51 49 49 49 50 49 50 50 49 48 49 49 52 57 61 63 61 66 65 51 38 40 38 35 34 31 31
91 98 88 85 79 77 76 76 77 77 78 76 75 76 71 64 62 67 69 60 59 57 60 62 59 55 54 53 51 48 47 46 45 46 51 48 50 55 50 51 50 49 49 50 50 50 55 53 50 47 45 44 45 50 54 53 51 51 51 51 52 53 54 58 54 39 38 42 41 41 49 65 65 50 57 46 45 40 43 35 35 32 31
103 90 88 82 79 77 76 76 74 74 75 71 69 71 71 64 62 67 69 59 58 57 62 67 65 62 55 53 52 49 47 45 44 45 48 48 48 49 48 49 48 49 50 51 51 55 62 55 48 47 47 43 40 41 45 51 52 51 53 55 54 56 57 58 44 29 31 35 41 49 45 50 49 40 45 55 47 46 40 34 34 32 32
91 89 86 82 81 78 77 76 74 73 71 70 70 69 67 64 63 67 70 62 58 58 65 70 69 70 68 56 51 49 49 47 46 45 48 47 48 47 49 49 50 50 50 52 58 66 58 52 46 45 44 40 38 41 41 42 44 50 57 58 56 48 44 37 34 32 40 47 45 48 42 44 34 39 38 38 38 37 35 34 33 33 32
90 87 85 82 81 78 77 76 74 73 77 70 70 67 66 63 62 63 65 65 58 57 65 71 68 72 73 71 69 64 58 51 48 47 48 49 50 48 50 50 51 52 50 53 60 54 54 47 42 40 39 37 43 45 39 38 40 54 57 56 54 47 41 37 36 39 44 42 32 39 39 39 37 38 37 37 37 36 34 33 33 33 33
92 89 88 85 83 79 78 77 75 74 76 73 70 67 66 63 62 59 59 58 57 57 60 66 74 75 75 73 71 69 65 62 62 58 50 50 51 50 51 52 52 52 50 54 53 50 46 42 39 36 35 39 41 39 39 39 45 49 50 50 47 42 40 41 45 41 41 31 35 35 38 39 39 39 38 37 37 37 36 35 34 34 33
92 90 88 86 83 80 78 76 75 73 74 70 69 67 66 63 61 59 58 57 56 56 57 59 64 64 75 75 75 73 71 69 64 65 56 51 52 52 53 52 55 54 52 52 50 46 43 40 37 35 33 35 35 38 42 47 40 41 44 41 41 42 48 49 50 42 39 39 39 38 38 38 38 38 37 37 37 37 37 36 36 35 34
93 90 87 86 83 80 79 78 78 79 76 72 70 67 66 63 61 59 58 56 56 56 59 58 59 63 74 77 77 76 74 67 61 57 56 53 56 56 54 53 54 53 52 52 49 46 43 38 36 33 32 33 34 38 42 43 38 36 37 38 39 43 54 52 44 41 39 40 39 39 39 38 38 38 38 38 37 37 38 39 37 35 34
93 90 87 86 83 80 80 81 86 86 81 74 70 67 66 65 63 60 59 56 55 55 58 58 58 59 65 66 76 75 65 62 63 58 56 56 60 62 57 56 56 57 56 53 50 47 45 39 35 32 32 32 33 36 40 41 37 36 36 39 40 48 53 49 46 43 36 40 40 40 39 39 39 39 39 38 38 38 38 39 37 35 32
93 91 89 86 84 83 83 86 92 86 76 75 75 69 67 66 65 63 61 59 58 57 59 62 60 60 64 62 63 62 63 64 63 58 59 61 61 62 61 59 58 58 59 61 57 50 45 41 36 34 34 33 33 33 38 36 35 36 39 45 41 42 42 44 42 34 38 38 40 40 40 39 39 39 39 38 38 35 34 33 34 -9999 -9999
93 91 89 86 85 84 84 81 86 90 78 71 71 68 66 66 65 64 63 60 59 58 59 60 59 59 61 63 63 63 64 63 60 60 68 68 65 68 67 65 63 62 61 60 61 58 53 45 41 37 36 36 36 36 35 36 36 38 40 42 42 42 41 37 38 38 39 40 41 40 40 39 39 39 37 36 35 34 -9999 -9999 -9999 -9999 -9999
94 92 90 87 86 86 85 81 87 87 77 71 69 68 67 66 66 66 65 62 61 60 60 59 60 61 62 62 63 62 63 60 60 60 65 69 67 66 71 71 69 69 64 63 64 61 62 63 61 53 42 39 38 37 36 36 37 39 42 41 41 39 36 37 39 39 40 41 40 40 40 39 38 36 34 -9999 -9999 -9999 -9999 -9999 -9999 -9999 -9999
94 92 90 88 86 86 84 81 79 81 76 70 68 66 66 65 66 67 66 63 62 61 60 60 61 61 62 62 63 63 62 59 60 60 65 67 72 72 73 75 76 71 66 67 69 67 65 66 63 58 54 50 42 40 38 39 40 41 42 41 38 38 38 40 40 41 41 41 41 41 40 38 36 -9999 -9999 -9999 -9999 -9999 -9999 -9999 -9999 -9999 -9999
95 93 91 89 87 85 84 81 79 76 73 71 70 67 67 67 68 68 67 65 64 62 61 60 61 61 62 62 63 63 62 60 61 63 66 67 72 75 80 73 72 70 71 71 69 67 69 63 57 59 60 55 52 47 43 41 41 39 40 38 40 40 40 41 41 41 42 41 41 42 40 37 -9999 -9999 -9999 -9999 -9999 -9999 -9999 -9999 -9999 -9999 -9999
95 93 91 89 87 84 82 81 79 76 74 71 70 69 68 67 67 69 68 66 65 63 61 60 61 61 62 62 63 63 63 61 66 69 70 73 73 74 75 76 75 75 73 74 74 71 68 67 64 57 59 55 53 50 49 46 42 43 43 42 42 42 42 42 42 42 42 42 42 42 40 -9999 -9999 -9999 -9999 -9999 -9999 -9999 -9999 -9999 -9999 -9999 -9999
95 93 92 89 87 85 83 80 79 77 74 72 71 69 69 69 69 67 69 68 67 64 63 61 62 62 63 63 64 63 64 64 67 70 74 77 80 77 78 78 77 79 75 76 78 73 74 68 66 63 59 55 53 52 52 49 47 45 44 44 43 43 43 42 42 42 42 42 41 40 38 -9999 -9999 -9999 -9999 -9999 -9999 -9999 -9999 -9999 -9999 -9999 -9999
95 93 92 89 87 85 83 80 79 77 75 73 72 70 70 70 70 67 69 68 67 64 63 62 62 62 63 63 64 64 64 66 69 71 75 77 81 81 82 80 80 79 77 74 75 72 71 71 66 64 60 59 56 54 52 50 48 46 45 45 44 43 43 42 42 42 42 41 40 -9999 -9999 -9999 -9999 -9999 -9999 -9999 -9999 -9999 -9999 -9999 -9999 -9999 -9999
96 93 91 90 88 86 84 82 80 78 76 74 73 72 72 71 70 67 72 68 67 65 65 64 64 63 63 64 65 64 66 66 69 71 74 76 80 80 81 80 79 78 79 79 76 70 66 65 65 66 62 61 62 57 53 51 49 46 46 44 44 43 43 43 43 43 43 40 -9999 -9999 -9999 -9999 -9999 -9999 -9999 -9999 -9999 -9999 -9999 -9999 -9999 -9999 -9999
96 93 91 90 88 86 85 82 80 79 77 75 74 73 73 71 70 67 71 68 67 65 65 64 64 63 64 64 65 65 67 67 70 73 76 77 81 83 84 82 78 80 79 76 75 73 71 66 63 64 62 62 57 54 53 50 49 47 46 45 45 45 44 44 44 44 43 -9999 -9999 -9999 -9999 -9999 -9999 -9999 -9999 -9999 -9999 -9999 -9999 -9999 -9999 -9999 -9999
96 94 92 90 88 86 85 83 82 79 78 77 76 75 74 72 70 68 67 69 67 68 65 64 65 64 65 64 65 65 65 64 71 73 75 79 82 83 84 83 78 79 79 75 73 70 69 65 64 61 60 58 56 54 52 51 49 48 47 47 46 46 45 45 45 44 42 -9999 -9999 -9999 -9999 -9999 -9999 -9999 -9999 -9999 -9999 -9999 -9999 -9999 -9999 -9999 -9999
96 94 92 90 88 87 85 84 82 80 79 78 77 75 74 72 70 68 67 65 65 63 63 63 65 65 66 65 66 66 66 66 72 72 74 76 79 77 80 78 76 77 75 72 72 72 66 64 62 61 59 57 56 54 53 52 50 49 48 48 47 46 46 45 45 42 -9999 -9999 -9999 -9999 -9999 -9999 -9999 -9999 -9999 -9999 -9999 -9999 -9999 -9999 -9999 -9999 -9999
97 94 93 91 90 88 87 88 86 84 82 80 78 76 74 72 71 68 67 65 65 64 64 64 65 65 66 66 67 67 68 68 69 69 71 72 73 77 75 75 75 72 71 69 68 66 64 63 61 60 59 58 56 55 54 52 51 50 50 48 48 46 45 44 -9999 -9999 -9999 -9999 -9999 -9999 -9999 -9999 -9999 -9999 -9999 -9999 -9999 -9999 -9999 -9999 -9999 -9999 -9999
96 94 93 92 90 89 89 90 95 94 98 89 81 76 75 73 72 70 68 66 65 64 65 65 66 67 67 67 67 67 68 69 70 70 71 72 73 72 73 72 71 71 70 67 67 65 64 63 62 61 60 58 57 55 55 53 52 50 50 48 45 -9999 -9999 -9999 -9999 -9999 -9999 -9999 -9999 -9999 -9999 -9999 -9999 -9999 -9999 -9999 -9999 -9999 -9999 -9999 -9999 -9999 -9999
96 95 95 95 93 90 92 88 89 86 91 93 84 78 75 73 72 70 69 67 66 66 66 66 67 68 68 68 69 68 69 69 70 70 71 70 71 71 71 70 70 69 68 67 66 65 64 63 63 61 60 58 58 56 55 53 52 50 47 -9999 -9999 -9999 -9999 -9999 -9999 -9999 -9999 -9999 -9999 -9999 -9999 -9999 -9999 -9999 -9999 -9999 -9999 -9999 -9999 -9999 -9999 -9999 -9999
96 96 95 93 91 90 92 89 87 85 84 86 91 83 79 74 73 71 70 69 67 66 67 67 68 68 68 68 69 68 69 69 70 70 71 70 71 70 71 70 70 69 68 67 67 66 65 64 63 61 60 58 58 56 55 53 51 -9999 -9999 -9999 -9999 -9999 -9999 -9999 -9999 -9999 -9999 -9999 -9999 -9999 -9999 -9999 -9999 -9999 -9999 -9999 -9999 -9999 -9999 -9999 -9999 -9999 -9999
96 96 94 92 91 89 90 90 88 86 86 91 94 88 82 78 75 72 72 70 70 67 68 67 67 67 68 68 69 68 69 69 71 71 71 70 70 70 70 70 70 69 69 67 66 65 64 63 63 61 60 59 58 57 55 52 -9999 -9999 -9999 -9999 -9999 -9999 -9999 -9999 -9999 -9999 -9999 -9999 -9999 -9999 -9999 -9999 -9999 -9999 -9999 -9999 -9999 -9999 -9999 -9999 -9999 -9999 -9999
