Electronic Materials (Flash Drives)/data/NZclimate/LGM/CCSM4_LGM/bio13nz.asc
ncols         384
nrows         384
xllcorner     164
yllcorner     -49
cellsize      0.041666666666667
NODATA_value  -9999
[rows 108 to 143 of 384, columns 246 to 327 of 384]
128 131 133 135 136 134 135 137 139 139 139 150 153 167 169 164 153 145 144 137 134 131 130 136 125 122 125 122 123 126 112 113 116 123 140 266 298 292 255 204 180 174 175 172 167 165 161 152 144 142 145 147 148 146 143 136 125 -9999 -9999 -9999 -9999 -9999 -9999 -9999 -9999 -9999 -9999 -9999 -9999 152 166 141 -9999 -9999 -9999 -9999 -9999 -9999 -9999 -9999 -9999 -9999
130 132 134 135 136 134 135 137 140 142 141 141 161 170 169 167 152 157 165 147 138 137 142 133 125 123 121 121 138 132 111 111 113 123 138 175 217 300 250 187 172 169 169 167 168 160 158 152 149 149 149 153 154 153 151 147 136 121 -9999 -9999 -9999 -9999 -9999 -9999 -9999 -9999 -9999 -9999 -9999 -9999 -9999 -9999 -9999 -9999 -9999 -9999 -9999 -9999 -9999 -9999 -9999 -9999
130 132 133 135 137 136 138 139 141 142 142 142 163 161 167 165 163 173 177 157 152 154 143 132 127 124 121 120 121 119 113 111 112 124 136 150 164 217 246 190 171 166 164 163 160 157 151 149 148 147 150 159 167 156 154 148 139 130 123 -9999 -9999 -9999 -9999 -9999 -9999 -9999 121 125 127 124 119 -9999 -9999 -9999 -9999 -9999 -9999 -9999 -9999 -9999 129 132
133 134 135 138 139 139 139 140 141 141 142 144 144 161 160 163 171 171 168 171 168 156 138 134 129 125 122 121 118 118 117 114 116 123 132 145 157 193 268 213 181 169 163 157 154 150 149 150 149 150 151 161 164 154 152 148 141 136 133 128 124 123 118 -9999 119 125 127 129 129 126 122 -9999 -9999 -9999 -9999 126 130 131 134 137 139 142
134 137 138 139 143 143 141 141 141 141 143 144 145 165 161 162 169 167 175 182 167 147 140 135 130 126 123 121 119 119 126 121 125 128 132 141 148 156 250 251 216 196 176 162 154 152 145 147 152 155 152 152 152 151 150 149 144 137 134 132 131 129 128 128 129 129 129 128 126 124 122 117 117 128 132 134 136 137 139 141 144 146
135 138 139 139 140 140 140 141 142 143 144 145 146 163 162 168 161 162 178 187 156 144 140 136 131 126 123 122 120 135 130 127 128 131 135 139 143 149 172 253 243 222 205 185 156 153 157 164 171 154 154 153 150 150 147 146 143 140 137 136 135 134 133 132 130 129 129 127 126 126 126 127 129 132 134 135 137 139 141 143 146 148
136 138 140 139 136 133 135 137 140 142 143 145 146 144 169 159 153 163 198 188 152 145 140 137 131 127 123 122 122 130 145 145 134 135 138 136 138 144 150 243 246 231 206 165 166 171 203 213 192 155 152 150 148 149 145 137 141 140 138 137 136 136 134 132 131 130 130 129 129 130 133 134 135 134 135 137 139 141 143 146 148 162
133 132 132 131 130 130 131 133 137 139 142 147 155 168 161 163 159 163 184 187 162 146 142 139 133 128 124 123 123 133 158 160 175 148 142 137 136 140 151 229 245 205 198 192 192 204 228 243 200 177 161 151 146 144 145 144 143 137 133 131 131 131 131 131 132 132 130 130 131 133 134 135 135 136 137 138 139 142 144 146 160 175
125 121 120 122 123 125 129 131 134 137 142 152 229 240 188 181 189 200 168 187 184 149 144 142 136 130 125 125 124 124 139 150 166 172 146 134 136 138 143 186 237 206 199 205 212 221 228 225 216 195 172 155 149 151 152 155 147 143 142 136 130 129 130 132 133 137 137 134 134 135 136 136 138 138 138 139 142 143 145 151 162 193
125 121 121 122 124 126 129 131 134 136 140 147 186 199 192 211 223 249 188 186 172 153 147 143 139 133 128 126 125 125 124 131 146 144 137 134 136 140 142 163 222 222 214 218 221 225 231 230 225 202 173 168 167 168 167 164 163 155 164 171 137 133 132 132 133 135 139 138 138 137 137 137 138 138 139 140 141 142 148 169 172 201
134 131 129 129 132 133 135 136 137 137 139 142 172 175 175 200 207 233 220 229 201 168 150 147 140 136 134 131 127 128 137 128 133 139 140 140 136 139 143 165 222 217 221 224 232 228 224 220 211 195 183 186 186 178 184 177 170 172 197 156 137 135 133 133 137 140 145 142 143 141 140 139 139 138 137 137 138 149 165 181 194 255
143 143 143 142 142 142 144 144 145 146 146 146 183 172 162 183 224 251 253 279 285 240 158 149 145 140 136 133 128 130 152 144 147 138 143 149 140 139 147 164 196 222 225 226 226 221 217 211 205 203 195 204 204 203 215 214 212 225 213 153 143 140 138 138 141 147 160 149 148 147 149 145 142 144 144 145 154 167 175 200 222 252
150 147 140 139 144 146 147 147 148 150 152 151 163 172 173 204 227 219 249 283 275 243 171 151 146 143 139 135 133 156 174 226 190 144 145 154 145 144 150 162 181 206 218 220 217 214 203 200 200 199 195 200 210 226 228 232 233 224 172 152 148 148 144 153 153 153 172 158 155 152 151 151 144 145 150 155 155 193 209 200 218 218
147 140 135 136 142 148 150 148 149 151 154 154 168 172 166 168 180 207 246 257 241 189 158 159 155 145 138 137 137 148 170 178 159 145 145 148 150 152 156 164 183 201 207 211 208 193 177 170 171 174 188 206 214 224 231 229 225 183 161 161 154 150 160 165 158 157 165 169 170 161 161 168 149 148 152 184 189 193 240 211 227 231
144 141 139 139 142 150 156 151 150 152 169 209 167 165 167 175 179 217 242 237 212 185 166 158 149 147 145 136 135 143 151 151 149 150 150 154 156 158 158 162 171 191 201 205 202 179 193 163 160 163 194 214 214 231 220 217 216 174 160 172 162 154 171 159 159 161 168 171 171 166 170 196 164 174 182 171 194 226 221 226 224 237
146 146 147 146 146 150 153 151 150 152 185 189 193 177 190 224 210 241 249 223 196 192 168 155 152 153 149 141 145 149 146 151 154 150 158 158 159 158 157 162 165 169 191 203 206 183 170 154 155 170 191 180 209 235 193 170 159 156 165 175 175 162 180 163 159 161 170 172 168 170 177 209 179 196 198 179 186 208 241 240 236 240
148 149 155 158 155 150 148 148 150 151 166 186 209 241 220 243 231 261 265 232 218 207 162 154 150 150 145 153 151 153 151 157 162 164 158 163 161 161 158 161 169 178 190 205 210 194 174 160 158 185 177 162 165 180 187 175 167 166 182 182 171 158 173 178 172 164 173 173 171 194 190 233 185 187 200 192 195 192 215 237 236 236
148 149 153 159 158 154 151 151 153 153 150 207 228 243 250 257 255 270 259 229 203 175 160 151 150 149 163 155 161 169 172 167 182 174 160 167 167 164 157 157 159 171 183 193 183 180 156 151 157 164 176 160 155 193 231 194 177 176 184 177 162 149 159 192 207 174 184 200 178 206 194 219 195 183 224 227 235 226 229 238 227 252
148 148 149 153 156 155 155 155 155 153 148 221 200 215 232 244 248 249 249 214 191 171 163 165 163 183 164 160 177 188 186 184 185 169 155 162 167 168 157 156 159 163 169 172 157 156 141 142 153 173 167 152 148 156 171 171 171 172 171 161 150 145 171 195 204 188 174 193 173 208 209 236 200 187 194 221 232 250 225 226 240 254
149 150 151 151 151 151 154 154 153 151 169 204 247 255 258 254 253 253 245 220 193 174 179 179 184 195 164 181 215 211 208 198 178 164 150 152 158 157 151 154 164 149 141 144 142 137 133 131 136 147 155 145 144 151 154 157 156 160 157 146 135 143 184 196 201 168 162 175 180 185 195 245 225 188 211 217 246 244 224 232 254 272
152 153 153 150 150 150 152 153 153 170 240 211 263 274 262 258 255 256 243 218 181 188 180 190 190 185 175 201 239 247 233 207 175 157 150 148 142 136 144 169 160 135 130 129 140 135 126 137 145 143 132 132 143 151 154 150 151 150 145 131 126 131 206 203 193 168 164 185 192 202 213 257 215 206 207 249 238 237 217 241 210 225
151 152 151 150 150 152 153 154 154 193 250 247 283 277 263 259 253 250 235 217 200 189 189 182 179 177 183 198 216 224 233 205 176 159 148 141 135 143 166 165 132 130 127 126 129 128 133 156 156 123 120 125 138 145 150 149 145 143 130 122 120 126 195 207 185 169 164 191 191 199 245 246 211 217 243 254 240 223 231 207 176 152
150 150 150 150 152 153 154 155 157 211 242 268 285 276 264 257 246 239 222 196 195 188 186 184 181 177 191 190 197 199 206 202 187 168 150 140 136 135 144 135 129 128 152 136 135 126 140 144 126 117 116 122 138 145 150 147 138 131 124 122 125 188 179 197 165 178 171 203 189 213 246 226 220 223 205 226 229 230 247 210 181 167
149 149 151 151 152 154 155 155 158 203 223 260 290 267 259 251 233 225 199 196 194 185 180 177 176 176 179 178 182 187 199 197 193 178 157 149 145 145 159 150 141 137 163 157 150 121 125 127 117 112 113 120 131 143 146 141 133 130 124 125 145 222 181 202 181 178 186 198 217 214 256 254 238 239 219 227 224 247 242 232 205 151
149 149 151 152 152 154 155 155 157 206 248 275 299 259 249 229 224 215 191 193 185 191 192 186 184 174 170 190 180 182 193 199 213 211 212 169 149 151 155 156 144 145 158 149 133 124 115 113 115 111 112 122 134 141 137 132 134 130 137 137 154 187 191 188 177 172 210 206 206 218 274 280 273 252 245 244 216 229 189 173 146 138
150 151 151 151 151 152 153 154 156 201 245 261 284 250 211 192 191 188 180 182 177 176 185 187 181 174 178 170 166 187 192 203 248 245 192 164 153 154 168 174 155 154 148 144 131 119 117 114 112 110 117 136 150 141 130 128 130 134 149 151 151 190 214 210 202 180 209 217 210 255 266 260 252 239 208 217 197 207 211 173 147 135
152 152 151 151 151 152 152 152 166 212 224 241 207 205 204 176 175 181 175 176 191 171 174 186 178 161 148 151 160 171 180 220 252 229 188 160 153 157 161 156 160 156 142 130 121 117 113 112 109 112 133 149 153 141 133 134 133 156 150 147 148 185 188 202 183 191 230 246 267 287 264 239 235 236 230 198 192 183 164 167 171 164
152 151 150 150 151 151 151 152 163 190 206 219 227 251 242 178 192 182 197 202 195 188 189 194 168 150 150 157 168 170 212 259 261 219 182 165 150 147 143 139 134 148 143 127 117 121 113 112 116 135 143 150 148 144 142 143 151 164 151 145 170 189 203 194 184 204 247 258 287 274 247 238 233 191 202 218 178 180 173 167 157 154
151 149 148 149 151 150 150 150 163 184 179 180 201 195 219 198 217 215 212 185 190 180 177 167 159 157 159 175 181 205 226 243 200 177 164 159 140 130 126 126 135 131 129 115 119 146 123 122 132 152 151 147 146 149 151 158 171 166 152 177 212 217 220 201 232 255 258 232 270 269 269 247 229 195 181 210 207 182 174 168 156 149
150 149 148 151 151 150 150 151 165 179 193 206 218 223 207 218 224 211 198 179 174 171 164 164 154 152 147 170 216 244 266 226 202 182 168 148 128 126 124 123 119 119 118 113 122 134 138 137 152 153 150 147 149 155 164 175 190 172 167 209 208 204 190 210 247 245 230 215 232 246 235 233 225 190 168 175 180 171 154 159 154 173
151 151 151 151 150 150 150 151 178 193 192 200 222 247 254 247 231 197 188 169 166 164 176 157 159 159 151 171 236 252 241 255 238 202 164 139 128 128 125 123 121 119 115 114 120 128 145 155 155 151 153 153 156 162 178 186 200 181 194 217 200 221 199 231 215 217 203 206 202 215 230 202 171 173 167 162 162 166 156 161 182 175
150 151 152 151 151 151 152 162 173 184 191 215 241 258 258 242 217 194 176 180 198 193 180 153 155 145 140 167 166 180 218 264 259 217 167 155 152 141 126 125 123 120 117 123 123 131 149 160 160 155 157 160 161 171 185 193 207 204 216 232 235 232 175 213 203 216 224 233 206 176 180 174 167 165 166 168 165 160 157 181 203 174
149 150 151 152 153 153 164 188 177 183 193 207 229 257 259 255 231 180 180 190 192 183 189 153 147 145 136 137 142 164 213 257 239 193 148 141 138 132 129 127 125 122 125 134 131 135 147 159 167 163 159 161 166 178 182 209 215 218 235 223 216 214 203 169 207 203 201 193 186 175 161 170 172 169 161 160 164 159 158 187 185 163
150 151 153 154 155 171 193 196 199 201 195 198 219 246 250 246 215 187 173 177 187 166 179 154 144 141 133 131 136 167 208 215 200 174 171 153 137 134 132 130 130 143 154 145 143 141 146 162 166 168 161 169 168 183 178 211 206 216 213 238 215 177 198 201 160 161 164 169 170 167 173 161 145 164 162 161 156 154 158 160 157 172
153 154 154 156 171 180 194 193 211 232 230 243 234 244 242 238 203 189 168 172 173 159 156 145 143 144 139 134 137 171 180 206 193 186 212 170 140 139 138 141 141 155 158 159 142 148 157 174 169 169 166 166 179 184 180 207 197 222 242 217 200 177 211 169 168 172 158 151 151 151 154 142 141 147 154 157 157 160 159 162 160 172
171 173 174 172 178 195 200 199 228 230 230 234 220 219 227 215 206 187 169 174 168 166 171 163 164 153 159 149 165 166 184 203 201 203 285 246 157 149 152 150 150 149 155 163 159 170 197 210 167 173 183 180 184 185 178 182 184 189 222 201 175 178 197 166 173 168 160 170 162 157 155 152 155 151 151 145 152 154 156 162 157 162
