Electronic Materials (Flash Drives)/data/NZclimate/LGM/CCSM4_LGM/bio14nz.asc
ncols         384
nrows         384
xllcorner     164
yllcorner     -49
cellsize      0.041666666666667
NODATA_value  -9999
[rows 148 to 184 of 384, columns 249 to 331 of 384]
108 109 107 104 106 107 107 105 102 102 103 93 95 90 92 93 93 92 91 92 92 84 86 98 106 110 116 126 140 155 151 141 129 118 126 137 149 154 142 136 141 147 135 127 136 149 139 122 111 103 98 97 101 98 96 115 124 98 84 83 78 79 71 69 66 63 63 64 65 66 66 68 68 68 68 68 68 67 65 63 63 62 62
110 106 106 106 104 103 104 110 114 101 91 91 89 91 88 93 91 95 93 88 88 91 88 96 102 145 135 152 174 167 145 131 123 119 126 139 150 149 130 142 135 141 129 138 131 135 140 134 137 111 98 101 104 102 113 103 95 84 81 76 75 83 80 76 59 60 60 62 62 64 64 65 65 65 65 65 65 65 64 63 62 61 61
107 108 105 98 97 102 100 103 105 100 88 89 85 87 84 86 83 87 89 82 82 87 90 93 98 111 137 182 239 196 155 132 121 126 142 153 151 136 118 124 132 143 115 132 142 136 125 149 143 116 99 98 97 98 93 91 87 77 84 87 76 71 67 66 55 58 59 59 60 61 62 62 62 63 63 64 64 63 62 61 61 60 59
102 101 100 95 102 96 96 99 103 107 108 90 88 87 81 81 86 85 83 79 79 80 86 90 95 106 126 164 204 171 139 120 116 130 143 134 126 127 132 110 116 108 103 122 126 111 121 139 115 107 100 95 95 91 82 82 79 71 70 76 66 63 59 55 54 56 56 56 57 59 60 60 60 60 62 63 63 61 60 60 60 59 59
97 94 94 94 100 104 116 117 111 110 109 117 100 92 84 79 82 78 73 76 78 79 81 84 87 93 103 117 126 120 110 101 104 111 111 119 125 122 115 95 100 101 100 115 117 102 107 103 98 89 93 81 81 79 75 72 69 62 62 64 54 53 51 49 52 53 53 54 55 57 57 59 59 60 61 61 61 59 58 57 58 58 58
95 89 88 92 102 105 114 116 103 102 104 108 105 92 84 79 77 77 81 86 84 78 76 74 74 75 76 81 86 80 81 82 82 84 92 106 131 112 107 97 99 93 96 98 107 103 91 92 92 92 83 74 71 67 69 65 64 63 58 54 50 48 49 48 51 51 52 52 54 56 56 57 58 58 58 58 58 58 57 56 57 57 57
92 89 82 88 91 91 97 94 92 93 92 94 91 84 81 73 80 81 81 83 75 75 72 70 69 68 67 66 66 65 65 70 78 73 75 106 98 67 80 75 79 92 97 93 86 87 88 88 89 86 71 64 59 59 58 59 55 61 51 44 44 45 46 48 48 50 51 52 52 53 54 55 56 56 56 57 57 57 55 55 55 55 56
84 84 80 83 84 88 89 88 82 88 87 85 88 92 89 77 74 82 81 82 76 75 71 72 70 66 62 61 61 60 60 63 75 85 71 61 57 59 75 66 73 89 94 89 82 87 82 77 79 75 67 60 58 58 56 52 52 51 46 41 42 43 43 45 46 48 50 52 53 53 52 54 54 54 55 57 57 57 56 54 54 54 54
78 80 86 80 79 80 77 85 82 80 83 92 83 81 90 83 74 74 73 76 71 70 67 67 67 64 62 61 60 60 63 61 70 83 78 64 54 65 68 63 69 76 88 108 76 85 82 71 69 63 62 58 56 53 51 47 46 43 43 41 40 40 42 43 45 47 49 51 52 52 52 52 52 52 53 54 55 55 54 53 53 53 52
78 81 88 84 73 84 76 85 91 80 74 76 74 84 92 83 69 67 71 73 70 66 67 69 66 63 61 59 58 57 58 58 68 67 58 52 53 56 61 60 67 94 102 92 92 112 98 79 67 53 52 50 50 49 47 44 42 41 40 40 39 40 41 43 44 45 49 51 52 52 52 53 52 51 51 51 52 52 52 52 52 52 51
70 75 79 77 74 75 78 83 86 81 74 71 79 80 83 78 77 70 67 67 71 66 65 64 63 61 61 60 59 57 57 56 55 54 53 50 52 55 58 61 71 104 111 93 102 115 87 67 62 60 63 50 46 45 45 42 40 39 39 39 39 40 41 43 43 46 48 50 50 50 50 50 50 51 51 50 50 50 51 51 51 50 47
65 70 74 78 70 71 82 76 72 71 71 68 68 71 75 72 69 75 68 66 70 70 63 63 64 61 62 62 59 59 58 57 56 54 53 53 51 53 57 62 67 100 103 112 113 111 75 72 66 63 59 52 46 44 41 40 39 39 39 39 40 42 44 51 50 46 48 49 48 47 47 47 48 49 49 50 50 50 50 50 50 47 -9999
62 64 65 67 69 71 74 70 64 66 68 64 69 73 73 72 69 65 64 69 71 69 63 62 62 61 63 60 60 59 58 57 58 56 53 52 53 52 58 61 81 77 98 116 97 85 75 78 70 72 67 59 47 50 43 40 37 37 38 40 43 44 45 51 51 46 47 46 46 46 46 47 46 46 46 47 48 47 45 -9999 -9999 -9999 -9999
57 59 58 61 60 63 65 64 62 68 61 65 70 79 77 68 66 66 61 65 68 64 62 65 62 61 62 60 62 61 58 59 59 60 57 54 54 56 63 71 111 103 106 105 81 75 87 77 72 70 66 64 53 55 42 44 40 42 44 54 46 49 50 49 45 44 45 46 46 45 46 46 45 45 45 45 -9999 -9999 -9999 -9999 -9999 -9999 -9999
53 53 56 56 58 60 60 60 58 62 61 66 70 71 71 68 65 60 58 60 61 59 58 60 59 61 61 58 59 59 60 60 60 60 57 54 55 59 66 70 103 117 113 97 75 72 79 71 66 64 59 62 59 55 52 39 38 48 44 49 58 59 54 49 45 44 45 45 44 44 45 45 45 44 -9999 -9999 -9999 -9999 -9999 -9999 -9999 -9999 -9999
52 52 53 55 56 56 56 57 56 60 63 63 64 64 63 63 63 58 58 59 63 57 61 56 58 60 57 57 59 62 63 61 59 57 56 58 59 61 63 71 114 123 123 85 77 73 69 66 62 59 56 57 58 60 43 39 47 46 47 59 67 66 51 48 47 47 46 45 43 44 44 44 43 -9999 -9999 -9999 -9999 -9999 -9999 -9999 -9999 -9999 -9999
50 51 51 51 52 52 54 54 54 55 56 56 56 57 59 60 58 54 55 56 58 57 56 56 56 55 54 55 57 59 59 55 54 55 59 60 60 62 67 77 103 117 119 90 79 73 69 61 58 57 55 55 57 52 41 45 44 55 55 65 79 61 52 48 48 46 44 44 42 41 42 -9999 -9999 -9999 -9999 -9999 -9999 -9999 -9999 -9999 -9999 -9999 -9999
49 49 50 50 50 50 50 51 51 51 52 52 54 54 56 57 54 53 57 57 59 56 56 56 55 55 55 55 58 57 54 54 55 57 59 61 64 67 76 108 120 123 94 82 80 73 67 60 57 55 54 54 56 48 42 44 47 51 55 69 72 60 59 47 45 44 44 42 41 -9999 -9999 -9999 -9999 -9999 -9999 -9999 -9999 -9999 -9999 -9999 -9999 -9999 -9999
48 48 48 48 49 49 49 49 49 50 50 50 50 50 52 52 52 55 55 56 58 54 55 56 57 57 59 59 58 60 54 56 57 60 62 62 65 69 76 92 96 115 91 85 78 69 61 57 55 53 51 50 51 45 45 48 48 53 54 59 54 52 45 46 45 43 41 41 -9999 -9999 -9999 -9999 -9999 -9999 -9999 -9999 -9999 -9999 -9999 -9999 -9999 -9999 -9999
46 46 46 47 47 48 48 47 48 48 49 49 49 50 50 52 52 54 55 56 54 54 54 57 61 62 60 56 56 54 55 62 63 62 64 63 67 68 74 87 114 100 87 84 76 65 58 54 51 51 51 48 46 45 45 47 51 56 57 54 50 45 44 44 45 43 41 40 -9999 -9999 -9999 -9999 -9999 -9999 -9999 -9999 -9999 -9999 -9999 -9999 -9999 -9999 -9999
45 45 45 45 46 46 46 47 47 47 48 48 48 49 49 49 51 52 51 53 53 54 58 59 59 59 56 52 54 60 63 65 63 65 63 67 66 68 75 98 98 92 89 85 74 64 58 54 51 51 52 44 43 45 50 47 51 56 56 52 53 46 45 44 43 41 40 -9999 -9999 -9999 -9999 -9999 -9999 -9999 -9999 -9999 -9999 -9999 -9999 -9999 -9999 -9999 -9999
44 44 44 44 45 45 45 45 46 46 46 47 47 48 48 48 49 50 51 51 52 54 56 57 57 55 52 54 57 59 60 61 64 66 64 68 67 70 84 91 94 88 87 81 71 64 59 60 54 56 47 46 46 50 51 50 52 54 57 52 50 45 42 44 43 41 40 -9999 -9999 -9999 -9999 -9999 -9999 -9999 -9999 -9999 -9999 -9999 -9999 -9999 -9999 -9999 -9999
42 43 43 43 43 44 44 44 44 45 45 46 46 47 47 48 48 49 50 51 52 53 53 55 54 52 53 56 57 58 58 60 63 62 67 63 67 78 94 95 86 85 77 70 66 61 67 73 64 58 47 48 50 53 50 52 51 57 54 50 49 45 42 43 42 42 39 -9999 -9999 -9999 -9999 -9999 -9999 -9999 -9999 -9999 -9999 -9999 -9999 -9999 -9999 -9999 -9999
41 42 42 42 42 42 43 43 43 44 44 45 46 46 46 47 47 48 48 50 51 51 52 53 51 50 53 53 56 56 56 59 63 66 64 65 75 87 93 81 76 70 68 65 61 67 70 68 54 46 44 43 43 49 50 51 50 53 51 50 46 46 44 42 42 42 -9999 -9999 -9999 -9999 -9999 -9999 -9999 -9999 -9999 -9999 -9999 -9999 -9999 -9999 -9999 -9999 -9999
40 41 41 41 41 42 42 42 43 43 43 44 44 45 45 46 46 47 47 50 50 50 51 50 50 51 53 52 55 54 56 60 64 64 65 76 89 89 80 76 71 64 64 62 64 72 66 69 57 50 47 43 43 44 44 47 49 48 50 45 46 45 43 42 41 40 -9999 -9999 -9999 -9999 -9999 -9999 -9999 -9999 -9999 -9999 -9999 -9999 -9999 -9999 -9999 -9999 -9999
40 40 40 40 40 41 41 42 42 42 43 43 44 44 44 45 46 46 47 47 50 50 49 49 49 50 53 51 51 51 54 61 66 63 73 89 86 80 74 69 64 60 58 59 60 62 65 63 62 55 46 43 43 44 47 46 46 46 46 46 45 44 43 42 40 -9999 -9999 -9999 -9999 -9999 -9999 -9999 -9999 -9999 -9999 -9999 -9999 -9999 -9999 -9999 -9999 -9999 -9999
39 39 39 40 40 40 40 41 41 42 42 42 43 44 45 45 45 45 46 47 49 49 49 49 49 49 50 49 48 48 52 61 65 64 77 84 76 73 70 65 63 63 64 63 60 67 65 68 63 57 46 44 44 50 47 45 44 44 44 45 43 43 42 41 -9999 -9999 -9999 -9999 -9999 -9999 -9999 -9999 -9999 -9999 -9999 -9999 -9999 -9999 -9999 -9999 -9999 -9999 -9999
39 39 39 39 39 40 40 40 40 41 42 42 42 44 45 45 44 45 46 47 48 49 50 50 49 49 49 49 50 51 55 59 61 72 77 68 66 65 68 62 66 74 74 63 64 62 62 73 63 51 47 46 50 46 46 46 45 45 44 44 43 39 -9999 -9999 -9999 -9999 -9999 -9999 -9999 -9999 -9999 -9999 -9999 -9999 -9999 -9999 -9999 -9999 -9999 -9999 -9999 -9999 -9999
37 38 38 38 39 39 39 40 40 41 42 42 42 44 45 45 44 45 46 46 49 49 49 50 49 49 49 50 51 53 56 60 77 81 71 63 60 63 67 68 73 81 76 76 71 58 57 61 58 50 49 51 50 50 50 45 46 45 43 42 -9999 -9999 -9999 -9999 -9999 -9999 -9999 -9999 -9999 -9999 -9999 -9999 -9999 -9999 -9999 -9999 -9999 -9999 -9999 -9999 -9999 -9999 -9999
37 37 37 38 38 38 39 40 40 40 41 41 42 43 43 44 44 45 45 46 49 49 50 51 52 51 51 52 54 57 64 75 83 78 67 66 60 63 70 74 81 83 79 78 66 60 55 57 60 62 54 53 51 54 49 45 46 45 43 40 -9999 -9999 -9999 -9999 -9999 -9999 -9999 -9999 -9999 -9999 -9999 -9999 -9999 -9999 -9999 -9999 -9999 -9999 -9999 -9999 -9999 -9999 -9999
36 36 37 37 37 38 39 40 40 40 40 40 41 42 42 43 43 44 45 45 49 50 52 53 52 52 52 54 58 68 79 82 80 75 70 66 68 64 74 78 91 85 80 63 57 56 52 53 57 57 54 52 53 52 47 46 46 45 43 41 -9999 -9999 -9999 -9999 -9999 -9999 -9999 -9999 -9999 -9999 -9999 -9999 -9999 -9999 -9999 -9999 -9999 -9999 -9999 -9999 -9999 -9999 -9999
36 36 36 37 37 38 38 38 39 39 39 40 40 41 42 42 43 44 44 46 50 51 53 53 53 53 54 60 78 82 85 81 75 71 68 66 65 70 80 81 81 84 68 61 59 54 50 52 51 56 57 52 50 51 47 46 45 44 42 41 37 -9999 -9999 -9999 -9999 -9999 -9999 -9999 -9999 -9999 -9999 -9999 -9999 -9999 -9999 -9999 -9999 -9999 -9999 -9999 -9999 -9999 -9999
36 36 36 36 37 37 38 38 38 39 39 40 40 41 42 43 43 44 45 50 51 52 53 54 54 55 60 80 83 88 83 74 70 66 66 65 63 69 79 77 85 73 63 61 58 54 50 49 49 55 54 50 47 47 45 45 44 43 41 40 38 -9999 -9999 -9999 -9999 -9999 -9999 -9999 -9999 -9999 -9999 -9999 -9999 -9999 -9999 -9999 -9999 -9999 -9999 -9999 -9999 -9999 -9999
36 36 36 36 36 37 37 37 38 38 39 39 40 41 42 42 43 44 45 52 52 54 54 56 58 62 77 84 87 83 76 73 68 69 67 62 65 75 79 85 78 67 61 57 55 54 54 53 50 54 52 46 46 45 45 44 42 41 41 40 -9999 -9999 -9999 -9999 -9999 -9999 -9999 -9999 -9999 -9999 -9999 -9999 -9999 -9999 -9999 -9999 -9999 -9999 -9999 -9999 -9999 -9999 -9999
36 36 36 36 36 36 37 37 38 38 39 39 40 41 41 42 43 44 46 52 54 55 58 64 75 81 85 89 86 82 75 72 69 67 60 61 61 76 80 71 68 64 60 57 52 51 53 53 52 48 47 46 46 44 43 41 41 41 40 39 -9999 -9999 -9999 -9999 -9999 -9999 -9999 -9999 -9999 -9999 -9999 -9999 -9999 -9999 -9999 -9999 -9999 -9999 -9999 -9999 -9999 -9999 -9999
36 36 36 36 36 36 36 37 37 38 38 39 40 41 41 42 43 45 51 53 55 59 63 75 79 88 89 95 84 79 73 71 69 65 61 59 59 61 63 62 64 67 63 60 59 51 50 49 47 45 45 44 43 42 41 41 40 39 37 -9999 -9999 -9999 -9999 -9999 -9999 -9999 -9999 -9999 -9999 -9999 -9999 -9999 -9999 -9999 -9999 -9999 -9999 -9999 -9999 -9999 -9999 -9999 -9999
36 36 36 36 36 36 36 36 37 37 38 39 39 40 41 43 44 47 52 53 58 69 77 81 86 94 99 95 86 85 73 72 70 68 60 56 59 61 62 61 62 63 56 57 56 57 54 46 44 44 44 43 42 40 39 39 37 -9999 -9999 -9999 -9999 -9999 -9999 -9999 -9999 -9999 -9999 -9999 -9999 -9999 -9999 -9999 -9999 -9999 -9999 -9999 -9999 -9999 -9999 -9999 -9999 -9999 -9999
