Electronic Materials (Flash Drives)/data/NZclimate/LGM/CCSM4_LGM/bio14nz.asc
ncols         384
nrows         384
xllcorner     164
yllcorner     -49
cellsize      0.041666666666667
NODATA_value  -9999
[rows 259 to 295 of 384, columns 83 to 165 of 384]
-9999 -9999 -9999 -9999 -9999 -9999 -9999 -9999 -9999 -9999 -9999 -9999 -9999 -9999 -9999 -9999 -9999 -9999 -9999 -9999 -9999 -9999 -9999 -9999 -9999 -9999 -9999 -9999 -9999 313 311 307 305 302 301 297 296 294 295 294 295 297 293 268 261 276 267 248 236 250 229 202 198 197 191 185 187 176 176 170 159 164 153 139 109 127 116 143 141 118 90 106 95 50 47 56 82 104 126 108 107 78 58
-9999 -9999 -9999 -9999 -9999 -9999 -9999 -9999 -9999 -9999 -9999 -9999 -9999 -9999 -9999 -9999 -9999 -9999 -9999 -9999 -9999 -9999 -9999 -9999 -9999 -9999 -9999 -9999 -9999 -9999 301 298 295 292 290 287 286 284 284 281 284 275 254 267 249 229 221 214 209 210 206 198 196 186 186 178 176 175 164 167 149 164 144 116 87 92 110 124 130 103 100 56 49 45 45 56 101 107 116 113 79 49 50
-9999 -9999 -9999 -9999 -9999 -9999 -9999 -9999 -9999 -9999 -9999 -9999 -9999 -9999 -9999 -9999 -9999 -9999 -9999 -9999 -9999 -9999 -9999 -9999 -9999 -9999 -9999 -9999 -9999 -9999 291 288 284 280 278 274 273 271 270 269 256 270 255 235 236 213 210 209 205 226 215 199 185 181 173 172 166 157 154 154 137 166 149 105 72 70 92 98 93 80 64 50 43 41 43 62 100 92 75 84 47 51 54
-9999 -9999 -9999 -9999 -9999 -9999 -9999 -9999 -9999 -9999 -9999 -9999 -9999 -9999 -9999 -9999 -9999 -9999 -9999 -9999 -9999 -9999 -9999 -9999 -9999 -9999 -9999 -9999 -9999 -9999 281 276 272 268 265 260 259 256 255 257 254 258 252 253 256 250 208 217 227 216 199 182 176 169 171 168 155 146 161 131 132 158 136 101 60 52 66 74 67 59 51 41 38 38 42 74 102 85 50 46 53 57 57
-9999 -9999 -9999 -9999 -9999 -9999 -9999 -9999 -9999 -9999 -9999 -9999 -9999 -9999 -9999 -9999 -9999 -9999 -9999 -9999 -9999 -9999 322 314 307 296 285 280 276 272 268 262 259 254 249 245 243 240 243 220 222 242 245 207 208 211 227 216 216 181 179 176 171 172 158 161 139 148 159 104 136 146 146 104 51 43 43 51 51 46 45 37 35 36 42 66 70 49 45 55 57 56 55
-9999 -9999 -9999 -9999 -9999 -9999 -9999 -9999 -9999 -9999 -9999 -9999 -9999 -9999 -9999 -9999 -9999 -9999 -9999 -9999 -9999 316 306 288 280 271 267 264 256 257 254 247 243 236 230 218 228 216 222 229 212 207 205 208 207 233 224 186 177 172 171 163 157 167 152 144 117 148 124 96 132 141 134 101 45 40 37 39 42 38 35 32 32 35 48 75 49 49 55 56 55 55 54
-9999 -9999 -9999 -9999 -9999 -9999 -9999 -9999 -9999 -9999 -9999 -9999 -9999 -9999 -9999 -9999 -9999 -9999 -9999 -9999 318 309 301 291 280 257 243 235 244 241 241 225 219 218 215 212 209 210 203 210 213 202 192 193 184 180 186 179 172 168 166 149 157 164 151 151 111 102 81 118 131 127 108 88 41 37 34 33 33 31 31 31 32 33 36 44 40 44 53 54 53 53 52
-9999 -9999 -9999 -9999 -9999 -9999 -9999 -9999 -9999 -9999 -9999 -9999 -9999 -9999 -9999 -9999 -9999 -9999 335 313 290 285 260 247 248 261 230 228 224 214 221 209 206 203 201 198 197 194 193 189 186 185 182 178 174 179 170 166 163 155 146 144 159 151 142 141 100 72 81 136 124 100 62 56 38 35 32 31 31 31 31 32 33 35 35 37 45 41 43 52 52 51 51
-9999 -9999 -9999 -9999 -9999 -9999 -9999 -9999 -9999 -9999 -9999 -9999 -9999 -9999 -9999 -9999 -9999 340 321 299 270 246 237 233 225 237 217 208 205 203 204 196 193 195 191 188 193 185 186 180 178 175 172 178 181 161 159 156 160 142 138 159 136 151 142 118 86 62 85 123 93 55 43 39 36 34 32 31 31 31 32 34 35 38 35 48 41 44 47 51 50 49 50
-9999 -9999 -9999 -9999 -9999 -9999 -9999 -9999 -9999 -9999 -9999 -9999 -9999 -9999 -9999 -9999 335 299 297 275 256 235 225 228 221 204 203 203 193 198 188 180 184 184 187 182 182 175 173 171 167 164 167 165 157 158 158 146 138 132 148 142 121 136 132 109 81 56 80 113 67 43 39 37 34 32 31 31 31 33 34 34 37 37 37 41 41 49 46 49 48 46 49
-9999 -9999 -9999 -9999 -9999 -9999 -9999 -9999 -9999 -9999 -9999 -9999 -9999 -9999 358 338 303 266 251 254 226 214 212 215 200 197 194 185 188 176 186 167 185 196 181 175 174 161 159 164 160 154 142 157 152 157 143 138 128 142 141 112 128 141 118 130 68 51 74 94 56 40 37 36 34 34 33 31 31 33 33 35 35 36 37 50 41 46 48 48 47 45 47
-9999 -9999 -9999 -9999 -9999 -9999 -9999 -9999 -9999 -9999 -9999 -9999 -9999 368 346 313 260 236 223 229 209 202 198 195 197 189 177 189 167 161 161 159 160 182 158 158 154 159 157 145 138 118 140 150 140 137 142 121 116 140 121 102 139 118 129 118 64 49 53 46 40 37 36 35 34 34 34 34 32 30 32 33 37 49 37 59 44 42 47 46 46 44 43
-9999 -9999 -9999 -9999 -9999 -9999 -9999 -9999 -9999 -9999 -9999 -9999 374 360 348 335 319 298 271 217 199 196 188 193 189 172 182 160 174 151 178 150 171 167 170 156 153 149 149 145 126 110 143 149 144 130 115 100 125 119 121 95 110 103 122 117 67 49 43 40 38 35 34 33 33 34 35 35 35 33 32 34 50 74 47 57 41 51 45 46 48 45 42
-9999 -9999 -9999 -9999 -9999 -9999 -9999 -9999 -9999 -9999 -9999 -9999 371 339 244 262 220 243 217 194 187 185 187 186 166 158 165 177 152 159 174 167 182 145 164 144 143 137 128 119 93 112 135 140 134 121 94 100 124 101 123 102 77 94 105 84 60 46 41 38 36 34 33 65 44 34 35 34 34 31 32 36 41 67 56 39 42 48 49 47 48 46 39
-9999 -9999 -9999 -9999 -9999 -9999 -9999 -9999 -9999 -9999 377 364 301 337 300 238 199 201 233 184 185 197 180 166 155 157 159 170 157 171 194 161 133 139 159 154 138 147 131 90 82 92 132 123 107 95 78 99 92 101 118 95 79 69 75 100 67 42 39 38 34 38 49 92 47 30 34 32 31 32 36 35 41 44 39 40 44 44 56 47 47 46 39
-9999 -9999 -9999 -9999 -9999 -9999 -9999 -9999 -9999 384 327 307 287 268 286 195 190 185 211 183 183 198 191 159 153 164 182 183 163 144 182 145 113 145 153 137 140 139 121 78 71 78 88 82 70 69 75 85 99 111 113 87 78 61 66 84 59 39 38 34 33 32 43 77 57 30 32 31 38 37 54 43 38 43 41 41 41 42 45 52 50 44 40
-9999 -9999 -9999 -9999 -9999 -9999 -9999 -9999 397 349 260 303 231 197 299 186 181 236 171 165 174 191 173 165 188 170 179 165 137 130 139 125 95 97 123 148 131 115 120 75 63 99 83 60 66 100 107 110 103 105 86 84 96 71 63 64 46 37 34 33 33 32 32 47 59 30 31 36 53 48 76 63 53 71 55 41 40 41 42 46 51 43 38
-9999 -9999 -9999 -9999 -9999 -9999 -9999 -9999 391 294 252 205 194 188 282 178 205 166 169 173 181 164 150 143 141 145 151 176 167 132 118 124 144 111 75 113 150 117 75 57 57 95 66 51 63 74 75 86 87 88 70 65 87 63 55 62 39 35 32 31 48 36 31 30 31 30 32 46 34 42 53 44 44 70 44 38 38 38 40 43 48 46 39
-9999 -9999 -9999 -9999 -9999 -9999 -9999 383 347 205 198 190 188 187 177 276 184 169 179 161 163 133 163 173 155 142 163 162 144 128 151 131 143 120 67 90 122 86 54 51 82 87 62 45 51 90 87 93 97 74 57 60 69 63 91 69 43 35 44 38 49 47 31 30 32 31 32 35 32 35 35 39 52 58 38 36 36 38 42 43 41 43 41
-9999 -9999 -9999 -9999 -9999 326 291 312 226 190 186 181 176 188 172 257 155 151 169 150 142 129 183 148 116 143 162 134 111 137 117 118 138 123 70 57 54 52 48 53 44 53 64 39 43 77 81 73 64 54 59 64 67 94 90 88 58 41 47 71 57 47 32 32 32 30 31 30 31 32 34 41 49 38 34 33 34 37 43 45 39 39 42
-9999 -9999 -9999 333 309 247 208 227 190 195 209 173 171 164 164 194 146 159 155 146 119 128 161 135 109 153 167 135 94 123 108 105 126 134 118 53 48 46 43 41 38 37 36 36 42 78 82 65 47 48 60 63 77 67 82 92 64 60 67 89 53 47 38 37 33 33 33 32 30 30 31 38 32 32 32 31 32 35 41 38 38 36 40
-9999 -9999 304 267 256 207 196 184 184 184 187 170 164 158 162 151 138 154 159 129 111 104 134 120 101 148 154 131 113 86 82 92 112 102 124 76 44 51 68 36 34 34 34 34 38 65 55 45 41 41 43 49 58 57 89 94 69 68 55 79 78 66 50 43 34 41 47 54 45 32 29 30 29 29 30 31 33 36 41 35 33 36 35
-9999 255 264 227 195 187 183 198 202 222 169 157 158 161 160 136 130 151 134 126 103 94 94 93 110 147 131 112 107 83 64 96 128 111 73 60 68 85 80 48 33 33 33 32 32 44 56 53 51 40 43 43 44 59 68 101 73 51 46 55 92 74 63 50 40 37 47 75 67 39 30 29 28 30 34 37 38 40 35 32 31 32 30
227 222 191 207 207 178 174 185 167 160 156 165 161 151 152 141 124 138 146 146 98 93 80 85 124 134 131 137 110 90 68 102 118 101 67 80 100 80 43 38 71 62 46 37 31 32 51 43 37 34 40 43 46 50 53 74 67 54 42 44 81 74 61 48 58 45 41 59 75 45 33 29 27 27 29 32 32 32 34 34 30 28 28
195 217 187 187 178 170 171 165 161 153 157 153 156 150 139 120 122 129 121 153 112 83 75 98 129 127 107 110 88 69 66 99 96 78 70 89 61 46 36 65 88 86 80 74 38 31 32 33 33 35 40 50 69 65 60 46 55 45 41 40 60 72 59 58 65 58 51 55 73 54 43 32 27 27 26 26 27 31 33 31 30 28 29
195 191 175 170 167 163 166 156 151 147 143 140 139 148 141 118 116 131 103 116 132 77 71 92 112 127 94 85 70 61 92 96 66 89 73 106 70 38 56 92 99 109 87 51 30 30 31 31 34 47 57 73 74 80 58 39 39 38 37 37 47 70 68 66 64 59 47 47 58 62 58 39 34 28 27 26 26 25 27 28 28 27 27
177 173 172 166 161 160 150 146 153 143 132 127 139 126 114 116 113 131 123 91 96 73 70 86 131 96 84 77 68 57 73 75 70 60 66 84 56 62 81 97 108 91 43 29 29 30 31 32 40 60 66 56 67 52 40 34 35 33 36 44 40 49 68 66 59 56 52 54 58 57 46 45 39 31 30 26 26 27 27 27 27 27 27
170 163 161 161 155 152 151 138 133 128 125 118 134 109 124 127 131 102 113 101 81 70 69 69 102 91 87 62 56 66 63 50 43 45 79 80 64 77 72 90 85 41 29 29 29 33 36 42 44 54 57 46 44 37 32 30 30 31 34 35 39 44 51 61 62 58 50 51 52 46 36 33 34 33 28 26 27 27 28 28 28 28 27
161 157 157 155 146 136 147 144 134 125 131 115 125 102 131 116 135 117 88 89 124 80 66 59 76 93 72 63 67 48 41 39 37 37 51 72 76 59 51 72 51 29 28 29 40 54 65 65 54 49 44 36 32 30 29 29 33 39 31 32 32 36 42 42 40 35 32 33 38 52 45 39 32 29 28 28 28 28 28 27 28 28 28
154 148 146 149 144 138 126 138 127 110 110 115 118 98 112 124 132 113 96 96 119 102 61 57 98 89 57 78 54 45 41 41 51 52 45 36 38 37 36 37 36 28 28 36 58 76 83 68 46 36 32 30 30 29 28 30 37 28 30 37 31 30 33 32 31 29 28 28 37 57 52 44 37 33 33 31 29 28 28 27 27 27 28
156 149 134 150 138 125 113 121 113 104 106 123 96 95 112 120 117 121 81 105 106 89 60 58 63 52 48 46 44 42 40 47 115 105 75 57 47 34 47 37 28 28 30 45 62 77 54 39 32 30 29 27 27 28 29 28 27 31 45 31 27 27 27 27 26 27 25 26 30 50 59 51 38 35 35 34 32 29 28 27 27 27 28
142 144 127 123 138 134 119 96 90 88 89 91 87 117 117 108 105 108 77 92 102 72 58 55 54 50 48 57 84 41 40 54 103 104 80 62 47 49 53 44 30 29 38 34 32 42 34 30 28 28 26 25 26 29 26 26 30 46 36 27 24 24 24 23 23 24 24 25 28 34 55 47 48 40 38 39 34 29 28 27 27 27 28
128 123 118 109 106 112 118 100 79 77 78 78 86 102 107 119 85 85 107 80 96 64 72 69 68 79 81 88 70 53 40 56 99 107 88 67 48 58 64 56 34 32 43 48 29 30 28 27 27 26 27 31 30 26 26 28 42 47 34 25 23 23 23 22 23 22 23 24 27 30 41 56 48 52 45 38 34 34 29 27 27 28 28
140 138 134 121 97 92 83 78 72 70 72 73 82 100 90 110 78 96 100 95 66 71 86 91 83 90 72 63 50 44 40 64 100 98 90 60 43 49 66 57 43 38 35 35 26 25 25 24 24 24 28 34 27 26 28 36 48 47 35 25 23 22 21 21 21 22 22 23 27 33 33 39 55 52 43 39 40 36 31 28 28 29 28
144 138 138 135 121 86 80 74 70 67 68 74 79 98 81 106 93 80 87 81 66 71 101 86 72 63 71 67 84 66 40 59 83 101 83 51 51 62 87 74 60 46 41 32 25 24 24 24 24 26 30 30 28 28 31 36 44 49 31 24 23 22 22 23 26 32 28 25 29 37 33 31 35 37 37 41 40 36 33 30 30 29 29
126 135 135 124 121 103 75 71 67 67 67 72 72 76 95 90 98 77 83 67 76 91 95 79 82 83 83 78 72 84 42 45 86 89 68 59 75 80 93 83 71 67 55 35 27 25 25 27 26 27 30 33 34 35 40 45 47 47 29 23 23 24 25 33 43 43 34 25 28 32 36 32 30 33 37 40 40 36 33 31 30 30 27
115 100 125 125 119 103 72 70 66 68 66 67 81 72 79 81 83 67 65 78 105 88 90 91 94 87 74 57 66 67 43 49 84 70 53 75 85 88 81 82 74 80 68 41 31 29 34 31 31 39 37 39 39 43 47 48 51 41 25 24 26 34 43 56 59 54 32 25 31 32 35 35 30 30 31 34 37 37 36 31 31 29 25
