Electronic Materials (Flash Drives)/data/NZclimate/LGM/CCSM4_LGM/bio12nz.asc
ncols         384
nrows         384
xllcorner     164
yllcorner     -49
cellsize      0.041666666666667
NODATA_value  -9999
[rows 108 to 143 of 384, columns 237 to 315 of 384]
-9999 -9999 -9999 -9999 -9999 -9999 -9999 -9999 1022 1088 1113 1132 1151 1160 1152 1162 1179 1194 1205 1213 1325 1359 1488 1524 1479 1397 1338 1336 1275 1266 1239 1235 1300 1207 1180 1210 1178 1199 1227 1100 1113 1143 1199 1343 2551 2851 2791 2438 1913 1693 1639 1641 1620 1561 1535 1488 1398 1325 1304 1326 1342 1351 1335 1301 1244 1150 -9999 -9999 -9999 -9999 -9999 -9999 -9999 -9999 -9999 -9999 -9999 -9999 1452
-9999 -9999 -9999 -9999 -9999 -9999 -9999 -9999 1001 1101 1125 1140 1154 1160 1151 1163 1183 1207 1224 1224 1232 1424 1515 1517 1508 1384 1438 1518 1363 1286 1280 1342 1264 1199 1179 1170 1174 1338 1286 1100 1104 1132 1213 1335 1708 2096 2881 2408 1769 1634 1606 1601 1585 1583 1497 1462 1405 1370 1364 1366 1396 1410 1400 1385 1349 1244 1122 -9999 -9999 -9999 -9999 -9999 -9999 -9999 -9999 -9999 -9999 -9999 -9999
-9999 -9999 -9999 -9999 -9999 -9999 -9999 -9999 1051 1117 1132 1145 1165 1172 1172 1187 1201 1221 1235 1240 1247 1444 1427 1499 1489 1480 1591 1634 1457 1413 1445 1351 1250 1222 1194 1173 1161 1186 1166 1113 1103 1129 1220 1333 1458 1582 2103 2389 1815 1640 1591 1575 1567 1521 1479 1416 1389 1367 1353 1371 1451 1526 1429 1414 1361 1275 1201 1137 -9999 -9999 -9999 -9999 -9999 -9999 -9999 1150 1189 1204 1182
-9999 -9999 -9999 -9999 -9999 -9999 -9999 1016 1106 1142 1155 1165 1178 1191 1194 1204 1215 1221 1224 1241 1260 1271 1427 1428 1464 1552 1561 1551 1584 1571 1457 1300 1267 1235 1205 1184 1171 1154 1150 1151 1127 1152 1207 1307 1429 1541 1878 2604 2072 1758 1634 1578 1521 1477 1433 1402 1402 1380 1381 1388 1474 1505 1415 1401 1367 1304 1254 1242 1200 1162 1154 1107 -9999 1119 1188 1217 1235 1233 1210
-9999 -9999 -9999 -9999 -9999 -9999 -9999 -9999 1114 1156 1184 1194 1204 1231 1238 1225 1228 1232 1237 1251 1267 1282 1469 1438 1458 1536 1526 1611 1695 1567 1370 1319 1287 1251 1217 1193 1179 1164 1156 1213 1156 1203 1244 1294 1390 1476 1553 2445 2458 2137 1922 1722 1581 1492 1455 1376 1379 1406 1425 1400 1401 1392 1390 1382 1376 1343 1279 1254 1242 1236 1224 1211 1222 1234 1238 1242 1234 1210 1192
-9999 -9999 -9999 -9999 -9999 -9999 -9999 1086 1133 1166 1190 1200 1206 1211 1207 1213 1218 1234 1245 1261 1272 1284 1443 1447 1516 1457 1479 1645 1737 1461 1352 1332 1298 1258 1222 1199 1189 1175 1305 1252 1197 1223 1260 1320 1367 1431 1488 1733 2483 2405 2204 2031 1825 1530 1480 1492 1536 1578 1420 1418 1415 1384 1389 1368 1355 1344 1323 1298 1286 1283 1281 1275 1268 1253 1245 1246 1232 1219 1219
-9999 -9999 -9999 -9999 -9999 -9999 1098 1137 1166 1190 1204 1214 1209 1180 1159 1173 1185 1216 1240 1252 1268 1285 1276 1514 1441 1387 1495 1827 1758 1425 1372 1330 1312 1268 1233 1209 1197 1187 1254 1404 1397 1292 1299 1345 1353 1386 1439 1504 2408 2442 2307 2049 1637 1639 1660 1920 1986 1773 1443 1410 1404 1387 1395 1365 1288 1324 1320 1306 1302 1300 1302 1295 1274 1263 1260 1257 1248 1250 1265
-9999 -9999 -9999 -9999 -9999 -9999 1125 1160 1167 1164 1152 1156 1142 1125 1129 1143 1160 1187 1212 1240 1285 1369 1492 1437 1461 1445 1486 1708 1743 1527 1381 1354 1330 1284 1241 1214 1205 1198 1288 1542 1568 1729 1444 1399 1364 1358 1408 1524 2280 2435 2058 1980 1911 1908 1979 2177 2314 1869 1642 1502 1419 1382 1368 1368 1363 1357 1305 1274 1255 1261 1264 1265 1273 1287 1285 1272 1269 1276 1296
-9999 -9999 -9999 -9999 -9999 -9999 1163 1171 1143 1100 1058 1050 1062 1075 1097 1122 1139 1166 1192 1244 1330 2062 2168 1686 1627 1716 1828 1556 1740 1727 1415 1375 1362 1311 1260 1221 1217 1210 1207 1361 1467 1627 1698 1445 1343 1354 1383 1443 1897 2360 2077 2002 2062 2130 2187 2216 2138 2038 1835 1620 1478 1438 1442 1434 1463 1396 1371 1368 1310 1255 1251 1257 1276 1304 1342 1345 1319 1311 1317
-9999 -9999 -9999 -9999 -9999 1098 1193 1185 1151 1100 1062 1056 1068 1084 1101 1127 1144 1160 1181 1218 1291 1642 1776 1717 1897 2026 2279 1724 1723 1605 1440 1399 1365 1334 1278 1250 1235 1220 1222 1220 1283 1439 1417 1364 1343 1360 1404 1442 1651 2227 2232 2156 2196 2214 2243 2279 2248 2129 1928 1664 1615 1603 1609 1583 1559 1567 1505 1595 1671 1332 1291 1275 1288 1303 1331 1366 1362 1352 1339
-9999 -9999 -9999 -9999 -9999 1169 1231 1244 1223 1188 1154 1140 1143 1157 1168 1183 1192 1199 1202 1217 1239 1516 1549 1545 1799 1866 2129 2006 2093 1842 1567 1422 1393 1345 1311 1291 1268 1247 1252 1340 1249 1305 1371 1384 1397 1372 1407 1458 1680 2225 2184 2211 2230 2297 2249 2203 2145 2056 1900 1788 1818 1818 1738 1798 1723 1655 1691 1910 1525 1340 1316 1291 1306 1348 1379 1430 1400 1390 1368
-9999 -9999 -9999 -9999 1111 1210 1245 1280 1286 1278 1268 1265 1258 1257 1255 1259 1264 1266 1270 1274 1276 1610 1512 1426 1623 2022 2290 2320 2607 2684 2197 1482 1413 1381 1343 1310 1287 1256 1271 1474 1403 1435 1351 1411 1472 1400 1412 1504 1679 1989 2222 2248 2252 2242 2182 2126 2046 1982 1953 1885 1952 1958 1953 2059 2050 2039 2139 2044 1502 1392 1367 1353 1358 1388 1444 1566 1471 1445 1427
-9999 -9999 -9999 -9999 1215 1259 1285 1302 1330 1354 1318 1254 1243 1281 1294 1297 1295 1300 1315 1327 1319 1422 1510 1523 1825 2049 1975 2280 2650 2581 2213 1584 1424 1382 1356 1332 1307 1292 1507 1675 2190 1842 1398 1408 1507 1432 1437 1524 1662 1841 2069 2178 2186 2155 2102 1977 1935 1918 1897 1855 1898 1981 2118 2135 2184 2195 2128 1701 1493 1454 1427 1413 1517 1507 1495 1671 1542 1510 1468
-9999 -9999 1131 1203 1267 1287 1299 1312 1337 1333 1260 1202 1208 1260 1316 1325 1306 1309 1325 1347 1349 1464 1501 1447 1482 1601 1870 2245 2377 2181 1728 1477 1496 1459 1377 1325 1320 1325 1429 1643 1719 1536 1396 1409 1446 1465 1496 1556 1687 1855 2022 2075 2110 2061 1901 1728 1651 1649 1663 1783 1947 2014 2116 2194 2161 2126 1790 1597 1575 1519 1469 1590 1635 1552 1534 1609 1644 1633 1546
1206 1255 1286 1300 1297 1298 1310 1317 1319 1309 1273 1248 1243 1265 1335 1381 1336 1323 1345 1485 1864 1460 1434 1468 1548 1599 1963 2212 2162 1929 1699 1539 1484 1407 1399 1390 1312 1308 1379 1458 1460 1432 1443 1442 1483 1508 1533 1568 1639 1746 1913 2009 2038 2003 1752 1878 1576 1534 1538 1850 2050 2031 2218 2089 2050 2036 1707 1586 1686 1606 1542 1675 1570 1553 1559 1615 1641 1634 1577
1323 1317 1312 1321 1319 1320 1325 1334 1329 1331 1329 1329 1312 1306 1336 1362 1338 1328 1344 1632 1667 1711 1554 1673 2008 1887 2202 2301 2028 1785 1762 1560 1457 1437 1451 1428 1358 1398 1442 1409 1456 1492 1448 1525 1529 1540 1548 1564 1642 1686 1712 1912 2021 2043 1803 1656 1495 1489 1632 1830 1711 2008 2275 1828 1656 1579 1547 1628 1717 1717 1611 1759 1605 1552 1565 1639 1634 1605 1621
1348 1339 1327 1329 1321 1325 1332 1334 1336 1353 1365 1410 1437 1395 1345 1326 1321 1333 1339 1464 1649 1866 2177 1972 2206 2101 2417 2472 2130 1994 1903 1509 1452 1422 1422 1383 1466 1455 1473 1450 1518 1561 1582 1531 1585 1573 1585 1574 1627 1704 1776 1895 2031 2074 1908 1703 1550 1521 1793 1705 1543 1576 1711 1777 1682 1628 1627 1764 1766 1680 1566 1696 1730 1674 1591 1673 1664 1625 1832
1366 1352 1341 1340 1342 1353 1351 1354 1354 1361 1361 1393 1446 1431 1385 1360 1353 1361 1356 1325 1851 2046 2199 2269 2360 2349 2508 2407 2100 1857 1610 1487 1426 1420 1417 1555 1489 1558 1636 1672 1623 1771 1699 1560 1630 1648 1629 1580 1596 1617 1717 1826 1922 1822 1783 1540 1474 1531 1591 1715 1546 1499 1876 2237 1882 1722 1715 1781 1729 1600 1495 1574 1855 1980 1690 1771 1901 1697 1948
1371 1362 1348 1359 1376 1378 1372 1376 1365 1360 1359 1366 1396 1414 1398 1401 1393 1385 1368 1319 1985 1783 1926 2089 2213 2274 2294 2299 1945 1734 1557 1498 1530 1526 1742 1567 1538 1703 1809 1794 1767 1784 1640 1514 1584 1643 1664 1578 1579 1602 1632 1688 1710 1562 1547 1398 1404 1491 1690 1632 1479 1443 1515 1665 1669 1668 1676 1675 1598 1501 1460 1683 1877 1957 1804 1682 1846 1652 1957
1380 1372 1361 1375 1398 1392 1381 1380 1372 1377 1384 1387 1381 1374 1373 1394 1395 1378 1353 1514 1827 2240 2323 2349 2323 2332 2342 2274 2012 1748 1577 1646 1674 1742 1871 1571 1757 2057 2019 1985 1903 1721 1597 1477 1507 1562 1562 1512 1552 1646 1510 1428 1449 1415 1364 1325 1308 1349 1449 1537 1433 1427 1488 1517 1548 1545 1584 1571 1472 1380 1443 1791 1889 1933 1637 1585 1689 1723 1758
1398 1373 1375 1399 1398 1395 1384 1388 1399 1414 1417 1406 1383 1374 1372 1381 1390 1379 1537 2192 1903 2421 2534 2403 2372 2358 2380 2247 1992 1629 1716 1653 1784 1813 1781 1686 1927 2266 2343 2209 1965 1690 1536 1482 1467 1410 1366 1448 1689 1596 1367 1313 1296 1397 1348 1257 1354 1443 1424 1312 1318 1422 1500 1529 1498 1509 1506 1461 1344 1296 1336 1978 1950 1862 1637 1592 1776 1822 1913
1463 1417 1397 1399 1390 1399 1373 1374 1405 1417 1415 1400 1382 1377 1390 1400 1401 1398 1748 2295 2257 2635 2579 2423 2390 2334 2317 2168 1993 1837 1746 1763 1712 1705 1699 1766 1897 2056 2119 2201 1942 1694 1552 1464 1410 1354 1425 1647 1650 1342 1317 1282 1274 1299 1285 1330 1558 1555 1239 1212 1254 1391 1453 1506 1499 1461 1448 1343 1265 1255 1297 1885 1985 1788 1642 1597 1827 1817 1886
1444 1426 1424 1420 1411 1424 1423 1401 1401 1401 1398 1394 1393 1399 1407 1415 1417 1425 1933 2223 2488 2658 2566 2420 2347 2245 2195 2037 1797 1801 1741 1742 1743 1727 1702 1837 1820 1880 1887 1940 1900 1770 1613 1464 1381 1355 1352 1439 1359 1312 1294 1512 1353 1351 1259 1398 1430 1261 1183 1178 1237 1389 1451 1498 1472 1403 1347 1277 1249 1290 1821 1743 1893 1617 1723 1660 1932 1810 2005
1391 1407 1427 1432 1416 1434 1487 1457 1406 1397 1397 1412 1411 1415 1427 1428 1427 1445 1858 2049 2413 2715 2464 2376 2289 2122 2074 1836 1821 1810 1731 1698 1678 1687 1699 1729 1717 1747 1778 1866 1846 1817 1692 1530 1460 1427 1441 1575 1494 1417 1378 1625 1562 1499 1219 1260 1281 1188 1151 1162 1223 1335 1440 1475 1430 1371 1345 1273 1273 1459 2125 1766 1943 1750 1719 1789 1884 2051 2015
1386 1405 1432 1450 1441 1442 1485 1459 1408 1402 1404 1412 1418 1421 1429 1428 1425 1443 1901 2303 2565 2800 2377 2265 2072 2048 1989 1775 1800 1728 1793 1819 1776 1773 1679 1644 1819 1720 1721 1805 1857 2005 1990 2019 1622 1458 1480 1533 1546 1430 1436 1567 1484 1324 1243 1159 1146 1164 1135 1146 1251 1364 1424 1399 1363 1378 1336 1395 1393 1531 1814 1844 1816 1721 1672 2001 1960 1951 2055
1406 1420 1440 1451 1431 1430 1438 1422 1404 1410 1421 1416 1420 1422 1424 1424 1426 1440 1867 2293 2441 2669 2318 1942 1773 1766 1753 1695 1713 1668 1657 1763 1791 1749 1693 1732 1643 1607 1769 1797 1909 2338 2316 1826 1578 1498 1515 1652 1725 1545 1528 1473 1438 1311 1202 1182 1154 1145 1134 1204 1384 1510 1432 1339 1326 1340 1371 1497 1506 1506 1842 2053 2006 1937 1739 1997 2054 1988 2373
1435 1446 1453 1444 1424 1431 1439 1437 1417 1422 1434 1430 1425 1425 1427 1423 1418 1550 1988 2099 2255 1925 1902 1889 1636 1627 1703 1646 1656 1806 1625 1652 1788 1718 1554 1438 1457 1538 1628 1700 2064 2365 2160 1778 1539 1492 1542 1595 1544 1582 1547 1409 1293 1212 1173 1140 1137 1109 1145 1356 1501 1538 1431 1357 1371 1357 1555 1496 1462 1469 1788 1819 1937 1764 1834 2173 2309 2480 2642
1444 1445 1442 1434 1430 1432 1438 1438 1436 1432 1425 1427 1426 1430 1431 1424 1426 1530 1794 1945 2066 2135 2363 2271 1675 1802 1721 1861 1909 1855 1788 1811 1866 1631 1453 1448 1516 1614 1627 1991 2430 2448 2075 1729 1587 1468 1452 1424 1386 1333 1473 1424 1268 1175 1217 1148 1143 1184 1371 1455 1514 1501 1458 1443 1445 1514 1623 1505 1435 1665 1826 1958 1867 1776 1944 2322 2406 2650 2530
1444 1442 1438 1431 1427 1425 1423 1426 1430 1427 1410 1411 1421 1433 1428 1423 1424 1542 1748 1698 1700 1903 1842 2053 1864 2045 2026 1997 1755 1802 1710 1690 1603 1533 1516 1536 1676 1721 1928 2109 2268 1881 1681 1569 1532 1370 1288 1247 1247 1341 1304 1284 1145 1191 1470 1246 1238 1341 1527 1527 1478 1478 1500 1520 1574 1690 1637 1509 1727 2037 2070 2095 1926 2192 2388 2408 2177 2509 2492
1433 1432 1430 1427 1421 1422 1422 1424 1421 1419 1412 1416 1439 1450 1439 1432 1439 1571 1719 1851 1973 2082 2123 1967 2071 2128 2004 1887 1709 1654 1639 1575 1581 1491 1478 1423 1627 2036 2272 2475 2117 1899 1727 1610 1436 1268 1256 1236 1225 1194 1194 1180 1138 1220 1355 1402 1390 1542 1546 1514 1485 1510 1561 1639 1724 1862 1688 1644 2013 2002 1961 1828 2005 2319 2295 2167 2037 2185 2293
1421 1421 1420 1418 1414 1404 1410 1417 1418 1418 1426 1437 1445 1447 1446 1446 1457 1723 1877 1853 1934 2121 2350 2402 2342 2189 1874 1799 1615 1588 1569 1680 1508 1536 1535 1456 1636 2201 2343 2242 2372 2221 1902 1573 1358 1265 1264 1242 1227 1209 1186 1160 1145 1209 1295 1458 1572 1567 1531 1539 1530 1562 1617 1749 1814 1944 1760 1880 2073 1924 2101 1916 2177 2046 2056 1933 1953 1920 2031
1402 1397 1404 1405 1392 1385 1392 1397 1403 1409 1432 1448 1453 1459 1471 1480 1584 1691 1800 1868 2077 2314 2459 2455 2309 2071 1858 1688 1729 1891 1844 1728 1479 1506 1415 1371 1595 1591 1712 2037 2450 2416 2042 1607 1503 1488 1382 1261 1249 1231 1206 1188 1246 1249 1336 1517 1620 1621 1568 1579 1603 1617 1701 1816 1876 2008 1973 2077 2198 2224 2194 1691 2024 1937 2046 2118 2194 1953 1675
1397 1387 1376 1379 1380 1374 1375 1375 1390 1401 1422 1441 1460 1479 1496 1601 1851 1742 1799 1889 2008 2207 2453 2459 2427 2202 1736 1729 1819 1834 1751 1809 1477 1428 1408 1335 1342 1375 1563 1988 2381 2223 1817 1426 1369 1349 1306 1284 1273 1250 1225 1258 1351 1339 1368 1490 1605 1674 1635 1591 1607 1648 1752 1779 2005 2066 2085 2224 2121 2054 2034 1939 1625 1965 1925 1907 1838 1775 1657
1371 1369 1364 1364 1358 1359 1363 1367 1386 1407 1438 1465 1488 1505 1676 1908 1932 1956 1978 1922 1940 2125 2371 2391 2358 2071 1816 1679 1714 1791 1607 1726 1491 1401 1376 1307 1293 1325 1592 1950 2007 1884 1656 1637 1481 1346 1331 1326 1311 1313 1442 1550 1467 1457 1436 1481 1631 1666 1678 1613 1680 1666 1798 1748 2023 1990 2064 2038 2240 2049 1711 1899 1913 1545 1551 1582 1616 1621 1578
1354 1353 1348 1349 1343 1346 1363 1380 1405 1435 1458 1466 1500 1661 1772 1919 1913 2074 2276 2245 2361 2264 2348 2324 2283 1959 1836 1637 1660 1675 1542 1520 1416 1394 1399 1363 1315 1333 1623 1705 1933 1813 1753 1993 1632 1370 1376 1383 1415 1421 1563 1590 1599 1437 1497 1576 1721 1683 1674 1654 1646 1749 1785 1756 1982 1892 2104 2277 2055 1913 1712 2002 1636 1623 1649 1524 1456 1448 1443
1337 1333 1332 1331 1347 1365 1387 1532 1534 1618 1652 1675 1668 1743 1921 1976 1972 2248 2264 2250 2279 2139 2123 2195 2087 1983 1817 1647 1687 1629 1615 1654 1576 1582 1486 1535 1444 1576 1580 1739 1904 1881 1908 2624 2284 1517 1466 1511 1513 1516 1518 1571 1635 1608 1684 1906 2009 1664 1707 1796 1767 1799 1800 1741 1764 1784 1816 2103 1922 1697 1717 1878 1605 1663 1615 1544 1623 1551 1503
