Electronic Materials (Flash Drives)/data/NZclimate/LGM/CCSM4_LGM/bio14nz.asc
ncols         384
nrows         384
xllcorner     164
yllcorner     -49
cellsize      0.041666666666667
NODATA_value  -9999
[rows 148 to 184 of 384, columns 166 to 248 of 384]
-9999 -9999 -9999 -9999 -9999 -9999 -9999 -9999 -9999 -9999 -9999 -9999 -9999 -9999 -9999 -9999 -9999 -9999 -9999 -9999 -9999 -9999 -9999 -9999 -9999 -9999 -9999 -9999 -9999 -9999 -9999 -9999 -9999 -9999 -9999 -9999 76 77 76 75 77 80 82 81 80 79 78 78 79 79 79 77 75 74 76 75 76 76 75 74 74 73 73 71 72 71 70 70 73 86 92 101 123 167 173 165 151 143 136 129 123 118 117
-9999 -9999 -9999 -9999 -9999 -9999 -9999 -9999 -9999 -9999 -9999 -9999 -9999 -9999 -9999 -9999 -9999 -9999 -9999 -9999 -9999 -9999 -9999 -9999 -9999 -9999 -9999 -9999 -9999 -9999 -9999 -9999 -9999 -9999 -9999 -9999 77 78 77 75 76 77 79 79 81 80 79 78 78 78 78 77 76 75 76 75 75 74 74 73 73 72 71 70 71 70 70 71 82 87 98 111 135 188 255 232 183 162 144 133 128 121 113
-9999 -9999 -9999 -9999 -9999 -9999 -9999 -9999 -9999 -9999 -9999 -9999 -9999 -9999 -9999 -9999 -9999 -9999 -9999 -9999 -9999 -9999 -9999 -9999 -9999 -9999 -9999 -9999 -9999 -9999 -9999 -9999 -9999 -9999 -9999 -9999 -9999 76 77 77 76 76 75 76 79 79 78 76 76 76 78 77 76 76 76 74 74 73 73 72 72 71 70 69 69 69 69 70 80 88 102 116 143 178 246 259 247 188 156 137 127 120 110
-9999 -9999 -9999 -9999 -9999 -9999 -9999 -9999 -9999 -9999 -9999 -9999 -9999 -9999 -9999 -9999 -9999 -9999 -9999 -9999 -9999 -9999 -9999 -9999 -9999 -9999 -9999 -9999 -9999 -9999 -9999 -9999 -9999 -9999 -9999 -9999 -9999 -9999 75 77 79 77 75 75 78 77 75 74 74 74 76 76 76 75 74 73 73 72 72 71 71 70 69 68 68 67 68 69 78 85 96 112 139 173 247 257 261 197 161 137 121 113 109
-9999 -9999 -9999 -9999 -9999 -9999 -9999 -9999 -9999 -9999 -9999 -9999 -9999 -9999 -9999 -9999 -9999 -9999 -9999 -9999 -9999 -9999 -9999 -9999 -9999 -9999 -9999 -9999 -9999 -9999 -9999 -9999 -9999 -9999 -9999 -9999 -9999 -9999 -9999 75 77 77 78 78 79 77 75 74 74 75 77 76 75 74 74 73 73 72 71 71 70 69 68 67 67 66 67 68 76 80 87 98 115 136 169 195 185 162 144 126 112 105 101
-9999 -9999 -9999 -9999 -9999 -9999 -9999 -9999 -9999 -9999 -9999 -9999 -9999 -9999 -9999 -9999 -9999 -9999 -9999 -9999 -9999 -9999 -9999 -9999 -9999 -9999 -9999 -9999 -9999 82 81 -9999 -9999 -9999 -9999 -9999 -9999 -9999 -9999 -9999 -9999 75 79 79 79 77 75 74 74 75 77 76 75 74 73 73 72 72 71 70 69 69 67 67 66 65 65 66 73 75 80 86 94 101 116 127 126 120 114 106 101 98 97
-9999 -9999 -9999 -9999 -9999 -9999 -9999 -9999 -9999 -9999 -9999 -9999 -9999 -9999 -9999 -9999 -9999 -9999 -9999 -9999 -9999 -9999 -9999 -9999 -9999 -9999 84 84 83 82 82 81 79 78 79 79 77 -9999 -9999 -9999 -9999 75 78 80 79 76 76 75 74 74 74 74 74 73 73 72 72 71 71 69 69 68 67 66 65 64 64 64 65 73 74 77 81 85 89 89 89 91 92 91 90 91 92
-9999 -9999 -9999 -9999 -9999 -9999 -9999 -9999 -9999 -9999 -9999 -9999 -9999 -9999 -9999 -9999 -9999 -9999 -9999 -9999 -9999 -9999 -9999 -9999 -9999 -9999 -9999 84 83 83 82 82 79 78 78 78 78 76 75 75 74 75 77 78 78 76 76 75 74 73 73 73 73 73 73 72 72 70 70 69 68 67 67 65 64 64 63 63 64 64 69 70 73 75 77 76 76 77 80 80 82 87 83
-9999 -9999 -9999 -9999 -9999 -9999 -9999 -9999 -9999 -9999 -9999 -9999 -9999 -9999 -9999 -9999 -9999 -9999 -9999 -9999 -9999 -9999 -9999 88 87 -9999 -9999 -9999 83 83 83 82 80 79 78 77 77 76 76 76 76 75 76 77 78 77 76 75 75 73 73 72 73 72 72 71 71 70 69 68 67 66 66 64 64 63 62 61 62 61 61 68 68 68 68 67 67 67 70 70 73 75 80
-9999 -9999 -9999 -9999 -9999 -9999 -9999 -9999 -9999 -9999 -9999 -9999 -9999 -9999 -9999 -9999 -9999 -9999 -9999 -9999 -9999 -9999 -9999 89 88 86 -9999 -9999 -9999 -9999 81 81 81 80 80 77 76 76 76 76 76 74 75 77 79 76 75 74 74 73 73 72 72 72 72 70 70 69 68 67 66 65 65 63 63 62 61 61 60 60 59 59 60 64 64 63 63 63 64 66 68 69 70
-9999 -9999 -9999 -9999 -9999 -9999 -9999 -9999 -9999 -9999 -9999 -9999 -9999 -9999 -9999 -9999 -9999 -9999 -9999 -9999 -9999 -9999 -9999 89 87 -9999 -9999 -9999 -9999 -9999 -9999 -9999 80 80 79 78 76 76 76 76 75 75 75 76 77 74 74 73 74 73 72 71 72 72 72 70 69 68 68 66 66 64 64 62 62 61 61 60 59 59 59 58 58 58 57 57 56 56 62 63 66 65 65
-9999 -9999 -9999 -9999 -9999 -9999 -9999 -9999 -9999 -9999 -9999 -9999 -9999 -9999 -9999 -9999 -9999 -9999 -9999 -9999 -9999 -9999 -9999 -9999 -9999 -9999 -9999 -9999 -9999 -9999 -9999 -9999 -9999 -9999 -9999 77 77 75 76 75 75 75 74 74 74 73 73 73 73 72 71 70 71 70 71 69 68 68 67 66 65 64 63 62 61 60 60 58 58 57 58 57 56 56 55 55 56 56 56 56 56 63 62
-9999 -9999 -9999 -9999 -9999 -9999 -9999 -9999 -9999 -9999 -9999 -9999 -9999 -9999 -9999 -9999 -9999 -9999 -9999 -9999 -9999 -9999 -9999 -9999 -9999 -9999 -9999 -9999 -9999 -9999 -9999 -9999 -9999 -9999 -9999 77 76 76 75 75 75 74 75 74 74 74 73 73 72 72 71 70 71 70 70 69 68 67 67 66 65 63 63 62 60 59 59 57 57 57 56 56 55 55 54 54 54 54 54 55 55 55 59
-9999 -9999 -9999 -9999 -9999 -9999 -9999 -9999 -9999 -9999 -9999 -9999 -9999 -9999 -9999 -9999 -9999 -9999 -9999 -9999 -9999 -9999 -9999 -9999 -9999 -9999 -9999 -9999 -9999 -9999 -9999 -9999 -9999 -9999 -9999 -9999 76 75 75 74 75 74 75 74 74 73 73 72 72 71 71 70 70 69 69 68 67 66 66 65 64 63 62 61 60 59 58 57 56 56 55 54 54 53 54 53 53 53 53 53 54 54 54
-9999 -9999 -9999 -9999 -9999 -9999 -9999 -9999 -9999 -9999 -9999 -9999 -9999 -9999 -9999 -9999 -9999 -9999 -9999 -9999 -9999 -9999 -9999 -9999 -9999 -9999 -9999 84 83 -9999 -9999 -9999 -9999 -9999 -9999 -9999 -9999 75 75 75 75 74 74 74 74 73 73 72 72 71 71 70 70 68 68 67 67 65 65 64 63 62 62 60 60 59 57 56 55 54 54 53 53 53 53 52 52 52 52 52 52 53 53
-9999 -9999 -9999 -9999 -9999 -9999 -9999 -9999 -9999 -9999 -9999 -9999 -9999 -9999 -9999 -9999 -9999 -9999 -9999 -9999 -9999 -9999 -9999 -9999 -9999 -9999 -9999 -9999 -9999 -9999 -9999 -9999 -9999 -9999 -9999 -9999 -9999 75 75 75 75 74 74 74 74 73 73 71 71 70 70 69 69 68 68 66 66 65 64 63 62 61 62 60 59 58 56 55 54 54 53 52 52 52 52 51 51 51 51 51 51 51 51
-9999 -9999 -9999 -9999 -9999 -9999 -9999 -9999 -9999 -9999 -9999 -9999 -9999 -9999 -9999 -9999 -9999 -9999 -9999 -9999 -9999 -9999 -9999 -9999 -9999 -9999 -9999 -9999 -9999 -9999 -9999 -9999 79 -9999 -9999 76 76 75 76 75 75 75 74 74 74 73 73 72 71 70 70 69 68 68 67 66 65 65 63 63 62 61 60 59 59 57 56 55 54 53 52 51 51 51 51 50 50 50 50 50 50 50 50
-9999 -9999 -9999 -9999 -9999 -9999 -9999 -9999 -9999 -9999 -9999 -9999 -9999 -9999 -9999 -9999 -9999 -9999 -9999 -9999 -9999 -9999 -9999 -9999 -9999 -9999 -9999 -9999 -9999 -9999 -9999 -9999 -9999 -9999 -9999 76 76 75 76 75 75 75 75 74 74 73 73 72 71 70 70 69 68 68 67 66 65 64 63 62 61 60 59 58 58 57 56 54 53 51 51 51 50 49 49 49 49 49 49 49 49 49 49
-9999 -9999 -9999 -9999 -9999 -9999 -9999 -9999 -9999 -9999 -9999 -9999 -9999 -9999 -9999 -9999 -9999 -9999 -9999 -9999 -9999 -9999 -9999 -9999 -9999 -9999 -9999 -9999 -9999 -9999 -9999 -9999 -9999 -9999 -9999 76 77 77 77 77 76 75 75 74 74 74 73 72 71 71 70 69 69 68 67 66 65 64 63 61 61 59 58 58 57 56 55 53 51 50 50 50 49 48 48 48 48 48 48 48 48 48 48
-9999 -9999 -9999 -9999 -9999 -9999 -9999 -9999 -9999 -9999 -9999 -9999 -9999 -9999 -9999 -9999 -9999 -9999 -9999 -9999 -9999 -9999 -9999 -9999 -9999 -9999 -9999 -9999 -9999 -9999 -9999 -9999 -9999 -9999 -9999 77 77 77 78 77 76 75 75 75 74 74 73 72 72 71 70 69 69 67 67 65 65 63 62 61 60 59 58 57 56 55 55 53 51 50 49 48 48 47 46 46 46 46 46 46 46 46 46
-9999 -9999 -9999 -9999 -9999 -9999 -9999 -9999 -9999 -9999 -9999 -9999 -9999 -9999 -9999 -9999 -9999 -9999 -9999 -9999 -9999 -9999 -9999 -9999 -9999 -9999 -9999 -9999 -9999 -9999 -9999 -9999 -9999 -9999 78 77 78 78 78 77 76 75 75 75 75 75 74 73 73 71 71 69 68 67 66 64 64 62 62 60 60 58 58 56 55 54 53 52 50 50 48 47 47 46 46 45 44 45 45 45 45 45 45
-9999 -9999 -9999 -9999 -9999 -9999 -9999 -9999 -9999 -9999 -9999 -9999 -9999 -9999 -9999 -9999 -9999 -9999 -9999 -9999 -9999 -9999 -9999 -9999 -9999 -9999 -9999 -9999 -9999 -9999 -9999 -9999 -9999 -9999 78 78 78 78 77 76 76 76 76 76 75 75 74 73 73 71 71 69 68 66 66 64 63 62 61 60 59 57 57 55 54 53 52 51 50 49 48 46 46 45 45 44 44 43 43 43 43 43 43
-9999 -9999 -9999 -9999 -9999 -9999 -9999 -9999 -9999 -9999 -9999 -9999 -9999 -9999 -9999 -9999 -9999 -9999 -9999 -9999 -9999 -9999 -9999 -9999 -9999 -9999 -9999 -9999 -9999 -9999 -9999 -9999 -9999 79 79 78 78 77 78 77 77 77 77 76 76 75 75 73 73 71 70 69 68 66 65 64 63 62 61 59 59 57 56 55 53 53 51 50 49 49 47 46 45 44 43 43 43 42 42 42 42 42 42
-9999 -9999 -9999 -9999 -9999 -9999 -9999 -9999 -9999 -9999 -9999 -9999 -9999 -9999 -9999 -9999 -9999 -9999 -9999 -9999 -9999 -9999 -9999 -9999 -9999 -9999 -9999 -9999 -9999 -9999 -9999 -9999 -9999 79 79 79 78 78 78 78 78 78 78 77 77 75 75 73 73 71 70 69 68 66 65 63 63 61 61 59 58 56 56 54 53 52 51 49 49 48 46 45 44 43 42 42 42 42 42 42 42 42 41
-9999 -9999 -9999 -9999 -9999 -9999 -9999 -9999 -9999 -9999 -9999 -9999 -9999 -9999 -9999 -9999 -9999 -9999 -9999 -9999 -9999 -9999 -9999 -9999 -9999 -9999 -9999 -9999 -9999 -9999 -9999 80 80 80 80 80 80 80 80 79 79 79 78 77 77 76 75 73 72 71 70 69 68 67 65 64 63 62 60 58 58 56 55 53 52 51 50 49 48 47 46 44 43 42 42 41 41 41 40 40 40 40 40
-9999 -9999 -9999 -9999 -9999 -9999 -9999 -9999 -9999 -9999 -9999 -9999 -9999 -9999 -9999 -9999 -9999 -9999 -9999 -9999 -9999 -9999 -9999 -9999 -9999 -9999 -9999 -9999 -9999 -9999 82 81 81 81 81 80 80 80 80 80 79 79 79 78 77 75 75 73 73 72 71 69 68 67 65 64 62 62 60 58 57 56 55 53 52 51 49 48 47 46 45 44 42 41 41 41 41 40 40 40 40 40 40
-9999 -9999 -9999 -9999 -9999 -9999 -9999 -9999 -9999 -9999 -9999 -9999 -9999 -9999 -9999 -9999 -9999 -9999 -9999 -9999 -9999 -9999 -9999 -9999 -9999 -9999 -9999 -9999 -9999 83 83 82 82 82 82 82 82 81 81 81 81 81 80 79 78 77 75 75 74 73 71 70 68 67 65 64 62 61 59 58 57 55 54 53 51 50 49 47 46 45 44 43 42 41 40 40 39 39 39 39 39 39 39
-9999 -9999 -9999 -9999 -9999 -9999 -9999 -9999 -9999 -9999 -9999 -9999 -9999 -9999 -9999 -9999 -9999 -9999 -9999 -9999 -9999 -9999 -9999 -9999 -9999 -9999 -9999 -9999 83 83 83 83 83 82 83 82 82 82 82 82 82 81 80 80 79 78 76 75 74 73 71 70 68 67 65 64 62 61 59 58 56 55 54 52 51 50 48 47 46 45 43 42 41 40 39 39 39 39 39 39 39 39 39
-9999 -9999 -9999 -9999 -9999 -9999 -9999 -9999 -9999 -9999 -9999 -9999 -9999 -9999 -9999 -9999 -9999 -9999 -9999 -9999 -9999 -9999 -9999 -9999 -9999 -9999 86 86 85 85 85 84 84 84 83 83 83 83 84 84 84 83 83 82 80 79 78 76 75 73 72 70 69 67 66 64 62 61 59 58 56 54 54 52 50 49 48 46 45 44 43 42 41 40 39 38 38 38 38 38 38 38 37
-9999 -9999 -9999 -9999 -9999 -9999 -9999 -9999 -9999 -9999 -9999 -9999 -9999 -9999 -9999 -9999 -9999 -9999 -9999 -9999 -9999 -9999 -9999 -9999 -9999 88 88 87 86 86 85 85 85 84 84 84 84 84 85 85 86 85 83 83 81 80 78 77 75 73 72 70 68 67 65 64 62 61 59 58 56 54 53 51 50 49 47 46 45 44 43 42 40 39 38 38 38 38 38 38 38 38 37
-9999 -9999 -9999 -9999 -9999 -9999 -9999 -9999 -9999 -9999 -9999 -9999 -9999 -9999 -9999 -9999 -9999 -9999 -9999 -9999 -9999 -9999 -9999 90 90 90 90 88 87 86 85 85 86 85 85 85 86 87 87 87 87 86 86 84 83 81 80 77 76 73 72 69 68 66 65 63 62 60 59 58 56 54 53 51 50 49 47 46 44 43 42 41 40 39 38 38 37 37 37 37 36 36 36
-9999 -9999 -9999 -9999 -9999 -9999 -9999 -9999 -9999 -9999 -9999 -9999 -9999 -9999 -9999 -9999 -9999 -9999 -9999 -9999 -9999 -9999 92 92 91 90 90 89 88 87 86 85 85 85 85 86 87 87 88 88 89 88 87 87 86 83 80 78 76 73 71 69 68 66 65 63 62 60 59 58 56 54 53 51 50 49 47 45 44 43 42 41 40 39 38 38 37 36 36 36 36 36 36
-9999 -9999 -9999 -9999 -9999 -9999 -9999 -9999 -9999 -9999 -9999 -9999 -9999 -9999 -9999 -9999 -9999 -9999 -9999 -9999 -9999 -9999 93 93 92 91 90 89 89 88 87 86 86 86 86 87 88 89 91 92 102 101 102 95 91 87 85 82 79 77 74 70 67 65 65 63 62 61 59 58 56 54 53 52 50 48 47 46 44 42 42 41 40 39 38 38 37 37 36 36 36 36 36
-9999 -9999 -9999 -9999 -9999 -9999 -9999 -9999 -9999 -9999 -9999 -9999 -9999 -9999 -9999 -9999 -9999 -9999 -9999 -9999 -9999 94 94 94 93 92 90 89 89 88 88 87 86 86 86 87 89 91 93 103 102 106 106 96 83 86 83 81 79 76 75 71 69 66 65 63 62 60 58 58 56 55 54 52 50 48 48 46 44 43 42 41 40 39 39 38 38 37 37 36 36 36 36
-9999 -9999 -9999 -9999 -9999 -9999 -9999 -9999 -9999 -9999 -9999 -9999 -9999 -9999 -9999 -9999 -9999 -9999 -9999 -9999 97 97 96 95 94 93 92 91 90 89 89 89 88 88 88 89 91 109 108 107 114 115 105 91 78 85 83 80 77 75 73 71 69 66 65 63 62 61 59 57 57 55 53 53 51 49 47 46 45 43 42 41 41 40 39 39 38 38 37 37 36 36 36
-9999 -9999 -9999 -9999 -9999 -9999 -9999 -9999 -9999 -9999 -9999 -9999 -9999 -9999 -9999 -9999 -9999 -9999 99 99 99 98 97 95 94 93 92 91 91 90 89 89 89 88 88 96 103 108 119 120 116 117 104 90 84 84 81 78 75 74 71 70 68 66 65 63 62 61 59 58 57 56 54 53 52 50 48 47 46 44 43 42 41 41 40 40 39 38 38 37 37 36 36
-9999 -9999 -9999 -9999 -9999 -9999 -9999 -9999 -9999 -9999 -9999 -9999 -9999 -9999 -9999 105 103 103 102 101 100 98 98 97 95 94 93 93 92 91 91 90 90 90 95 101 113 122 121 120 123 114 109 100 92 82 79 76 74 72 71 69 67 66 65 63 63 61 60 59 58 57 55 53 52 51 49 48 46 45 44 43 42 40 40 40 39 39 39 38 38 37 36
