Electronic Materials (Flash Drives)/data/NZclimate/current/bio01nz.asc
ncols         384
nrows         384
xllcorner     164
yllcorner     -49.000000000001
cellsize      0.041666666666667
NODATA_value  -9999
[rows 105 to 139 of 384, columns 240 to 319 of 384]
-9999 -9999 -9999 -9999 -9999 -9999 -9999 -9999 -9999 -9999 -9999 -9999 -9999 -9999 -9999 -9999 147 143 135 138 140 143 145 144 145 146 145 146 146 145 144 140 133 135 143 146 146 146 146 146 144 133 138 138 141 139 142 -9999 -9999 -9999 -9999 -9999 -9999 -9999 -9999 -9999 -9999 -9999 -9999 -9999 -9999 -9999 -9999 -9999 -9999 -9999 -9999 -9999 -9999 -9999 -9999 -9999 -9999 -9999 -9999 -9999 -9999 -9999 -9999 -9999
-9999 -9999 -9999 -9999 -9999 -9999 -9999 -9999 -9999 -9999 -9999 -9999 -9999 -9999 -9999 -9999 145 142 138 139 140 142 141 145 145 146 146 146 146 144 140 140 136 131 134 143 145 145 145 144 139 133 139 138 139 139 144 146 -9999 -9999 -9999 -9999 -9999 -9999 -9999 -9999 -9999 -9999 -9999 -9999 -9999 -9999 -9999 -9999 -9999 -9999 -9999 -9999 -9999 -9999 -9999 -9999 -9999 -9999 -9999 -9999 -9999 -9999 -9999 -9999
-9999 -9999 -9999 -9999 -9999 -9999 -9999 -9999 -9999 -9999 -9999 -9999 -9999 -9999 -9999 -9999 -9999 142 143 143 140 142 142 144 145 145 146 145 145 145 143 142 131 136 138 141 145 145 145 145 142 128 130 124 132 137 145 146 145 -9999 -9999 -9999 -9999 -9999 -9999 -9999 -9999 -9999 -9999 -9999 -9999 -9999 -9999 -9999 -9999 -9999 -9999 -9999 -9999 -9999 -9999 -9999 -9999 -9999 -9999 -9999 -9999 -9999 -9999 -9999
-9999 -9999 -9999 -9999 -9999 -9999 -9999 -9999 -9999 -9999 -9999 -9999 -9999 -9999 -9999 -9999 -9999 145 144 140 139 140 142 144 143 145 144 145 144 142 144 144 143 143 142 142 145 145 145 144 144 124 117 120 130 141 144 145 145 145 -9999 -9999 -9999 -9999 -9999 -9999 -9999 -9999 -9999 -9999 -9999 -9999 -9999 -9999 -9999 -9999 -9999 -9999 -9999 -9999 -9999 -9999 -9999 -9999 -9999 148 142 -9999 -9999 -9999
-9999 -9999 -9999 -9999 -9999 -9999 -9999 -9999 -9999 -9999 -9999 -9999 -9999 -9999 -9999 -9999 -9999 -9999 142 139 139 139 143 141 138 142 144 144 141 143 144 144 143 142 139 140 144 144 144 144 144 140 134 115 129 143 145 145 145 145 144 -9999 -9999 -9999 -9999 -9999 -9999 -9999 -9999 -9999 -9999 -9999 -9999 -9999 -9999 -9999 -9999 -9999 -9999 -9999 -9999 -9999 -9999 -9999 -9999 -9999 -9999 -9999 -9999 -9999
-9999 -9999 -9999 -9999 -9999 -9999 -9999 -9999 -9999 -9999 -9999 -9999 -9999 -9999 -9999 -9999 -9999 -9999 141 142 140 140 140 137 136 140 141 139 142 143 143 142 142 142 141 142 143 143 143 143 143 143 143 133 128 141 144 145 145 144 145 145 -9999 -9999 -9999 -9999 -9999 146 144 -9999 -9999 -9999 -9999 -9999 -9999 -9999 -9999 -9999 -9999 -9999 -9999 -9999 -9999 -9999 -9999 -9999 -9999 -9999 -9999 -9999
-9999 -9999 -9999 -9999 -9999 -9999 -9999 -9999 -9999 -9999 -9999 -9999 -9999 -9999 -9999 -9999 -9999 -9999 -9999 142 142 141 138 138 138 137 137 139 143 143 142 142 142 142 142 142 142 143 142 142 143 143 143 137 120 134 141 143 144 145 145 145 144 144 -9999 -9999 -9999 144 144 -9999 -9999 -9999 -9999 -9999 -9999 -9999 -9999 -9999 -9999 -9999 -9999 -9999 -9999 -9999 -9999 -9999 -9999 -9999 -9999 -9999
-9999 -9999 -9999 -9999 -9999 -9999 -9999 -9999 -9999 -9999 -9999 -9999 -9999 -9999 -9999 -9999 -9999 -9999 -9999 141 142 141 139 139 137 134 137 142 142 141 142 141 141 141 141 141 140 142 141 141 142 142 142 142 122 123 132 137 141 143 144 144 144 144 144 145 -9999 -9999 -9999 -9999 -9999 -9999 -9999 -9999 -9999 -9999 -9999 -9999 -9999 -9999 -9999 -9999 -9999 -9999 -9999 -9999 -9999 -9999 -9999 -9999
-9999 -9999 -9999 -9999 -9999 -9999 -9999 -9999 -9999 -9999 -9999 -9999 -9999 -9999 -9999 -9999 -9999 -9999 -9999 142 142 140 141 141 136 134 140 142 141 141 141 141 141 140 141 137 138 141 140 140 141 141 141 141 138 120 123 129 134 139 143 143 143 142 141 145 145 145 -9999 145 -9999 -9999 -9999 -9999 -9999 -9999 -9999 -9999 -9999 -9999 -9999 -9999 -9999 -9999 -9999 -9999 -9999 -9999 -9999 -9999
-9999 -9999 -9999 -9999 -9999 -9999 -9999 -9999 -9999 -9999 -9999 -9999 -9999 -9999 -9999 -9999 -9999 -9999 -9999 -9999 140 142 143 141 133 134 141 141 141 141 140 140 140 140 140 138 134 135 138 139 139 140 141 141 141 120 120 124 133 141 141 140 135 133 137 144 145 144 144 144 145 -9999 -9999 -9999 -9999 -9999 -9999 -9999 -9999 -9999 -9999 -9999 -9999 -9999 -9999 -9999 -9999 -9999 -9999 -9999
-9999 -9999 -9999 -9999 -9999 -9999 -9999 -9999 -9999 -9999 -9999 -9999 -9999 -9999 -9999 -9999 -9999 -9999 143 141 142 141 142 141 136 135 139 141 141 140 140 139 139 139 139 136 131 131 129 135 137 139 140 140 139 122 118 130 133 136 135 133 129 126 135 140 142 143 144 144 144 144 145 -9999 -9999 -9999 -9999 -9999 -9999 -9999 -9999 -9999 -9999 -9999 -9999 -9999 -9999 -9999 -9999 -9999
-9999 -9999 -9999 -9999 -9999 -9999 -9999 -9999 -9999 -9999 -9999 -9999 -9999 -9999 -9999 -9999 -9999 -9999 128 125 136 138 136 134 139 135 135 140 140 140 139 139 139 139 139 139 134 132 130 129 135 138 139 140 140 130 118 127 130 129 127 126 126 129 131 135 139 142 142 142 142 142 143 143 142 145 -9999 -9999 -9999 -9999 -9999 145 -9999 -9999 -9999 -9999 -9999 -9999 -9999 -9999
-9999 -9999 -9999 -9999 -9999 -9999 -9999 -9999 -9999 -9999 -9999 -9999 -9999 -9999 -9999 -9999 -9999 -9999 137 134 136 133 130 124 137 136 138 140 140 140 139 139 139 139 139 138 138 136 133 134 136 138 138 138 139 135 120 120 123 122 122 122 121 124 128 132 137 138 138 138 139 140 139 139 137 135 144 145 145 145 -9999 -9999 -9999 -9999 -9999 -9999 -9999 -9999 -9999 -9999
-9999 -9999 -9999 -9999 -9999 -9999 -9999 -9999 -9999 -9999 -9999 -9999 -9999 -9999 -9999 -9999 -9999 -9999 140 140 140 135 134 129 132 130 134 138 140 139 139 139 138 138 138 138 135 137 136 135 135 136 138 138 137 133 117 119 118 118 116 118 120 124 127 131 134 133 134 136 134 136 137 136 131 138 145 145 145 145 145 145 144 -9999 -9999 -9999 -9999 -9999 -9999 -9999
-9999 -9999 -9999 -9999 -9999 -9999 -9999 -9999 -9999 -9999 -9999 -9999 -9999 -9999 -9999 -9999 -9999 -9999 138 140 142 138 131 125 124 115 112 127 139 139 139 139 138 138 138 137 132 134 133 136 135 134 136 137 135 131 122 115 114 115 115 117 120 123 126 127 130 129 130 131 129 130 129 127 128 140 144 144 144 145 145 143 139 144 145 145 144 145 145 144
-9999 -9999 -9999 -9999 -9999 -9999 -9999 -9999 -9999 -9999 -9999 -9999 -9999 -9999 -9999 -9999 -9999 -9999 142 140 140 135 131 133 126 114 115 128 138 140 139 139 138 138 137 132 128 116 124 135 135 133 135 135 133 130 125 117 114 114 115 116 121 123 124 125 128 128 127 125 127 125 125 126 135 143 144 144 142 137 140 143 134 142 144 144 144 143 145 144
-9999 -9999 -9999 -9999 -9999 -9999 -9999 -9999 -9999 -9999 -9999 -9999 -9999 -9999 -9999 -9999 -9999 -9999 141 140 141 141 139 135 127 123 130 136 139 138 138 138 139 138 137 134 129 126 131 135 135 134 133 133 131 127 122 116 114 113 115 120 126 128 129 129 126 123 123 120 117 122 125 133 140 143 142 142 135 134 139 143 139 137 138 142 141 137 143 143
-9999 -9999 -9999 -9999 -9999 -9999 -9999 -9999 -9999 -9999 -9999 -9999 -9999 -9999 -9999 -9999 141 134 141 142 141 140 140 133 128 129 134 136 138 138 139 138 137 138 138 136 133 133 134 134 134 132 131 130 129 127 123 117 114 113 114 121 118 127 128 128 121 115 117 109 117 122 124 134 140 133 135 137 132 137 140 143 141 138 138 141 137 127 138 134
-9999 -9999 -9999 -9999 -9999 -9999 -9999 -9999 -9999 -9999 -9999 -9999 -9999 -9999 -9999 -9999 138 138 137 140 138 133 135 128 125 132 135 135 138 139 138 137 136 137 136 134 134 133 132 133 130 130 129 129 128 125 123 122 115 111 110 117 122 127 127 123 118 123 113 105 126 133 136 139 134 130 130 133 128 134 140 142 137 142 142 138 133 122 132 126
-9999 -9999 -9999 -9999 -9999 -9999 -9999 -9999 -9999 -9999 -9999 -9999 -9999 -9999 -9999 -9999 142 138 135 130 134 129 131 122 119 129 131 132 138 138 138 137 137 135 134 133 133 131 129 128 129 127 127 126 126 123 120 117 113 109 107 112 117 122 123 115 118 126 127 123 122 128 131 132 126 125 129 134 128 127 130 137 132 133 137 125 127 113 129 128
-9999 -9999 -9999 -9999 -9999 -9999 -9999 -9999 -9999 -9999 -9999 -9999 -9999 -9999 -9999 -9999 -9999 135 133 130 128 125 125 118 121 129 133 137 138 138 138 137 133 134 131 128 126 127 122 123 128 125 123 123 124 123 121 117 113 110 112 113 120 122 120 118 115 121 126 112 102 113 122 123 121 124 129 135 131 120 116 129 126 121 130 120 124 116 125 128
-9999 -9999 -9999 -9999 -9999 -9999 -9999 -9999 -9999 -9999 -9999 -9999 -9999 -9999 -9999 -9999 -9999 134 137 136 133 130 128 125 124 132 135 137 138 136 135 129 132 132 127 122 121 121 120 124 128 125 122 120 122 121 120 118 115 114 118 118 123 122 119 113 115 120 124 122 117 118 120 121 122 126 130 133 124 118 115 122 128 121 131 118 118 110 122 126
-9999 -9999 -9999 -9999 -9999 -9999 -9999 -9999 -9999 -9999 -9999 -9999 -9999 -9999 -9999 -9999 141 137 131 130 128 128 125 123 124 130 135 137 134 132 129 124 131 125 114 114 114 116 121 125 129 127 123 122 123 121 116 120 123 121 121 122 124 124 122 118 115 119 120 119 119 120 122 121 123 128 133 131 118 116 115 127 131 127 126 125 122 106 113 125
-9999 -9999 -9999 -9999 -9999 -9999 -9999 -9999 -9999 -9999 -9999 -9999 -9999 -9999 -9999 141 131 136 126 120 126 126 123 121 124 130 136 133 133 128 126 126 127 118 107 104 106 112 120 125 127 127 128 129 124 114 116 124 125 125 120 121 125 120 117 117 122 121 118 116 116 118 119 121 125 131 135 132 110 112 116 126 129 122 121 117 115 102 115 118
-9999 -9999 -9999 -9999 -9999 -9999 -9999 -9999 -9999 -9999 -9999 -9999 -9999 -9999 -9999 138 129 131 119 119 125 123 124 122 126 129 131 131 129 129 128 127 123 117 111 109 106 111 118 123 126 127 129 124 114 114 124 124 125 124 122 122 120 112 111 124 126 123 117 115 114 115 119 122 129 134 134 132 112 110 117 124 127 119 120 118 104 104 115 114
-9999 -9999 -9999 -9999 -9999 -9999 -9999 -9999 -9999 -9999 -9999 -9999 -9999 -9999 -9999 135 130 124 118 120 125 127 128 127 129 132 131 130 128 127 126 125 118 117 114 113 110 111 114 118 123 126 126 125 120 123 123 123 114 119 118 122 115 114 120 125 126 123 116 114 113 115 120 125 131 133 131 112 116 111 123 120 124 114 119 112 102 109 111 110
-9999 -9999 -9999 -9999 -9999 -9999 -9999 -9999 -9999 -9999 -9999 -9999 -9999 -9999 -9999 136 133 126 116 124 127 128 131 129 133 131 129 129 128 128 125 123 120 119 116 115 111 111 111 114 119 121 121 120 114 116 117 118 109 111 112 122 120 118 123 126 126 122 117 114 113 116 120 124 130 131 123 101 114 109 117 119 118 115 109 111 99 100 105 105
-9999 -9999 -9999 -9999 -9999 -9999 -9999 -9999 -9999 -9999 -9999 -9999 -9999 -9999 -9999 135 128 121 114 126 129 132 130 130 132 130 130 126 123 122 120 122 121 114 115 115 111 110 106 106 104 114 118 117 114 113 116 115 110 112 116 119 124 124 123 126 125 119 115 113 115 118 119 123 122 124 120 110 110 113 117 120 109 111 112 109 92 91 93 100
-9999 -9999 -9999 -9999 -9999 -9999 -9999 -9999 -9999 -9999 -9999 -9999 -9999 -9999 -9999 135 128 124 117 126 134 136 134 133 132 131 130 129 123 120 120 120 116 118 118 113 111 108 98 98 108 114 116 115 110 107 112 111 112 112 116 120 121 123 124 125 121 113 109 113 117 119 120 121 117 118 120 108 103 105 109 117 109 107 111 97 94 96 99 103
-9999 -9999 -9999 -9999 -9999 -9999 -9999 -9999 -9999 -9999 -9999 -9999 -9999 -9999 140 132 130 128 134 134 133 137 136 133 132 131 125 128 126 119 119 123 127 124 119 115 112 104 97 101 108 114 115 113 111 112 109 110 113 116 118 120 122 123 125 123 113 109 108 112 116 117 119 113 117 120 122 110 110 107 115 113 102 97 92 86 94 102 104 103
-9999 -9999 -9999 -9999 -9999 -9999 -9999 -9999 -9999 -9999 -9999 -9999 -9999 -9999 140 135 132 130 129 123 124 136 132 132 127 124 123 123 120 116 122 126 125 120 116 115 105 96 95 102 109 112 115 115 115 116 117 111 112 116 119 117 121 122 120 112 109 108 109 111 113 114 113 110 116 122 113 108 105 109 114 109 96 93 85 89 99 102 104 116
-9999 -9999 -9999 -9999 -9999 -9999 -9999 -9999 -9999 -9999 -9999 -9999 -9999 -9999 139 135 136 136 132 133 128 131 125 124 122 127 123 124 122 123 124 123 120 114 112 107 103 99 106 110 112 113 118 120 121 120 116 116 116 120 118 108 116 116 113 106 107 109 110 110 110 109 106 110 116 109 100 99 100 107 98 92 92 101 89 90 91 98 104 114
-9999 -9999 -9999 -9999 -9999 -9999 -9999 -9999 -9999 -9999 -9999 -9999 -9999 -9999 138 135 133 131 129 127 129 126 123 124 125 128 127 125 125 123 125 123 124 115 105 100 95 102 106 109 111 116 121 121 122 122 122 121 120 121 117 112 110 110 105 105 107 108 109 108 106 104 101 108 111 99 100 103 109 104 93 95 100 107 101 97 101 102 105 115
-9999 -9999 -9999 -9999 -9999 -9999 -9999 -9999 -9999 -9999 -9999 -9999 -9999 -9999 136 133 133 131 127 121 119 118 121 127 127 130 129 127 122 125 122 121 122 115 102 98 100 96 99 105 112 117 121 121 122 122 122 122 122 122 118 114 108 103 104 105 106 107 106 106 102 101 98 105 102 96 103 97 106 97 103 103 110 110 112 108 102 112 123 120
-9999 -9999 -9999 -9999 -9999 -9999 -9999 -9999 -9999 -9999 -9999 -9999 -9999 139 136 135 133 129 123 119 117 119 123 128 130 127 120 119 120 127 123 125 124 115 115 111 103 95 95 102 111 113 113 117 122 122 122 122 121 118 117 113 106 102 102 104 104 104 105 103 100 99 96 98 95 92 92 94 115 102 107 103 102 99 111 123 121 123 128 128
