Electronic Materials (Flash Drives)/data/NZclimate/current/bio01nz.asc
ncols         384
nrows         384
xllcorner     164
yllcorner     -49.000000000001
cellsize      0.041666666666667
NODATA_value  -9999
[rows 140 to 174 of 384, columns 240 to 319 of 384]
-9999 -9999 -9999 -9999 -9999 -9999 -9999 -9999 -9999 -9999 -9999 -9999 139 134 136 135 133 130 125 118 116 115 119 131 129 124 121 121 117 127 127 125 126 123 120 114 104 96 99 107 115 117 118 120 121 122 122 122 119 114 113 112 107 102 100 102 104 104 104 101 101 95 94 94 90 94 98 99 104 119 106 108 110 114 117 124 131 127 124 125
-9999 -9999 -9999 -9999 -9999 -9999 -9999 -9999 -9999 -9999 -9999 138 134 134 133 132 132 131 127 120 117 117 123 129 131 127 122 126 120 127 128 127 127 125 122 113 105 103 105 110 110 115 120 121 121 121 120 114 109 110 110 110 107 102 101 101 103 102 103 99 102 94 96 94 96 90 98 113 106 106 124 125 124 124 124 128 124 130 136 129
-9999 -9999 -9999 -9999 -9999 -9999 -9999 -9999 -9999 -9999 138 136 134 134 131 126 125 122 123 119 118 118 125 128 131 129 126 128 127 129 128 125 124 124 122 112 110 104 107 108 103 111 121 121 121 119 117 109 107 106 111 107 104 99 100 101 102 103 100 100 102 95 99 92 87 96 103 112 101 118 120 119 126 130 131 132 131 136 137 137
-9999 -9999 -9999 -9999 138 138 137 137 137 137 136 134 133 133 127 125 125 123 125 125 121 123 124 128 131 127 127 125 121 122 119 121 117 119 114 113 109 105 105 104 89 97 118 120 119 116 113 111 108 105 105 101 95 91 101 100 97 99 98 99 103 103 103 103 93 101 112 112 106 119 118 120 124 121 126 129 130 132 131 135
-9999 -9999 138 137 137 136 135 135 136 133 133 134 133 128 126 127 125 123 126 127 128 127 125 126 128 128 128 122 117 116 119 116 113 113 102 106 109 106 106 107 106 100 102 117 117 110 105 103 102 98 95 90 93 96 102 99 97 98 96 90 98 110 110 104 100 108 118 124 122 122 124 125 127 133 127 127 133 135 135 138
136 136 136 134 134 134 134 133 133 133 130 132 129 129 127 128 125 124 125 128 128 127 126 126 125 128 121 119 124 124 120 118 111 108 96 102 101 100 100 100 107 108 99 113 113 105 97 92 84 87 92 88 87 92 103 100 96 97 90 88 96 110 113 104 110 120 116 117 115 117 121 125 127 131 133 134 133 137 138 138
133 132 132 132 131 131 131 132 132 130 130 129 128 129 127 124 124 125 126 127 130 126 128 127 125 128 126 126 124 123 124 119 112 107 103 98 95 91 83 69 79 99 105 108 104 95 83 81 77 79 76 83 81 96 98 96 101 95 97 93 99 109 106 115 121 112 103 105 119 128 130 133 131 133 134 136 138 138 141 142
128 127 128 127 128 129 131 131 131 131 130 128 130 129 126 123 125 127 124 125 129 127 126 127 120 121 119 124 115 115 121 113 106 100 97 96 93 85 69 53 68 86 98 102 89 74 73 72 73 72 76 82 88 83 91 94 97 100 93 103 107 109 110 118 115 90 101 114 120 127 130 134 138 138 139 137 141 -9999 -9999 -9999
116 117 120 122 124 126 128 129 128 130 129 129 129 128 126 125 125 126 124 123 126 124 125 122 120 117 116 115 112 109 115 110 101 96 94 91 86 79 70 72 78 87 94 90 80 72 69 76 80 77 74 81 86 82 75 81 90 98 105 110 113 109 115 118 102 95 118 126 127 130 130 135 136 139 142 -9999 -9999 -9999 -9999 -9999
89 97 110 115 120 122 125 126 128 128 129 128 127 127 126 125 122 118 124 128 127 127 124 124 119 118 112 112 115 111 107 107 101 96 76 80 71 59 62 73 81 88 90 85 76 70 70 81 75 78 76 83 79 84 82 79 82 80 97 108 108 105 108 100 110 119 126 127 130 130 125 127 130 -9999 -9999 -9999 -9999 -9999 -9999 -9999
92 76 93 106 114 119 121 123 127 127 126 127 129 129 126 125 123 121 122 128 127 128 125 126 122 123 118 114 118 116 108 104 100 96 89 77 54 20 45 67 78 84 81 72 67 67 76 85 82 79 73 88 81 76 79 86 72 75 92 105 107 109 110 117 121 123 128 123 121 128 132 134 135 -9999 -9999 -9999 -9999 -9999 -9999 -9999
91 61 87 103 111 117 120 123 125 127 127 127 129 125 126 126 124 120 117 115 125 125 123 127 125 119 118 117 120 118 113 105 100 96 89 80 62 41 57 73 81 84 77 70 75 79 79 76 88 85 90 94 85 83 92 86 76 91 97 104 109 110 116 124 125 126 131 131 127 134 136 138 -9999 -9999 -9999 -9999 -9999 -9999 -9999 -9999
109 102 105 110 114 118 121 124 126 127 129 128 127 124 121 115 113 115 114 113 107 115 119 123 126 121 123 126 122 115 111 106 102 98 93 88 82 77 80 84 87 86 83 83 80 77 79 82 92 91 92 94 87 86 96 93 97 101 110 108 119 120 122 125 128 130 135 135 133 140 141 -9999 -9999 -9999 -9999 -9999 -9999 -9999 -9999 -9999
120 117 117 118 120 122 124 125 125 126 129 129 127 121 119 115 113 118 117 115 110 110 117 122 125 125 123 115 108 107 109 109 108 106 101 99 95 91 93 92 92 92 91 89 83 73 82 84 90 90 95 94 95 90 93 104 103 104 106 115 122 124 128 127 130 132 132 137 139 141 -9999 -9999 -9999 -9999 -9999 -9999 -9999 -9999 -9999 -9999
125 124 124 124 124 125 127 126 126 125 127 130 127 125 124 121 122 122 120 120 117 118 122 122 128 120 116 114 109 114 111 111 111 108 105 103 102 100 99 96 94 91 93 93 81 85 98 94 97 98 93 92 96 103 104 104 105 105 110 122 126 129 130 132 132 135 131 139 142 -9999 -9999 -9999 -9999 -9999 -9999 -9999 -9999 -9999 -9999 -9999
129 129 129 128 128 128 128 126 128 127 128 130 128 128 125 123 123 127 122 122 122 119 114 115 123 125 114 112 108 111 108 110 105 105 106 107 104 102 101 97 95 91 87 93 97 102 101 94 101 99 93 92 97 105 102 108 115 113 118 123 126 128 129 132 136 136 136 140 142 141 -9999 -9999 -9999 -9999 -9999 -9999 -9999 -9999 -9999 -9999
133 133 132 131 131 131 130 130 128 129 128 125 128 129 128 129 124 126 126 123 116 121 121 113 116 123 121 119 113 115 113 113 111 106 108 106 103 101 99 95 95 92 87 89 94 100 94 95 102 100 99 94 84 111 102 107 118 120 123 124 126 127 130 133 137 138 140 140 141 142 -9999 -9999 -9999 -9999 -9999 -9999 -9999 -9999 -9999 -9999
134 134 134 134 133 133 132 132 132 128 126 123 125 130 124 129 123 119 125 129 126 126 118 110 114 127 127 121 114 116 120 113 107 108 111 108 111 110 108 101 98 92 92 97 107 105 99 98 104 102 89 86 92 94 82 92 111 121 129 129 130 131 132 135 138 139 140 141 141 142 142 -9999 -9999 -9999 -9999 -9999 -9999 -9999 -9999 -9999
-9999 -9999 -9999 -9999 134 133 132 133 134 131 128 126 127 129 128 126 122 120 122 127 128 121 119 115 118 117 123 126 122 113 117 119 115 114 115 113 110 110 110 105 107 104 104 105 110 109 102 104 105 98 83 80 90 86 80 100 120 124 125 124 130 133 135 135 137 139 140 141 141 141 141 -9999 -9999 -9999 -9999 -9999 -9999 -9999 -9999 -9999
-9999 -9999 -9999 -9999 -9999 -9999 -9999 133 134 133 130 127 125 130 129 122 126 128 129 127 130 129 126 121 122 124 116 123 125 115 111 121 119 115 119 113 106 113 110 109 107 109 111 110 108 112 111 108 104 104 84 84 79 79 81 111 115 121 123 126 128 133 135 136 138 139 140 141 141 141 139 138 134 136 -9999 -9999 -9999 -9999 -9999 -9999
-9999 -9999 -9999 -9999 -9999 -9999 -9999 -9999 135 133 132 132 131 129 128 126 128 133 131 129 132 127 122 122 122 123 127 128 118 114 114 122 119 119 118 109 115 113 110 114 109 103 110 114 112 112 115 110 108 94 99 86 76 88 99 111 110 117 116 120 125 131 129 134 137 139 140 140 139 135 138 136 133 135 -9999 -9999 -9999 -9999 -9999 -9999
-9999 -9999 -9999 -9999 -9999 -9999 -9999 -9999 -9999 136 135 135 133 134 132 130 132 132 128 133 130 125 116 118 124 126 126 131 123 117 121 124 116 117 118 115 117 111 111 115 109 105 102 110 116 115 111 105 100 77 82 81 82 102 111 100 110 116 118 122 123 128 127 134 133 136 136 135 129 135 133 133 136 -9999 -9999 -9999 -9999 -9999 -9999 -9999
-9999 -9999 -9999 -9999 -9999 -9999 -9999 -9999 -9999 -9999 -9999 136 135 134 133 133 133 135 132 133 127 123 122 121 123 126 131 132 130 127 129 129 124 124 119 117 120 118 117 114 110 109 106 116 118 116 109 103 101 81 74 77 87 111 115 109 116 120 123 125 124 125 127 128 136 138 132 136 133 128 128 132 137 -9999 -9999 -9999 -9999 -9999 -9999 -9999
-9999 -9999 -9999 -9999 -9999 -9999 -9999 -9999 -9999 -9999 -9999 -9999 136 135 135 135 134 136 132 130 129 129 128 128 129 128 132 132 130 125 131 125 130 127 122 125 123 119 113 109 111 115 116 118 115 111 110 109 103 75 70 70 98 111 116 118 120 122 125 127 126 125 124 134 137 132 134 134 127 122 124 136 -9999 -9999 -9999 -9999 -9999 -9999 -9999 -9999
-9999 -9999 -9999 -9999 -9999 -9999 -9999 -9999 -9999 -9999 -9999 -9999 -9999 -9999 -9999 136 137 136 135 134 134 134 134 131 130 133 136 134 131 129 130 132 130 128 127 128 126 122 118 117 121 122 119 114 113 113 111 106 98 82 73 72 94 110 116 119 122 125 127 128 129 126 129 135 132 134 128 129 124 116 127 135 -9999 -9999 -9999 -9999 -9999 -9999 -9999 -9999
-9999 -9999 -9999 -9999 -9999 -9999 -9999 -9999 -9999 -9999 -9999 -9999 -9999 -9999 -9999 -9999 -9999 -9999 -9999 -9999 -9999 136 135 133 132 136 136 132 130 128 132 131 131 131 128 127 126 122 121 124 123 120 118 115 112 109 106 100 78 71 69 89 108 113 119 120 124 126 128 129 129 126 131 135 133 132 131 129 122 120 129 130 -9999 -9999 -9999 -9999 -9999 -9999 -9999 -9999
-9999 -9999 -9999 -9999 -9999 -9999 -9999 -9999 -9999 -9999 -9999 -9999 -9999 -9999 -9999 -9999 -9999 -9999 -9999 -9999 -9999 -9999 -9999 137 137 136 134 134 131 129 134 132 131 128 127 123 122 122 119 125 121 120 116 113 112 111 106 103 89 88 74 94 109 116 120 123 126 128 129 130 130 129 132 133 131 132 129 130 127 131 134 -9999 -9999 -9999 -9999 -9999 -9999 -9999 -9999 -9999
-9999 -9999 -9999 -9999 -9999 -9999 -9999 -9999 -9999 -9999 -9999 -9999 -9999 -9999 -9999 -9999 -9999 -9999 -9999 -9999 -9999 -9999 -9999 -9999 137 136 135 133 132 135 134 133 128 123 122 122 124 125 126 124 117 115 116 113 114 111 112 109 96 75 86 105 114 118 121 124 126 128 130 130 130 130 131 132 132 129 127 127 130 135 -9999 -9999 -9999 -9999 -9999 -9999 -9999 -9999 -9999 -9999
-9999 -9999 -9999 -9999 -9999 -9999 -9999 -9999 -9999 -9999 -9999 -9999 -9999 -9999 -9999 -9999 -9999 -9999 -9999 -9999 -9999 -9999 -9999 -9999 -9999 137 136 137 135 134 134 129 126 126 125 128 129 127 121 118 114 116 114 116 113 116 116 111 87 88 96 107 115 119 121 124 126 128 129 128 131 131 131 128 131 129 127 128 132 132 -9999 -9999 -9999 -9999 -9999 -9999 -9999 -9999 -9999 -9999
-9999 -9999 -9999 -9999 -9999 -9999 -9999 -9999 -9999 -9999 -9999 -9999 -9999 -9999 -9999 -9999 -9999 -9999 -9999 -9999 -9999 -9999 -9999 -9999 -9999 -9999 137 137 136 135 132 130 128 128 129 131 128 125 123 122 121 118 116 119 116 120 117 102 95 94 107 114 117 119 121 123 122 126 125 130 130 130 127 127 129 129 129 126 132 135 -9999 -9999 -9999 -9999 -9999 -9999 -9999 -9999 -9999 -9999
-9999 -9999 -9999 -9999 -9999 -9999 -9999 -9999 -9999 -9999 -9999 -9999 -9999 -9999 -9999 -9999 -9999 -9999 -9999 -9999 -9999 -9999 -9999 -9999 -9999 -9999 -9999 137 136 135 133 131 130 130 132 130 128 126 125 125 124 121 122 119 124 123 110 93 93 109 114 118 120 120 122 119 115 119 123 130 129 127 126 128 127 130 126 130 135 136 -9999 -9999 -9999 -9999 -9999 -9999 -9999 -9999 -9999 -9999
-9999 -9999 -9999 -9999 -9999 -9999 -9999 -9999 -9999 -9999 -9999 -9999 -9999 -9999 -9999 -9999 -9999 -9999 -9999 -9999 -9999 -9999 -9999 -9999 -9999 -9999 -9999 -9999 136 135 134 132 131 132 133 130 130 128 128 128 127 124 122 125 125 117 100 95 115 119 121 122 122 123 119 117 117 125 130 132 133 132 128 128 129 131 129 132 134 -9999 -9999 -9999 -9999 -9999 -9999 -9999 -9999 -9999 -9999 -9999
-9999 -9999 -9999 -9999 -9999 -9999 -9999 -9999 -9999 -9999 -9999 -9999 -9999 -9999 -9999 -9999 -9999 -9999 -9999 -9999 -9999 -9999 -9999 -9999 -9999 -9999 -9999 -9999 136 136 135 134 134 134 132 131 131 130 130 130 128 125 126 127 117 98 101 118 122 123 125 123 124 121 116 118 116 123 127 129 132 134 134 134 132 132 134 133 -9999 -9999 -9999 -9999 -9999 -9999 -9999 -9999 -9999 -9999 -9999 -9999
-9999 -9999 -9999 -9999 -9999 -9999 -9999 -9999 -9999 -9999 -9999 -9999 -9999 -9999 -9999 -9999 -9999 -9999 -9999 -9999 -9999 -9999 -9999 -9999 -9999 -9999 -9999 -9999 -9999 136 136 135 135 134 133 131 132 132 132 131 129 126 130 123 101 106 117 124 126 127 127 126 126 124 121 118 119 119 124 130 133 134 134 132 135 136 137 -9999 -9999 -9999 -9999 -9999 -9999 -9999 -9999 -9999 -9999 -9999 -9999 -9999
-9999 -9999 -9999 -9999 -9999 -9999 -9999 -9999 -9999 -9999 -9999 -9999 -9999 -9999 -9999 -9999 -9999 -9999 -9999 -9999 -9999 -9999 -9999 -9999 -9999 -9999 -9999 -9999 -9999 136 136 135 134 135 134 133 134 134 133 132 129 129 131 120 111 122 125 126 128 128 126 124 123 124 118 119 116 118 123 130 133 134 129 133 137 -9999 -9999 -9999 -9999 -9999 -9999 -9999 -9999 -9999 -9999 -9999 -9999 -9999 -9999 -9999
