Electronic Materials (Flash Drives)/data/NZclimate/current/bio01nz.asc
ncols         384
nrows         384
xllcorner     164
yllcorner     -49.000000000001
cellsize      0.041666666666667
NODATA_value  -9999
[rows 210 to 244 of 384, columns 160 to 239 of 384]
-9999 -9999 -9999 -9999 -9999 -9999 -9999 -9999 -9999 -9999 -9999 -9999 -9999 -9999 -9999 -9999 -9999 -9999 125 124 125 124 125 123 119 97 93 94 100 113 107 104 115 94 102 107 112 110 112 112 107 108 94 98 94 88 88 92 95 95 96 91 82 89 85 95 72 63 80 81 88 86 70 50 74 95 79 91 77 97 92 74 77 74 70 99 114 111 104 107
-9999 -9999 -9999 -9999 -9999 -9999 -9999 -9999 -9999 -9999 -9999 -9999 -9999 -9999 -9999 -9999 -9999 -9999 126 124 124 122 123 122 105 102 110 105 111 118 111 108 110 108 106 104 106 110 105 110 107 109 98 105 91 80 94 88 91 83 80 88 88 64 89 71 54 69 85 62 86 77 56 63 86 77 84 77 82 80 74 63 81 98 105 106 107 104 100 108
-9999 -9999 -9999 -9999 -9999 -9999 -9999 -9999 -9999 -9999 -9999 -9999 -9999 -9999 -9999 -9999 -9999 -9999 126 124 122 118 106 95 107 113 111 118 117 117 118 118 105 81 84 98 100 108 106 108 96 102 92 104 91 83 81 97 87 74 59 71 64 62 81 51 52 53 76 64 78 45 52 73 81 69 78 64 77 84 81 80 97 99 93 99 87 87 86 101
-9999 -9999 -9999 -9999 -9999 -9999 -9999 -9999 -9999 -9999 -9999 -9999 -9999 -9999 -9999 -9999 -9999 -9999 124 122 119 111 93 75 98 96 107 110 107 119 119 115 99 70 74 97 89 105 104 107 95 96 86 99 91 90 82 95 90 47 51 77 47 69 66 45 56 67 50 74 59 48 67 64 60 65 61 68 73 91 96 94 89 77 77 80 85 98 96 102
-9999 -9999 -9999 -9999 -9999 -9999 -9999 -9999 -9999 -9999 -9999 -9999 -9999 -9999 -9999 -9999 -9999 125 117 118 116 94 74 85 100 80 104 101 106 120 117 111 88 69 87 92 108 98 95 99 93 81 87 83 94 77 73 86 75 47 57 67 52 75 58 53 47 57 63 69 55 46 47 48 52 70 75 77 88 91 74 72 70 49 78 90 101 100 99 105
-9999 -9999 -9999 -9999 -9999 -9999 -9999 -9999 -9999 -9999 -9999 -9999 -9999 -9999 -9999 -9999 -9999 120 112 116 113 87 73 94 83 80 88 103 115 118 114 97 71 70 76 90 109 93 66 89 93 91 95 97 96 62 61 73 69 47 62 49 57 74 56 40 41 50 52 45 52 46 52 48 50 68 85 79 81 75 35 28 42 65 92 109 109 90 102 118
-9999 -9999 -9999 -9999 -9999 -9999 -9999 -9999 -9999 -9999 -9999 -9999 -9999 -9999 -9999 -9999 121 116 111 112 106 79 77 73 78 83 94 112 117 114 109 94 86 73 68 82 99 87 78 94 102 90 83 90 98 55 73 47 64 44 42 44 52 76 52 48 44 48 43 57 60 59 57 48 77 86 82 64 62 47 33 23 56 94 107 104 90 114 117 123
-9999 -9999 -9999 -9999 -9999 -9999 -9999 -9999 -9999 -9999 -9999 -9999 -9999 -9999 -9999 -9999 116 109 117 112 84 73 76 81 69 79 106 113 115 111 100 90 89 77 69 75 98 88 97 93 86 76 58 79 84 43 64 48 42 41 56 60 67 60 62 45 58 45 52 64 66 60 74 81 79 73 79 62 41 35 73 84 98 103 90 91 108 120 122 128
-9999 -9999 -9999 -9999 -9999 -9999 -9999 -9999 -9999 -9999 -9999 -9999 -9999 -9999 -9999 124 116 117 111 94 78 86 89 78 83 102 111 108 114 105 100 93 75 82 74 64 95 104 99 95 91 62 52 72 84 43 53 41 41 39 53 48 39 61 59 59 71 64 71 72 70 75 78 71 66 62 57 35 62 73 95 103 85 77 74 104 120 117 126 -9999
-9999 -9999 -9999 -9999 -9999 -9999 -9999 -9999 -9999 -9999 -9999 -9999 -9999 -9999 -9999 123 119 111 105 92 79 86 84 95 110 113 111 107 106 103 99 97 97 83 66 63 89 105 96 81 76 72 42 59 82 47 40 53 52 37 50 57 56 63 72 62 71 72 76 55 71 70 62 54 63 64 47 77 95 100 94 80 54 37 79 103 118 124 127 -9999
-9999 -9999 -9999 -9999 -9999 -9999 -9999 -9999 -9999 -9999 -9999 -9999 -9999 -9999 -9999 123 112 106 96 84 91 89 106 111 114 114 111 106 99 95 106 82 74 72 67 61 90 105 98 83 74 67 40 47 76 58 36 62 49 56 57 50 48 61 72 66 61 71 64 60 57 59 64 73 78 83 86 98 82 87 65 61 22 63 90 93 101 123 -9999 -9999
-9999 -9999 -9999 -9999 -9999 -9999 -9999 -9999 -9999 -9999 -9999 -9999 -9999 -9999 -9999 122 104 89 87 97 109 110 112 114 116 112 111 104 94 91 97 84 72 76 65 68 95 103 95 81 75 67 41 65 51 45 51 72 52 61 60 51 50 55 65 47 59 77 68 69 67 68 74 78 93 93 92 86 79 63 30 35 53 92 101 104 115 -9999 -9999 -9999
-9999 -9999 -9999 -9999 -9999 -9999 -9999 -9999 -9999 -9999 -9999 -9999 -9999 -9999 -9999 108 86 80 98 109 115 115 116 117 117 114 109 101 91 87 84 93 72 70 73 68 99 95 80 78 52 62 47 38 53 74 65 70 53 51 68 51 49 57 60 66 74 76 64 72 61 50 83 91 80 76 86 64 58 50 58 74 98 111 116 116 -9999 -9999 -9999 -9999
-9999 -9999 -9999 -9999 -9999 -9999 -9999 -9999 -9999 -9999 -9999 -9999 -9999 -9999 114 97 84 94 106 116 118 118 118 115 112 115 111 105 103 90 87 79 75 74 78 80 102 93 86 78 70 56 58 58 55 59 81 72 64 53 67 63 54 57 62 72 77 59 70 59 71 81 84 82 77 78 70 64 75 92 76 95 119 124 -9999 -9999 -9999 -9999 -9999 -9999
-9999 -9999 -9999 -9999 -9999 -9999 -9999 -9999 -9999 -9999 -9999 -9999 -9999 122 112 96 89 111 116 120 119 117 115 112 108 112 113 110 108 98 97 79 67 69 72 93 97 89 80 64 66 67 57 63 67 67 81 68 57 53 69 70 71 71 67 78 64 68 66 66 86 70 75 69 73 87 98 102 108 114 117 123 125 -9999 -9999 -9999 -9999 -9999 -9999 -9999
-9999 -9999 -9999 -9999 -9999 -9999 -9999 -9999 -9999 -9999 -9999 -9999 -9999 118 117 103 95 117 120 118 115 112 111 112 111 108 106 104 98 86 97 94 70 74 93 97 81 77 70 74 59 70 55 63 53 60 78 72 66 71 77 79 74 74 80 81 79 86 83 84 70 77 82 76 93 104 114 117 119 121 124 126 127 -9999 -9999 -9999 -9999 -9999 -9999 -9999
-9999 -9999 -9999 -9999 -9999 -9999 -9999 -9999 -9999 -9999 -9999 -9999 122 120 119 116 119 119 115 115 114 114 109 108 109 112 111 96 71 84 77 98 86 90 77 74 61 65 66 59 64 72 56 60 53 69 86 73 71 59 74 76 69 74 73 58 74 76 60 60 76 90 101 103 105 102 102 98 109 118 126 -9999 125 127 -9999 -9999 -9999 -9999 -9999 -9999
-9999 -9999 -9999 -9999 -9999 -9999 -9999 -9999 -9999 -9999 -9999 -9999 120 117 119 117 118 118 113 110 110 109 111 106 107 109 114 102 69 77 78 93 94 79 73 66 63 58 60 65 68 80 57 73 72 86 73 56 57 60 73 78 78 80 64 73 80 71 80 81 96 98 105 108 109 103 98 96 114 -9999 -9999 -9999 -9999 -9999 -9999 -9999 -9999 -9999 -9999 -9999
-9999 -9999 -9999 -9999 -9999 -9999 -9999 -9999 -9999 -9999 -9999 121 120 114 113 114 113 116 114 112 110 109 110 107 102 106 112 109 97 98 84 71 68 76 72 70 62 72 73 66 73 79 67 68 67 87 69 69 86 94 100 104 103 97 87 91 90 98 101 98 94 93 103 110 111 100 100 116 122 -9999 -9999 -9999 -9999 -9999 -9999 -9999 -9999 -9999 -9999 -9999
-9999 -9999 -9999 -9999 -9999 -9999 -9999 -9999 -9999 -9999 121 120 118 117 115 113 109 111 115 116 113 111 101 103 109 108 111 110 105 100 98 98 75 74 71 56 65 61 55 69 86 62 67 81 83 86 89 93 101 106 108 106 104 96 95 95 101 105 108 98 100 98 107 113 108 103 114 121 121 -9999 -9999 -9999 -9999 -9999 -9999 -9999 -9999 -9999 -9999 -9999
-9999 -9999 -9999 -9999 -9999 -9999 -9999 -9999 -9999 -9999 119 119 118 113 113 111 111 113 116 117 116 115 104 96 105 105 88 77 82 76 80 89 74 62 60 66 63 74 72 78 86 91 93 93 94 91 83 72 84 93 103 95 95 100 107 111 112 112 111 110 111 111 114 117 115 118 120 124 -9999 -9999 -9999 -9999 -9999 -9999 -9999 -9999 -9999 -9999 -9999 -9999
-9999 -9999 -9999 -9999 -9999 -9999 -9999 -9999 121 120 117 115 116 117 114 110 106 102 115 101 107 115 106 92 74 72 95 70 72 81 66 58 66 65 60 69 68 79 63 65 75 78 71 75 76 82 72 73 91 93 105 99 106 112 114 116 116 114 115 113 108 115 119 117 112 108 121 -9999 -9999 -9999 -9999 -9999 -9999 -9999 -9999 -9999 -9999 -9999 -9999 -9999
-9999 -9999 -9999 -9999 -9999 -9999 -9999 120 120 119 115 111 113 116 116 91 77 80 108 105 106 93 74 87 71 67 73 63 64 74 59 71 77 84 86 80 87 85 56 55 66 62 72 61 63 91 79 76 98 92 107 109 112 113 114 114 114 118 112 115 103 117 120 121 108 116 122 -9999 -9999 -9999 -9999 -9999 -9999 -9999 -9999 -9999 -9999 -9999 -9999 -9999
-9999 -9999 -9999 -9999 -9999 -9999 120 120 117 114 115 115 113 113 112 105 86 100 109 113 100 78 71 76 64 67 72 74 69 60 63 61 58 64 68 73 79 82 86 81 77 72 83 69 88 98 88 87 102 104 107 106 111 113 114 115 115 110 104 112 117 122 123 122 110 116 -9999 -9999 -9999 -9999 -9999 -9999 -9999 -9999 -9999 -9999 -9999 -9999 -9999 -9999
-9999 -9999 -9999 -9999 -9999 121 119 117 120 117 114 112 113 101 93 97 105 97 95 92 78 84 100 98 99 93 77 67 60 57 63 63 63 58 61 75 79 84 89 90 81 67 91 89 95 100 95 100 105 110 111 113 114 114 114 112 99 99 107 110 116 120 121 119 116 119 -9999 -9999 -9999 -9999 -9999 -9999 -9999 -9999 -9999 -9999 -9999 -9999 -9999 -9999
-9999 -9999 -9999 -9999 120 120 119 117 119 117 105 113 96 107 97 79 64 65 77 94 70 87 81 70 74 68 55 65 60 69 58 63 54 52 62 73 86 84 78 84 87 69 95 95 97 104 107 108 109 111 112 113 115 115 111 101 98 107 110 109 113 120 120 113 114 -9999 -9999 -9999 -9999 -9999 -9999 -9999 -9999 -9999 -9999 -9999 -9999 -9999 -9999 -9999
-9999 -9999 -9999 121 120 118 119 119 119 119 105 112 93 90 91 85 81 65 82 61 59 79 66 55 63 67 66 70 84 63 71 63 56 44 57 65 65 55 59 80 86 84 95 97 99 106 107 109 110 111 112 112 111 110 112 110 110 112 110 107 117 120 118 119 -9999 -9999 -9999 -9999 -9999 -9999 -9999 -9999 -9999 -9999 -9999 -9999 -9999 -9999 -9999 -9999
-9999 121 119 118 116 109 114 114 119 118 116 112 101 87 77 72 70 57 70 42 45 62 55 46 52 61 50 64 79 69 68 76 56 57 66 67 61 51 69 85 88 92 95 92 99 106 107 109 110 109 101 97 105 110 109 112 113 113 115 116 118 121 120 118 -9999 -9999 -9999 -9999 -9999 -9999 -9999 -9999 -9999 -9999 -9999 -9999 -9999 -9999 -9999 -9999
121 120 116 99 101 101 103 111 117 109 93 87 78 75 58 51 50 45 58 48 49 65 55 57 47 66 64 71 62 89 74 66 77 74 74 77 63 54 68 83 81 87 94 99 101 106 105 108 109 107 106 109 112 114 115 110 109 113 111 116 118 118 121 -9999 -9999 -9999 -9999 -9999 -9999 -9999 -9999 -9999 -9999 -9999 -9999 -9999 -9999 -9999 -9999 -9999
120 117 97 100 108 90 95 100 104 81 58 81 55 71 43 53 55 35 60 65 70 62 75 55 59 80 81 74 62 87 59 56 73 83 68 54 59 66 76 77 81 87 96 98 104 106 100 105 108 107 109 111 113 115 108 111 112 110 115 117 117 120 -9999 -9999 -9999 -9999 -9999 -9999 -9999 -9999 -9999 -9999 -9999 -9999 -9999 -9999 -9999 -9999 -9999 -9999
117 116 103 90 103 99 81 75 97 88 74 71 61 41 60 66 47 41 40 54 69 75 84 86 86 87 87 90 58 85 73 62 82 74 55 61 72 60 73 88 90 91 92 99 107 98 96 102 110 112 116 116 117 111 109 115 114 116 119 -9999 -9999 -9999 -9999 -9999 -9999 -9999 -9999 -9999 -9999 -9999 -9999 -9999 -9999 -9999 -9999 -9999 -9999 -9999 -9999 -9999
98 118 101 95 77 73 56 58 92 81 65 54 46 47 71 75 63 42 50 62 45 52 58 56 50 75 89 91 86 92 91 89 76 52 65 78 78 85 92 86 87 90 99 100 101 107 110 110 115 117 118 110 106 108 110 113 114 121 -9999 -9999 -9999 -9999 -9999 -9999 -9999 -9999 -9999 -9999 -9999 -9999 -9999 -9999 -9999 -9999 -9999 -9999 -9999 -9999 -9999 -9999
91 108 80 65 55 48 45 72 81 48 43 55 36 51 62 75 76 45 46 69 48 38 61 54 50 51 79 68 87 84 92 81 44 71 79 85 94 95 86 86 91 89 90 89 90 100 109 113 116 117 117 110 112 116 117 -9999 -9999 -9999 -9999 -9999 -9999 -9999 -9999 -9999 -9999 -9999 -9999 -9999 -9999 -9999 -9999 -9999 -9999 -9999 -9999 -9999 -9999 -9999 -9999 -9999
74 76 84 74 59 46 38 70 51 43 50 70 37 54 62 71 86 72 55 62 71 57 68 52 58 73 73 79 86 84 86 80 58 73 79 97 99 88 83 82 93 104 103 104 101 104 110 113 117 118 119 118 116 -9999 -9999 -9999 -9999 -9999 -9999 -9999 -9999 -9999 -9999 -9999 -9999 -9999 -9999 -9999 -9999 -9999 -9999 -9999 -9999 -9999 -9999 -9999 -9999 -9999 -9999 -9999
90 61 51 54 57 39 35 59 40 46 58 78 39 58 42 46 75 94 87 70 84 84 47 40 74 83 81 83 88 91 90 74 80 87 91 96 86 84 94 100 98 108 111 111 109 105 111 114 117 119 121 -9999 -9999 -9999 -9999 -9999 -9999 -9999 -9999 -9999 -9999 -9999 -9999 -9999 -9999 -9999 -9999 -9999 -9999 -9999 -9999 -9999 -9999 -9999 -9999 -9999 -9999 -9999 -9999 -9999
