Electronic Materials (Flash Drives)/data/NZclimate/current/bio05nz.asc
ncols        384
nrows        384
xllcorner    163.999999999999
yllcorner    -49.000000000001
cellsize     0.041666666667
NODATA_value -9999
[rows 140 to 174 of 384, columns 240 to 319 of 384]
-9999 -9999 -9999 -9999 -9999 -9999 -9999 -9999 -9999 -9999 -9999 -9999 230 226 228 228 226 225 221 216 214 214 218 227 226 223 221 221 218 227 227 226 227 225 223 219 210 203 206 214 221 223 224 226 228 228 228 229 227 222 222 221 216 212 210 212 214 214 214 211 211 205 204 204 201 205 208 209 214 227 215 217 219 222 225 231 237 234 231 232
-9999 -9999 -9999 -9999 -9999 -9999 -9999 -9999 -9999 -9999 -9999 229 226 226 226 225 226 225 222 217 215 215 221 226 228 225 221 225 220 226 228 227 228 227 224 218 211 210 212 216 217 221 226 227 227 228 227 222 217 219 218 219 217 212 211 210 213 212 213 209 212 204 206 205 206 201 208 221 215 215 230 231 231 231 231 234 231 236 241 236
-9999 -9999 -9999 -9999 -9999 -9999 -9999 -9999 -9999 -9999 228 227 226 226 224 220 220 218 219 217 216 216 223 225 228 226 224 227 226 228 227 225 225 226 224 217 215 210 213 214 210 218 227 227 227 225 224 218 216 215 219 216 213 209 210 211 211 212 210 210 212 205 209 203 198 206 212 221 211 226 227 226 232 236 237 238 237 241 241 242
-9999 -9999 -9999 -9999 225 226 226 226 226 227 227 225 225 225 220 220 220 219 221 220 218 220 221 224 227 225 225 224 221 222 220 222 220 222 217 217 214 211 211 211 198 205 224 226 225 223 221 219 216 214 214 211 204 201 210 210 207 209 208 209 212 212 213 213 204 211 221 221 215 227 225 227 231 229 232 235 236 238 237 240
-9999 -9999 225 225 225 225 224 225 225 224 224 225 224 221 220 221 220 219 221 222 224 223 221 223 225 225 226 222 217 217 220 218 216 216 207 211 214 212 212 213 213 208 210 223 223 218 213 211 211 207 204 199 203 206 211 208 207 208 206 201 208 218 219 213 210 216 225 230 229 229 230 232 233 238 233 233 238 240 240 242
223 224 223 223 223 223 223 222 223 223 221 224 221 222 221 221 220 219 221 223 224 223 223 223 222 225 220 219 223 223 220 219 214 212 202 207 207 206 207 207 213 214 207 219 220 213 206 201 194 197 201 198 197 202 212 210 205 207 201 198 206 218 221 213 219 227 223 225 223 225 228 231 233 236 238 239 239 241 243 242
221 221 221 221 220 220 221 222 222 221 222 221 220 222 220 218 219 220 222 222 225 222 224 223 222 225 224 225 223 223 223 220 215 211 208 204 201 199 191 179 188 206 212 215 212 203 193 191 188 190 187 193 192 205 208 206 211 205 207 203 209 217 215 222 227 220 212 214 226 234 235 238 236 238 239 240 243 242 245 246
217 217 217 217 218 219 220 221 222 222 221 220 222 221 219 218 219 221 219 221 224 223 223 223 219 220 218 223 216 216 221 215 209 205 203 202 199 193 179 164 178 195 205 209 198 185 184 183 183 183 187 192 198 193 201 203 207 209 203 212 216 217 218 226 222 201 211 222 227 233 235 239 242 242 243 242 245 -9999 -9999 -9999
208 209 212 213 215 217 219 219 219 221 221 221 221 220 219 219 219 220 219 218 222 220 221 219 218 216 215 215 213 211 216 213 205 202 200 197 193 187 180 182 187 196 202 198 189 183 180 186 190 187 185 191 196 192 186 191 200 207 213 218 220 217 222 225 211 205 225 232 233 235 235 239 241 243 246 -9999 -9999 -9999 -9999 -9999
187 193 204 208 212 214 216 217 219 219 220 220 219 219 219 219 216 214 219 222 221 223 220 221 217 217 213 212 215 212 210 210 205 201 184 188 180 170 173 183 190 196 198 194 186 181 181 191 185 189 186 193 189 194 192 189 192 191 207 216 216 214 217 210 218 226 232 233 235 235 231 233 235 -9999 -9999 -9999 -9999 -9999 -9999 -9999
190 177 190 201 207 211 213 215 218 219 218 219 221 221 219 219 217 216 217 223 221 222 221 223 219 220 216 214 218 216 210 207 204 201 195 185 165 134 157 176 187 192 190 182 178 178 186 195 192 189 184 198 191 186 190 195 183 186 202 213 215 217 218 224 227 229 233 229 228 234 236 238 239 -9999 -9999 -9999 -9999 -9999 -9999 -9999
189 164 186 198 205 209 213 215 216 218 219 219 220 218 219 219 218 215 213 212 220 220 220 223 222 217 217 216 219 218 214 207 204 200 195 188 172 153 168 182 190 192 186 180 185 188 188 186 197 195 199 203 194 193 201 196 187 200 206 212 217 217 222 230 230 231 236 236 232 238 239 241 -9999 -9999 -9999 -9999 -9999 -9999 -9999 -9999
203 198 200 204 207 210 213 216 217 219 220 220 219 217 216 211 209 211 210 210 206 212 216 219 222 218 221 223 220 215 212 208 205 202 199 195 189 186 188 192 195 194 191 192 189 187 188 192 201 200 201 202 196 196 204 202 205 209 217 215 225 226 228 230 233 234 238 238 237 243 244 -9999 -9999 -9999 -9999 -9999 -9999 -9999 -9999 -9999
211 209 209 210 212 213 215 216 217 218 220 221 219 215 214 210 209 213 213 211 208 209 214 218 221 221 221 215 209 208 210 210 210 209 205 204 200 198 200 199 199 199 199 197 192 183 191 193 198 199 203 203 203 199 202 211 211 212 214 221 227 229 232 231 234 235 236 240 242 243 -9999 -9999 -9999 -9999 -9999 -9999 -9999 -9999 -9999 -9999
216 215 215 215 216 216 218 218 217 217 218 222 219 218 217 215 216 216 215 215 214 214 218 219 224 218 215 213 210 214 212 213 212 210 208 207 206 205 204 203 200 198 200 200 190 193 205 202 205 205 202 201 204 210 211 211 212 212 217 226 230 233 234 235 236 238 235 241 243 -9999 -9999 -9999 -9999 -9999 -9999 -9999 -9999 -9999 -9999 -9999
219 219 219 218 219 219 219 217 220 219 219 221 220 220 218 217 217 220 216 217 217 215 212 212 219 221 213 212 209 212 209 211 207 207 209 210 208 207 206 203 201 198 195 200 204 208 208 202 208 206 202 200 205 212 209 214 220 219 223 227 230 232 233 235 238 238 238 242 243 243 -9999 -9999 -9999 -9999 -9999 -9999 -9999 -9999 -9999 -9999
222 222 222 221 221 221 221 221 219 220 220 217 220 221 220 221 217 219 219 218 213 216 217 211 214 219 218 217 213 214 213 213 212 209 210 209 207 206 204 201 201 198 195 197 201 207 202 202 209 207 207 202 193 217 209 213 223 225 227 228 230 231 233 236 239 240 241 242 243 243 -9999 -9999 -9999 -9999 -9999 -9999 -9999 -9999 -9999 -9999
223 223 223 223 223 222 222 222 223 219 218 215 217 222 217 221 217 214 219 222 220 220 214 209 212 222 223 218 213 215 219 214 209 210 212 211 213 213 211 205 204 199 199 203 212 211 206 205 210 209 197 195 201 202 192 201 216 226 232 232 233 234 235 238 240 241 242 242 243 243 243 -9999 -9999 -9999 -9999 -9999 -9999 -9999 -9999 -9999
-9999 -9999 -9999 -9999 223 223 222 223 224 222 219 218 219 221 220 218 216 214 217 220 221 216 215 212 215 215 219 222 219 213 216 218 215 215 216 215 212 212 213 209 210 209 209 210 214 214 208 210 211 205 192 189 199 195 189 207 224 227 228 228 232 236 237 237 239 240 241 242 242 243 243 -9999 -9999 -9999 -9999 -9999 -9999 -9999 -9999 -9999
-9999 -9999 -9999 -9999 -9999 -9999 -9999 223 224 223 221 219 218 222 221 216 219 221 221 221 223 223 220 217 218 220 214 219 221 214 211 220 218 215 218 214 209 215 212 212 211 212 215 214 212 217 216 213 210 210 193 192 188 189 190 216 220 225 227 229 231 235 237 238 239 240 241 242 242 242 241 241 237 239 -9999 -9999 -9999 -9999 -9999 -9999
-9999 -9999 -9999 -9999 -9999 -9999 -9999 -9999 225 224 223 223 222 221 220 218 220 224 223 222 225 220 217 217 217 219 222 223 215 213 213 220 218 218 218 211 216 214 213 216 212 207 213 217 216 216 218 214 213 201 205 194 186 196 206 217 215 221 221 224 228 233 232 236 238 240 241 242 241 238 240 239 237 238 -9999 -9999 -9999 -9999 -9999 -9999
-9999 -9999 -9999 -9999 -9999 -9999 -9999 -9999 -9999 225 225 225 224 225 223 222 223 224 221 225 223 219 213 214 219 221 221 225 219 216 219 222 215 217 217 215 218 213 213 217 212 209 207 214 219 218 215 211 206 187 191 190 191 208 216 207 216 220 222 225 226 230 230 236 235 238 238 237 233 238 236 236 238 -9999 -9999 -9999 -9999 -9999 -9999 -9999
-9999 -9999 -9999 -9999 -9999 -9999 -9999 -9999 -9999 -9999 -9999 226 226 225 224 224 224 226 224 225 220 218 217 217 218 221 225 226 225 223 225 225 222 222 218 217 220 218 218 216 213 212 210 219 220 219 213 208 207 190 184 186 195 216 219 214 220 224 226 228 227 228 230 231 238 239 235 238 236 231 232 235 239 -9999 -9999 -9999 -9999 -9999 -9999 -9999
-9999 -9999 -9999 -9999 -9999 -9999 -9999 -9999 -9999 -9999 -9999 -9999 226 226 226 226 226 227 224 222 222 222 222 222 222 222 226 226 225 222 226 222 226 224 220 223 222 219 215 211 214 217 218 220 217 214 214 213 209 184 180 180 205 216 220 222 224 225 228 230 229 228 227 236 238 234 236 237 231 227 228 238 -9999 -9999 -9999 -9999 -9999 -9999 -9999 -9999
-9999 -9999 -9999 -9999 -9999 -9999 -9999 -9999 -9999 -9999 -9999 -9999 -9999 -9999 -9999 227 228 227 226 226 225 226 226 224 223 225 229 227 226 224 226 227 226 225 224 226 224 221 219 218 222 222 220 217 216 216 215 211 205 190 182 182 201 215 220 222 225 228 229 231 231 229 232 237 235 236 231 232 228 222 231 238 -9999 -9999 -9999 -9999 -9999 -9999 -9999 -9999
-9999 -9999 -9999 -9999 -9999 -9999 -9999 -9999 -9999 -9999 -9999 -9999 -9999 -9999 -9999 -9999 -9999 -9999 -9999 -9999 -9999 227 227 226 225 228 228 226 225 223 226 227 227 227 225 224 224 221 221 224 223 221 219 217 215 213 211 206 186 181 179 197 213 217 222 224 227 229 230 231 231 229 233 236 235 234 233 232 226 224 232 233 -9999 -9999 -9999 -9999 -9999 -9999 -9999 -9999
-9999 -9999 -9999 -9999 -9999 -9999 -9999 -9999 -9999 -9999 -9999 -9999 -9999 -9999 -9999 -9999 -9999 -9999 -9999 -9999 -9999 -9999 -9999 228 228 228 227 227 225 224 228 227 226 225 224 221 221 221 219 224 221 221 218 216 215 214 211 208 196 195 183 201 214 220 223 226 228 230 231 232 232 231 234 235 234 234 232 232 231 234 236 -9999 -9999 -9999 -9999 -9999 -9999 -9999 -9999 -9999
-9999 -9999 -9999 -9999 -9999 -9999 -9999 -9999 -9999 -9999 -9999 -9999 -9999 -9999 -9999 -9999 -9999 -9999 -9999 -9999 -9999 -9999 -9999 -9999 229 228 227 226 226 228 228 228 225 221 220 220 223 223 225 223 218 217 218 215 216 215 216 213 202 183 193 210 217 221 224 226 229 230 231 231 232 233 233 234 234 232 230 230 233 237 -9999 -9999 -9999 -9999 -9999 -9999 -9999 -9999 -9999 -9999
-9999 -9999 -9999 -9999 -9999 -9999 -9999 -9999 -9999 -9999 -9999 -9999 -9999 -9999 -9999 -9999 -9999 -9999 -9999 -9999 -9999 -9999 -9999 -9999 -9999 228 228 229 228 228 228 224 223 223 223 225 227 225 221 218 216 217 216 218 216 219 218 215 194 195 202 211 219 222 224 226 228 230 231 230 233 233 233 230 233 232 230 230 234 234 -9999 -9999 -9999 -9999 -9999 -9999 -9999 -9999 -9999 -9999
-9999 -9999 -9999 -9999 -9999 -9999 -9999 -9999 -9999 -9999 -9999 -9999 -9999 -9999 -9999 -9999 -9999 -9999 -9999 -9999 -9999 -9999 -9999 -9999 -9999 -9999 229 229 229 228 227 225 225 225 226 228 225 223 222 221 221 219 218 220 218 222 219 207 201 200 212 218 220 222 224 225 225 228 228 232 232 232 230 230 231 231 231 229 234 237 -9999 -9999 -9999 -9999 -9999 -9999 -9999 -9999 -9999 -9999
-9999 -9999 -9999 -9999 -9999 -9999 -9999 -9999 -9999 -9999 -9999 -9999 -9999 -9999 -9999 -9999 -9999 -9999 -9999 -9999 -9999 -9999 -9999 -9999 -9999 -9999 -9999 229 229 228 227 226 226 226 228 227 225 224 223 224 223 222 223 220 224 224 214 199 199 214 217 221 222 223 224 222 219 222 225 231 231 229 228 230 230 232 229 232 236 238 -9999 -9999 -9999 -9999 -9999 -9999 -9999 -9999 -9999 -9999
-9999 -9999 -9999 -9999 -9999 -9999 -9999 -9999 -9999 -9999 -9999 -9999 -9999 -9999 -9999 -9999 -9999 -9999 -9999 -9999 -9999 -9999 -9999 -9999 -9999 -9999 -9999 -9999 229 229 228 227 227 228 228 226 227 226 226 226 226 224 222 225 225 219 205 201 218 222 224 224 224 225 222 220 220 227 231 233 234 234 230 230 231 233 231 234 236 -9999 -9999 -9999 -9999 -9999 -9999 -9999 -9999 -9999 -9999 -9999
-9999 -9999 -9999 -9999 -9999 -9999 -9999 -9999 -9999 -9999 -9999 -9999 -9999 -9999 -9999 -9999 -9999 -9999 -9999 -9999 -9999 -9999 -9999 -9999 -9999 -9999 -9999 -9999 229 229 229 228 228 229 228 227 228 227 228 227 226 224 226 227 219 203 206 220 224 225 226 225 226 224 220 222 220 225 228 230 233 235 235 235 234 234 235 235 -9999 -9999 -9999 -9999 -9999 -9999 -9999 -9999 -9999 -9999 -9999 -9999
-9999 -9999 -9999 -9999 -9999 -9999 -9999 -9999 -9999 -9999 -9999 -9999 -9999 -9999 -9999 -9999 -9999 -9999 -9999 -9999 -9999 -9999 -9999 -9999 -9999 -9999 -9999 -9999 -9999 230 230 230 229 229 229 227 228 229 229 229 227 225 229 224 205 209 220 225 227 228 228 228 228 226 224 222 222 222 226 231 234 235 235 234 236 237 238 -9999 -9999 -9999 -9999 -9999 -9999 -9999 -9999 -9999 -9999 -9999 -9999 -9999
-9999 -9999 -9999 -9999 -9999 -9999 -9999 -9999 -9999 -9999 -9999 -9999 -9999 -9999 -9999 -9999 -9999 -9999 -9999 -9999 -9999 -9999 -9999 -9999 -9999 -9999 -9999 -9999 -9999 230 230 229 229 229 229 229 230 230 230 230 228 228 229 221 214 223 226 227 229 229 228 225 225 226 222 222 220 221 225 232 234 235 231 234 238 -9999 -9999 -9999 -9999 -9999 -9999 -9999 -9999 -9999 -9999 -9999 -9999 -9999 -9999 -9999
