Electronic Materials (Flash Drives)/data/NZclimate/current/bio01nz.asc
ncols         384
nrows         384
xllcorner     164
yllcorner     -49.000000000001
cellsize      0.041666666666667
NODATA_value  -9999
[rows 280 to 314 of 384, columns 80 to 159 of 384]
-9999 -9999 -9999 -9999 -9999 103 94 91 78 74 64 73 77 81 76 76 58 48 85 76 44 38 63 85 83 50 59 73 30 23 41 54 73 75 65 48 55 36 72 97 87 75 103 102 103 102 100 95 73 79 89 93 92 90 81 71 71 42 37 56 56 67 44 44 53 67 73 85 74 67 59 69 89 102 97 101 104 102 97 95
-9999 -9999 -9999 -9999 93 96 86 73 66 67 83 86 91 51 69 56 47 45 72 80 43 57 61 88 89 82 79 61 27 40 53 55 71 86 59 32 45 72 81 74 60 63 86 101 98 99 103 101 88 76 78 80 91 88 86 85 67 59 29 52 71 76 65 32 45 54 65 77 81 67 39 46 77 93 98 106 98 88 84 82
-9999 -9999 94 88 87 67 84 85 68 68 82 56 71 74 43 44 51 46 53 84 49 40 38 80 80 94 80 45 34 35 28 49 62 78 51 37 49 73 63 47 62 88 91 66 71 84 91 101 99 78 86 94 100 89 85 80 74 71 50 55 67 80 76 40 45 55 68 57 69 75 53 37 68 87 96 103 106 100 92 94
98 91 85 74 90 73 79 74 66 52 55 56 61 51 51 44 47 55 78 65 53 58 28 61 97 94 65 38 37 52 47 63 76 77 49 51 64 69 54 74 84 92 69 50 50 55 59 88 104 100 100 98 96 88 75 56 59 62 77 66 77 83 83 57 45 57 56 49 55 63 58 39 57 74 87 99 103 107 107 105
94 76 83 84 84 70 69 73 64 50 60 61 60 61 58 55 42 47 67 65 47 71 54 39 94 95 66 48 34 58 63 74 80 54 49 71 52 64 37 65 89 74 44 38 28 46 75 98 105 102 102 96 77 67 51 49 44 64 86 84 86 86 85 71 46 47 47 50 55 66 67 53 48 52 77 84 98 102 102 105
81 85 68 73 76 81 78 62 56 68 66 51 57 77 71 51 60 71 63 63 43 49 75 67 91 97 67 30 56 64 67 73 81 66 63 67 73 67 53 73 69 53 39 28 42 81 100 106 103 101 97 85 63 56 66 55 69 85 91 88 90 85 77 80 67 46 47 54 57 61 59 53 53 69 71 78 90 93 102 104
80 94 81 78 71 63 56 59 57 54 67 79 74 83 77 51 79 54 48 42 65 53 61 77 92 98 80 50 56 58 77 82 71 72 82 87 84 55 54 65 54 58 42 45 83 100 106 99 93 87 81 79 68 64 76 79 88 93 94 92 91 86 84 80 75 64 52 51 54 63 62 61 70 79 84 84 86 96 101 101
70 88 90 79 67 59 56 66 77 54 52 60 66 95 68 55 82 44 55 36 49 72 67 37 71 98 91 68 52 69 74 70 87 95 98 97 94 77 58 54 67 73 55 72 99 104 99 82 68 57 57 67 72 78 90 94 96 96 96 88 81 88 88 86 82 76 75 76 81 84 83 77 62 71 77 87 92 96 98 100
80 81 74 68 71 68 56 60 61 74 52 61 83 92 63 56 74 57 44 35 48 61 58 38 49 94 93 48 53 80 59 80 90 95 92 77 75 81 91 87 88 87 86 87 102 103 87 64 46 40 53 74 89 95 97 97 97 97 92 82 92 88 81 86 86 83 83 84 86 87 88 78 55 63 71 80 85 89 94 98
78 66 55 56 60 80 51 60 70 84 66 72 95 72 52 76 72 54 45 45 39 72 48 46 58 91 98 76 87 93 96 100 101 97 82 22 29 53 67 76 92 75 85 103 104 96 76 58 44 65 82 95 99 99 98 99 96 93 94 94 87 74 86 90 90 88 88 89 88 91 90 86 65 53 63 78 84 85 90 93
69 74 69 67 59 76 76 55 55 67 87 93 93 86 79 81 48 46 51 52 47 73 56 47 70 86 96 98 98 91 76 49 95 101 73 30 28 47 62 76 73 68 77 98 98 83 89 91 77 89 96 99 98 98 99 95 92 95 94 88 73 81 90 92 93 91 91 92 91 92 92 88 82 59 68 67 77 81 82 91
65 55 59 82 81 80 89 84 71 63 76 94 94 93 89 76 58 52 41 67 64 44 64 50 77 67 68 68 56 54 46 61 76 100 70 31 23 39 57 73 64 57 64 89 93 78 70 97 95 98 99 101 102 95 89 90 94 94 90 76 71 83 92 94 94 94 94 94 94 94 94 90 85 74 59 68 64 73 83 92
50 56 59 58 55 58 65 87 94 92 95 95 93 93 89 77 57 64 45 72 53 47 50 76 67 53 47 52 45 60 66 79 86 99 61 28 29 36 62 80 72 54 63 77 82 87 87 102 103 102 103 105 101 93 85 93 94 91 81 70 70 80 92 94 95 95 95 95 95 95 95 91 82 83 76 61 64 74 82 85
56 68 53 50 52 50 49 59 86 95 95 95 91 91 82 76 57 71 46 56 64 57 60 74 66 39 50 61 68 59 62 46 60 97 66 42 26 40 71 70 58 34 45 59 74 79 93 104 106 105 105 102 96 89 89 91 91 87 81 73 68 84 93 95 95 94 93 89 82 86 93 87 78 84 87 83 82 83 81 85
52 76 65 64 52 49 56 56 68 93 95 91 88 87 81 80 74 55 58 49 65 60 72 62 47 42 54 50 49 47 49 55 42 93 83 38 35 54 62 45 40 28 36 47 51 62 88 99 102 100 96 96 93 89 85 84 83 78 73 70 70 87 94 94 92 90 81 71 71 80 93 89 83 80 86 94 90 84 82 84
52 61 81 71 83 55 53 55 66 91 94 91 85 86 84 69 76 69 64 61 75 75 59 36 48 45 42 39 44 55 71 60 59 92 76 39 51 68 46 35 32 38 36 43 37 48 80 93 95 86 90 89 80 81 80 79 76 71 70 65 76 92 94 92 80 71 58 55 62 83 96 86 84 81 82 95 99 98 93 90
54 50 48 55 70 81 86 91 93 94 92 89 88 83 84 80 79 70 77 70 69 74 51 36 52 62 62 63 73 76 75 71 92 77 44 51 69 51 35 31 40 41 45 35 38 48 84 93 88 77 79 75 77 77 75 73 68 67 61 63 78 90 89 87 71 60 52 53 73 95 96 86 82 87 88 87 90 98 104 100
69 59 46 56 60 47 54 76 92 93 90 88 87 86 76 77 72 76 73 66 74 49 53 43 44 64 74 59 73 86 85 93 92 72 45 62 54 43 33 33 43 54 54 46 34 51 83 97 84 77 72 72 72 74 73 72 66 58 61 70 81 83 83 77 59 49 52 75 95 97 88 84 87 86 86 87 88 91 101 107
68 65 49 52 59 70 69 82 91 91 89 88 87 86 76 78 77 83 80 76 51 52 47 40 55 53 76 64 70 81 82 78 94 83 63 51 42 37 38 48 49 63 64 51 44 49 80 98 95 83 70 70 71 71 73 71 66 66 72 80 84 82 74 63 54 49 77 96 99 91 82 87 90 84 85 85 91 93 96 104
78 74 68 82 85 91 92 87 90 88 89 87 87 86 82 83 84 83 82 72 60 67 56 55 69 68 70 83 86 85 91 85 94 76 74 59 45 40 44 53 61 77 80 58 57 54 83 103 97 82 73 68 67 69 70 71 72 75 78 83 79 70 63 56 52 73 96 100 96 87 86 90 88 85 79 83 90 95 99 104
70 75 89 91 93 93 92 92 92 90 91 90 88 86 85 86 78 77 82 80 79 71 74 77 75 77 82 85 90 96 89 83 89 83 70 65 56 59 56 58 77 85 72 64 63 63 85 104 92 84 82 79 71 67 72 74 72 77 76 70 65 67 67 62 63 93 100 100 97 91 89 91 87 80 78 87 93 96 99 103
60 81 55 62 88 91 92 92 92 90 86 87 87 86 85 79 77 81 83 87 76 70 85 77 84 90 89 89 81 81 87 93 78 65 70 64 69 85 85 84 91 65 50 61 72 63 68 100 94 89 83 80 76 74 76 76 68 72 69 67 67 69 69 68 80 96 99 100 97 94 94 92 82 80 84 85 92 93 100 102
78 51 49 46 70 87 82 85 92 88 85 80 74 67 69 66 58 81 83 88 86 76 86 89 93 94 95 87 60 70 81 88 68 76 74 77 83 95 97 97 77 57 56 65 76 64 67 99 105 95 92 82 73 71 73 69 61 63 66 61 64 72 81 87 91 93 95 98 97 95 93 90 85 81 89 88 96 103 106 108
77 42 55 57 52 73 82 79 91 87 71 52 47 47 52 73 68 82 86 87 89 91 92 94 95 95 94 80 78 72 75 89 74 83 85 83 92 99 97 84 75 64 69 83 86 78 86 96 104 103 98 88 81 70 66 58 57 63 58 58 67 78 82 84 85 86 88 90 93 94 94 89 85 93 90 95 99 101 104 106
63 49 47 60 42 68 91 92 88 82 55 48 45 55 68 78 70 81 88 88 89 91 91 94 95 96 90 82 86 84 84 95 87 85 91 96 99 99 83 84 68 78 83 85 80 79 89 93 98 94 101 93 89 83 73 58 57 57 56 61 71 82 83 86 88 87 88 90 92 92 93 95 92 83 83 88 98 100 99 103
66 48 54 72 71 84 93 83 84 77 58 47 42 51 68 77 80 85 87 90 91 89 84 86 93 96 95 90 91 94 91 96 96 96 98 99 98 95 88 77 69 80 83 87 84 82 85 90 92 84 94 101 94 87 79 69 62 57 58 63 76 76 79 81 83 83 82 84 87 90 91 92 97 86 84 88 95 105 107 107
65 48 47 76 88 91 92 88 88 78 53 48 57 58 77 71 75 77 83 91 92 91 84 87 93 96 97 97 95 96 97 98 98 99 99 96 85 91 85 85 75 78 88 94 93 91 92 93 94 91 92 101 96 85 86 75 73 68 65 65 74 78 82 84 87 87 85 86 87 88 90 97 98 92 91 86 94 102 97 103
73 48 63 86 87 83 87 94 92 88 77 70 73 78 79 73 72 77 87 92 90 90 92 89 94 96 96 98 98 97 98 99 99 99 100 96 94 88 89 88 85 88 90 90 90 93 93 94 95 91 90 97 101 96 88 80 78 78 78 81 84 86 85 86 87 86 86 88 91 93 96 97 96 95 95 82 90 91 101 108
84 54 78 84 69 81 81 93 90 90 89 85 83 79 79 81 74 83 91 93 84 81 94 96 98 95 92 96 98 98 98 98 99 100 100 100 97 93 96 93 86 93 92 94 98 99 99 97 94 81 82 99 99 99 96 92 84 79 80 85 86 86 87 86 85 81 74 81 101 103 102 105 106 103 92 96 103 100 104 104
64 79 74 66 80 80 91 95 93 93 91 92 88 85 88 89 84 83 93 93 86 84 96 98 98 93 85 90 94 98 98 98 98 100 100 100 97 96 96 97 96 98 96 99 100 99 97 96 83 73 83 96 94 91 97 99 97 92 87 87 89 86 84 88 82 80 78 98 105 105 106 104 101 104 102 103 107 104 99 102
55 65 78 87 86 88 91 94 96 95 92 93 95 95 93 91 89 92 94 94 87 84 93 98 97 92 85 89 83 90 97 98 98 99 100 100 99 96 98 99 100 98 98 99 99 99 97 80 69 79 88 98 95 94 98 100 96 96 95 94 90 82 80 85 94 98 104 105 105 102 99 101 101 105 104 -9999 -9999 -9999 -9999 -9999
80 86 87 90 93 93 94 93 97 95 92 95 93 82 90 93 93 94 96 95 92 90 90 98 99 93 88 94 88 79 82 88 91 95 99 101 101 99 98 98 100 99 99 99 97 100 93 80 87 87 96 101 99 98 99 94 92 98 98 96 87 84 85 88 96 103 105 105 103 100 102 -9999 -9999 -9999 -9999 -9999 -9999 -9999 -9999 -9999
85 87 87 90 91 88 88 90 95 97 94 96 94 86 89 95 96 96 96 97 97 98 98 98 99 97 94 87 88 88 87 91 91 93 95 91 93 100 100 98 100 99 98 98 97 100 93 93 96 99 101 102 103 100 96 93 96 97 96 93 90 91 92 94 100 104 102 98 102 102 -9999 -9999 -9999 -9999 -9999 -9999 -9999 -9999 -9999 -9999
84 88 86 92 90 90 88 92 95 98 96 97 96 93 97 97 97 97 97 97 98 98 99 99 99 99 98 96 96 90 83 85 86 90 87 92 89 97 101 100 100 98 99 94 95 98 97 98 100 103 102 102 104 101 98 98 96 93 90 96 97 95 99 100 101 96 96 96 102 104 -9999 -9999 -9999 -9999 -9999 -9999 -9999 -9999 -9999 -9999
76 90 91 94 92 94 92 95 97 96 94 92 86 90 96 98 98 98 98 98 98 99 99 99 99 98 100 100 97 92 87 87 83 88 96 98 99 99 101 97 95 99 99 97 98 98 97 99 99 101 103 102 103 103 100 98 96 93 92 98 101 102 103 103 99 91 93 100 102 -9999 -9999 -9999 -9999 -9999 -9999 -9999 -9999 -9999 -9999 -9999
