Electronic Materials (Flash Drives)/data/NZclimate/current/bio05nz.asc
ncols        384
nrows        384
xllcorner    163.999999999999
yllcorner    -49.000000000001
cellsize     0.041666666667
NODATA_value -9999
[rows 105 to 139 of 384, columns 240 to 319 of 384]
-9999 -9999 -9999 -9999 -9999 -9999 -9999 -9999 -9999 -9999 -9999 -9999 -9999 -9999 -9999 -9999 239 236 230 233 235 237 239 239 240 241 240 241 241 241 240 237 231 233 240 242 242 242 242 242 241 231 235 236 238 236 238 -9999 -9999 -9999 -9999 -9999 -9999 -9999 -9999 -9999 -9999 -9999 -9999 -9999 -9999 -9999 -9999 -9999 -9999 -9999 -9999 -9999 -9999 -9999 -9999 -9999 -9999 -9999 -9999 -9999 -9999 -9999 -9999 -9999
-9999 -9999 -9999 -9999 -9999 -9999 -9999 -9999 -9999 -9999 -9999 -9999 -9999 -9999 -9999 -9999 238 235 232 233 234 236 236 239 240 241 242 242 242 241 238 238 234 230 232 240 242 242 242 241 237 232 236 236 236 236 241 241 -9999 -9999 -9999 -9999 -9999 -9999 -9999 -9999 -9999 -9999 -9999 -9999 -9999 -9999 -9999 -9999 -9999 -9999 -9999 -9999 -9999 -9999 -9999 -9999 -9999 -9999 -9999 -9999 -9999 -9999 -9999 -9999
-9999 -9999 -9999 -9999 -9999 -9999 -9999 -9999 -9999 -9999 -9999 -9999 -9999 -9999 -9999 -9999 -9999 236 237 237 235 237 237 239 240 241 241 241 241 241 240 239 230 235 236 239 242 243 243 243 239 228 230 224 231 235 241 241 241 -9999 -9999 -9999 -9999 -9999 -9999 -9999 -9999 -9999 -9999 -9999 -9999 -9999 -9999 -9999 -9999 -9999 -9999 -9999 -9999 -9999 -9999 -9999 -9999 -9999 -9999 -9999 -9999 -9999 -9999 -9999
-9999 -9999 -9999 -9999 -9999 -9999 -9999 -9999 -9999 -9999 -9999 -9999 -9999 -9999 -9999 -9999 -9999 238 238 235 234 235 238 239 239 240 240 241 241 239 241 241 240 241 240 240 242 242 242 241 241 225 219 221 230 238 241 242 241 241 -9999 -9999 -9999 -9999 -9999 -9999 -9999 -9999 -9999 -9999 -9999 -9999 -9999 -9999 -9999 -9999 -9999 -9999 -9999 -9999 -9999 -9999 -9999 -9999 -9999 247 242 -9999 -9999 -9999
-9999 -9999 -9999 -9999 -9999 -9999 -9999 -9999 -9999 -9999 -9999 -9999 -9999 -9999 -9999 -9999 -9999 -9999 236 234 234 235 238 237 235 239 240 241 239 240 241 241 241 240 237 238 242 242 242 242 242 238 233 218 229 240 242 242 241 241 240 -9999 -9999 -9999 -9999 -9999 -9999 -9999 -9999 -9999 -9999 -9999 -9999 -9999 -9999 -9999 -9999 -9999 -9999 -9999 -9999 -9999 -9999 -9999 -9999 -9999 -9999 -9999 -9999 -9999
-9999 -9999 -9999 -9999 -9999 -9999 -9999 -9999 -9999 -9999 -9999 -9999 -9999 -9999 -9999 -9999 -9999 -9999 236 237 235 236 236 234 233 237 238 237 239 241 241 241 241 241 240 241 241 241 241 241 241 241 241 233 228 239 241 241 241 240 241 241 -9999 -9999 -9999 -9999 -9999 241 241 -9999 -9999 -9999 -9999 -9999 -9999 -9999 -9999 -9999 -9999 -9999 -9999 -9999 -9999 -9999 -9999 -9999 -9999 -9999 -9999 -9999
-9999 -9999 -9999 -9999 -9999 -9999 -9999 -9999 -9999 -9999 -9999 -9999 -9999 -9999 -9999 -9999 -9999 -9999 -9999 237 237 237 235 235 236 235 235 237 240 241 241 241 241 240 241 241 241 241 241 241 241 241 241 236 222 233 239 240 241 241 241 241 240 240 -9999 -9999 -9999 241 241 -9999 -9999 -9999 -9999 -9999 -9999 -9999 -9999 -9999 -9999 -9999 -9999 -9999 -9999 -9999 -9999 -9999 -9999 -9999 -9999 -9999
-9999 -9999 -9999 -9999 -9999 -9999 -9999 -9999 -9999 -9999 -9999 -9999 -9999 -9999 -9999 -9999 -9999 -9999 -9999 236 237 237 236 236 235 233 236 240 241 240 241 241 241 240 240 240 239 241 240 240 241 240 240 240 224 225 232 236 238 240 240 240 241 240 240 240 -9999 -9999 -9999 -9999 -9999 -9999 -9999 -9999 -9999 -9999 -9999 -9999 -9999 -9999 -9999 -9999 -9999 -9999 -9999 -9999 -9999 -9999 -9999 -9999
-9999 -9999 -9999 -9999 -9999 -9999 -9999 -9999 -9999 -9999 -9999 -9999 -9999 -9999 -9999 -9999 -9999 -9999 -9999 237 237 236 237 238 234 233 238 240 240 240 240 241 241 240 240 237 238 240 240 240 240 240 240 240 237 222 225 230 233 237 240 240 239 239 238 241 242 242 -9999 242 -9999 -9999 -9999 -9999 -9999 -9999 -9999 -9999 -9999 -9999 -9999 -9999 -9999 -9999 -9999 -9999 -9999 -9999 -9999 -9999
-9999 -9999 -9999 -9999 -9999 -9999 -9999 -9999 -9999 -9999 -9999 -9999 -9999 -9999 -9999 -9999 -9999 -9999 -9999 -9999 236 238 239 238 231 233 239 240 240 240 240 240 240 240 240 238 235 236 238 239 239 240 240 239 239 223 223 226 232 239 239 238 234 233 236 241 242 242 242 241 242 -9999 -9999 -9999 -9999 -9999 -9999 -9999 -9999 -9999 -9999 -9999 -9999 -9999 -9999 -9999 -9999 -9999 -9999 -9999
-9999 -9999 -9999 -9999 -9999 -9999 -9999 -9999 -9999 -9999 -9999 -9999 -9999 -9999 -9999 -9999 -9999 -9999 239 236 238 238 238 238 234 234 237 240 240 240 240 240 240 240 239 237 232 232 230 235 237 238 239 239 238 224 221 231 233 235 234 233 229 227 234 238 240 241 242 242 242 243 243 -9999 -9999 -9999 -9999 -9999 -9999 -9999 -9999 -9999 -9999 -9999 -9999 -9999 -9999 -9999 -9999 -9999
-9999 -9999 -9999 -9999 -9999 -9999 -9999 -9999 -9999 -9999 -9999 -9999 -9999 -9999 -9999 -9999 -9999 -9999 225 224 233 235 234 232 237 234 234 239 239 239 239 239 239 239 239 239 235 233 231 231 236 238 239 239 239 232 221 229 231 230 229 228 227 230 231 234 238 240 240 241 241 241 242 242 242 244 -9999 -9999 -9999 -9999 -9999 246 -9999 -9999 -9999 -9999 -9999 -9999 -9999 -9999
-9999 -9999 -9999 -9999 -9999 -9999 -9999 -9999 -9999 -9999 -9999 -9999 -9999 -9999 -9999 -9999 -9999 -9999 233 231 233 230 229 224 235 235 237 239 240 240 239 239 239 239 239 239 239 236 234 235 237 238 238 238 239 236 223 223 226 225 225 225 224 226 229 232 237 238 238 238 239 239 239 240 238 236 244 244 245 245 -9999 -9999 -9999 -9999 -9999 -9999 -9999 -9999 -9999 -9999
-9999 -9999 -9999 -9999 -9999 -9999 -9999 -9999 -9999 -9999 -9999 -9999 -9999 -9999 -9999 -9999 -9999 -9999 236 235 236 232 232 228 231 230 234 237 239 239 239 239 239 239 238 238 236 238 237 236 237 237 238 238 238 234 221 223 222 222 220 222 224 226 229 232 234 234 234 236 235 237 238 237 233 239 245 245 245 245 245 245 244 -9999 -9999 -9999 -9999 -9999 -9999 -9999
-9999 -9999 -9999 -9999 -9999 -9999 -9999 -9999 -9999 -9999 -9999 -9999 -9999 -9999 -9999 -9999 -9999 -9999 234 236 238 235 230 225 224 216 214 228 238 239 239 239 239 238 239 238 234 235 235 237 236 235 238 238 236 233 226 220 219 219 220 221 223 226 228 229 231 231 231 232 231 232 232 230 230 241 245 245 245 245 245 244 241 245 246 246 245 246 247 246
-9999 -9999 -9999 -9999 -9999 -9999 -9999 -9999 -9999 -9999 -9999 -9999 -9999 -9999 -9999 -9999 -9999 -9999 237 236 236 232 230 232 226 216 217 228 237 239 239 239 239 239 238 234 230 220 227 236 236 234 236 237 235 232 228 222 219 219 219 221 225 226 227 228 230 230 230 228 230 229 229 230 237 244 244 244 243 239 241 244 237 244 245 246 245 245 246 246
-9999 -9999 -9999 -9999 -9999 -9999 -9999 -9999 -9999 -9999 -9999 -9999 -9999 -9999 -9999 -9999 -9999 -9999 236 236 237 237 236 233 227 223 230 236 238 238 238 239 239 239 238 236 231 229 233 237 236 236 235 235 233 230 226 222 220 219 220 224 229 231 231 231 229 226 227 224 222 226 228 235 241 243 243 243 237 237 241 245 241 240 240 244 243 240 245 245
-9999 -9999 -9999 -9999 -9999 -9999 -9999 -9999 -9999 -9999 -9999 -9999 -9999 -9999 -9999 -9999 235 230 236 237 237 237 236 232 228 229 233 236 237 238 239 238 238 239 238 237 235 235 236 236 236 235 234 233 232 230 227 222 219 218 219 226 222 230 231 231 225 220 222 216 222 227 228 236 241 236 238 240 235 239 242 245 243 241 241 243 240 231 241 238
-9999 -9999 -9999 -9999 -9999 -9999 -9999 -9999 -9999 -9999 -9999 -9999 -9999 -9999 -9999 -9999 233 233 233 236 234 230 233 227 225 231 234 234 237 238 238 237 237 238 237 236 236 235 234 235 233 233 232 232 231 229 227 226 220 218 217 222 226 230 230 227 223 227 219 212 230 236 238 240 237 234 233 237 232 237 242 244 240 244 244 241 237 227 236 231
-9999 -9999 -9999 -9999 -9999 -9999 -9999 -9999 -9999 -9999 -9999 -9999 -9999 -9999 -9999 -9999 236 233 231 227 231 227 229 222 220 228 231 232 237 238 238 238 238 236 235 235 235 233 232 232 232 231 231 230 230 228 225 223 219 216 214 218 223 227 227 221 223 230 231 227 226 232 234 235 231 230 233 237 232 232 234 240 236 237 241 231 232 220 234 233
-9999 -9999 -9999 -9999 -9999 -9999 -9999 -9999 -9999 -9999 -9999 -9999 -9999 -9999 -9999 -9999 -9999 231 229 227 226 224 224 219 221 229 233 236 237 238 238 238 234 235 233 231 229 230 226 228 231 229 228 228 229 228 226 223 220 217 219 220 226 227 225 224 221 227 230 218 210 220 227 229 227 229 234 238 235 226 223 233 231 227 235 226 230 223 230 233
-9999 -9999 -9999 -9999 -9999 -9999 -9999 -9999 -9999 -9999 -9999 -9999 -9999 -9999 -9999 -9999 -9999 230 232 232 231 228 226 225 224 231 234 236 237 236 235 230 233 233 229 226 225 226 224 228 232 229 226 226 227 227 226 224 222 221 224 224 228 228 225 220 221 226 229 227 223 224 226 226 227 231 234 237 230 224 222 228 233 228 236 225 225 218 228 232
-9999 -9999 -9999 -9999 -9999 -9999 -9999 -9999 -9999 -9999 -9999 -9999 -9999 -9999 -9999 -9999 235 232 227 227 226 226 224 223 224 229 233 236 234 232 230 227 233 228 219 219 219 221 225 229 232 231 228 227 228 226 223 226 228 227 227 228 229 230 228 224 222 225 226 225 225 226 227 227 229 233 237 235 225 223 222 233 236 232 232 231 228 215 221 231
-9999 -9999 -9999 -9999 -9999 -9999 -9999 -9999 -9999 -9999 -9999 -9999 -9999 -9999 -9999 235 226 231 223 219 224 224 223 221 224 229 235 232 233 229 228 228 229 221 213 210 213 218 225 229 231 231 232 233 229 221 223 230 231 231 226 227 230 226 223 224 227 227 224 223 222 225 226 227 231 236 239 237 218 220 223 231 234 228 227 224 222 211 222 225
-9999 -9999 -9999 -9999 -9999 -9999 -9999 -9999 -9999 -9999 -9999 -9999 -9999 -9999 -9999 232 225 227 217 218 223 223 223 222 225 228 230 231 230 230 229 229 226 221 216 214 212 217 223 227 230 232 233 229 222 221 230 230 231 230 229 229 227 219 219 229 231 229 224 222 222 222 226 228 234 238 238 237 220 218 225 230 233 226 227 225 213 213 223 221
-9999 -9999 -9999 -9999 -9999 -9999 -9999 -9999 -9999 -9999 -9999 -9999 -9999 -9999 -9999 229 226 221 217 218 223 225 227 225 228 231 230 230 229 228 227 227 222 221 219 218 216 217 220 224 228 231 231 230 227 229 230 230 222 226 226 228 223 222 227 231 232 229 223 222 221 222 227 231 236 238 236 219 223 219 229 227 230 221 226 220 212 217 219 219
-9999 -9999 -9999 -9999 -9999 -9999 -9999 -9999 -9999 -9999 -9999 -9999 -9999 -9999 -9999 230 228 223 215 221 225 226 228 228 231 230 229 229 229 228 227 225 223 223 221 220 217 217 217 220 225 227 227 226 222 224 225 226 218 219 220 229 227 226 230 232 232 229 225 222 221 223 227 230 235 236 229 210 222 217 225 226 225 222 218 219 208 209 214 214
-9999 -9999 -9999 -9999 -9999 -9999 -9999 -9999 -9999 -9999 -9999 -9999 -9999 -9999 -9999 229 224 219 213 223 226 229 228 228 230 229 229 226 224 224 223 224 224 218 220 220 217 216 213 213 212 220 225 224 222 221 224 223 219 220 225 227 231 231 230 232 232 227 223 222 223 225 226 230 229 230 227 218 219 221 225 227 218 219 220 217 203 201 204 210
-9999 -9999 -9999 -9999 -9999 -9999 -9999 -9999 -9999 -9999 -9999 -9999 -9999 -9999 -9999 229 223 221 216 224 230 232 231 230 230 229 229 228 224 222 222 222 219 222 222 218 217 214 206 206 215 221 223 222 218 216 220 220 221 221 224 228 229 230 231 232 228 222 218 221 225 227 228 228 225 226 227 217 212 214 218 225 217 216 219 207 204 206 209 213
-9999 -9999 -9999 -9999 -9999 -9999 -9999 -9999 -9999 -9999 -9999 -9999 -9999 -9999 232 226 225 224 229 229 229 233 232 230 230 229 225 228 226 221 222 226 228 227 223 220 218 211 205 209 216 221 222 221 219 220 218 219 222 225 227 228 230 230 232 231 222 218 217 221 224 225 227 221 224 228 229 219 219 216 223 221 211 207 202 197 204 211 213 213
-9999 -9999 -9999 -9999 -9999 -9999 -9999 -9999 -9999 -9999 -9999 -9999 -9999 -9999 232 229 227 226 225 220 222 231 229 229 225 223 223 224 221 219 223 228 227 224 220 219 212 204 203 210 217 220 222 223 223 224 225 221 221 225 228 226 229 230 228 221 219 217 218 220 222 223 222 219 224 229 221 217 214 218 222 217 206 204 196 200 209 211 213 224
-9999 -9999 -9999 -9999 -9999 -9999 -9999 -9999 -9999 -9999 -9999 -9999 -9999 -9999 231 228 230 230 227 229 225 228 223 223 222 226 223 224 223 224 225 225 223 218 217 213 209 206 213 217 219 220 224 227 228 228 224 225 225 229 227 218 225 225 222 216 216 218 219 219 219 218 216 218 225 218 209 209 210 216 208 202 202 211 200 201 201 208 213 222
-9999 -9999 -9999 -9999 -9999 -9999 -9999 -9999 -9999 -9999 -9999 -9999 -9999 -9999 230 229 227 226 224 224 226 223 221 223 224 226 226 225 225 224 226 225 226 219 211 207 203 209 213 216 218 222 227 228 229 229 229 229 228 230 226 221 220 220 215 215 216 218 218 217 215 214 211 217 220 209 210 212 218 213 204 205 210 216 211 207 211 212 214 223
-9999 -9999 -9999 -9999 -9999 -9999 -9999 -9999 -9999 -9999 -9999 -9999 -9999 -9999 228 226 227 226 223 219 217 217 219 225 225 228 227 226 222 226 224 223 224 218 207 205 206 204 207 212 219 224 227 227 228 229 229 229 230 230 227 223 217 213 214 215 216 216 216 215 212 211 208 215 212 207 212 208 215 207 212 213 219 219 221 217 212 220 230 227
-9999 -9999 -9999 -9999 -9999 -9999 -9999 -9999 -9999 -9999 -9999 -9999 -9999 230 229 227 227 224 220 216 215 217 221 225 228 225 220 219 221 227 225 226 226 219 219 216 210 203 203 210 218 220 221 224 228 228 229 229 229 226 226 222 216 212 212 214 214 214 214 213 210 209 206 208 206 203 203 205 223 212 216 213 211 209 219 230 228 230 234 235
