Electronic Materials (Flash Drives)/data/NZclimate/current/bio05nz.asc
ncols        384
nrows        384
xllcorner    163.999999999999
yllcorner    -49.000000000001
cellsize     0.041666666667
NODATA_value -9999
[rows 245 to 279 of 384, columns 80 to 159 of 384]
-9999 -9999 -9999 -9999 -9999 -9999 -9999 -9999 -9999 -9999 -9999 -9999 -9999 -9999 -9999 -9999 -9999 -9999 -9999 -9999 -9999 -9999 -9999 -9999 -9999 -9999 -9999 -9999 -9999 -9999 -9999 -9999 -9999 -9999 -9999 -9999 -9999 -9999 -9999 -9999 -9999 -9999 -9999 -9999 -9999 -9999 -9999 -9999 -9999 -9999 -9999 -9999 -9999 -9999 -9999 -9999 -9999 -9999 -9999 -9999 -9999 -9999 -9999 -9999 -9999 -9999 223 221 221 220 218 216 218 218 217 207 200 183 179 184
-9999 -9999 -9999 -9999 -9999 -9999 -9999 -9999 -9999 -9999 -9999 -9999 -9999 -9999 -9999 -9999 -9999 -9999 -9999 -9999 -9999 -9999 -9999 -9999 -9999 -9999 -9999 -9999 -9999 -9999 -9999 -9999 -9999 -9999 -9999 -9999 -9999 -9999 -9999 -9999 -9999 -9999 -9999 -9999 -9999 -9999 -9999 -9999 -9999 -9999 -9999 -9999 -9999 -9999 -9999 -9999 -9999 -9999 -9999 -9999 -9999 -9999 -9999 -9999 -9999 223 223 220 217 217 218 219 218 218 203 180 163 181 176 162
-9999 -9999 -9999 -9999 -9999 -9999 -9999 -9999 -9999 -9999 -9999 -9999 -9999 -9999 -9999 -9999 -9999 -9999 -9999 -9999 -9999 -9999 -9999 -9999 -9999 -9999 -9999 -9999 -9999 -9999 -9999 -9999 -9999 -9999 -9999 -9999 -9999 -9999 -9999 -9999 -9999 -9999 -9999 -9999 -9999 -9999 -9999 -9999 -9999 -9999 -9999 -9999 -9999 -9999 -9999 -9999 -9999 -9999 -9999 -9999 -9999 -9999 -9999 -9999 224 223 222 217 218 216 211 214 196 201 207 187 189 189 164 148
-9999 -9999 -9999 -9999 -9999 -9999 -9999 -9999 -9999 -9999 -9999 -9999 -9999 -9999 -9999 -9999 -9999 -9999 -9999 -9999 -9999 -9999 -9999 -9999 -9999 -9999 -9999 -9999 -9999 -9999 -9999 -9999 -9999 -9999 -9999 -9999 -9999 -9999 -9999 -9999 -9999 -9999 -9999 -9999 -9999 -9999 -9999 -9999 -9999 -9999 -9999 -9999 -9999 -9999 -9999 -9999 -9999 -9999 -9999 -9999 -9999 -9999 225 224 222 218 220 221 220 212 204 185 177 190 211 207 202 187 181 164
-9999 -9999 -9999 -9999 -9999 -9999 -9999 -9999 -9999 -9999 -9999 -9999 -9999 -9999 -9999 -9999 -9999 -9999 -9999 -9999 -9999 -9999 -9999 -9999 -9999 -9999 -9999 -9999 -9999 -9999 -9999 -9999 -9999 -9999 -9999 -9999 -9999 -9999 -9999 -9999 -9999 -9999 -9999 -9999 -9999 -9999 -9999 -9999 -9999 -9999 -9999 -9999 -9999 -9999 -9999 -9999 -9999 -9999 -9999 226 225 222 222 219 217 216 213 218 214 196 181 162 166 193 196 180 160 176 172 158
-9999 -9999 -9999 -9999 -9999 -9999 -9999 -9999 -9999 -9999 -9999 -9999 -9999 -9999 -9999 -9999 -9999 -9999 -9999 -9999 -9999 -9999 -9999 -9999 -9999 -9999 -9999 -9999 -9999 -9999 -9999 -9999 -9999 -9999 -9999 -9999 -9999 -9999 -9999 -9999 -9999 -9999 -9999 -9999 -9999 -9999 -9999 -9999 -9999 -9999 -9999 -9999 -9999 -9999 -9999 -9999 -9999 -9999 226 225 223 222 221 219 217 215 201 190 201 192 187 172 167 181 179 149 157 162 151 163
-9999 -9999 -9999 -9999 -9999 -9999 -9999 -9999 -9999 -9999 -9999 -9999 -9999 -9999 -9999 -9999 -9999 -9999 -9999 -9999 -9999 -9999 -9999 -9999 -9999 -9999 -9999 -9999 -9999 -9999 -9999 -9999 -9999 -9999 -9999 -9999 -9999 -9999 -9999 -9999 -9999 -9999 -9999 -9999 -9999 -9999 -9999 -9999 -9999 -9999 -9999 -9999 -9999 -9999 -9999 -9999 -9999 227 226 226 226 224 223 221 215 194 180 167 161 146 155 136 164 155 165 174 176 149 148 171
-9999 -9999 -9999 -9999 -9999 -9999 -9999 -9999 -9999 -9999 -9999 -9999 -9999 -9999 -9999 -9999 -9999 -9999 -9999 -9999 -9999 -9999 -9999 -9999 -9999 -9999 -9999 -9999 -9999 -9999 -9999 -9999 -9999 -9999 -9999 -9999 -9999 -9999 -9999 -9999 -9999 -9999 -9999 -9999 -9999 -9999 -9999 -9999 -9999 -9999 -9999 -9999 -9999 -9999 -9999 -9999 228 227 227 226 226 216 203 212 192 187 169 153 129 135 135 146 129 154 143 189 172 149 159 158
-9999 -9999 -9999 -9999 -9999 -9999 -9999 -9999 -9999 -9999 -9999 -9999 -9999 -9999 -9999 -9999 -9999 -9999 -9999 -9999 -9999 -9999 -9999 -9999 -9999 -9999 -9999 -9999 -9999 -9999 -9999 -9999 -9999 -9999 -9999 -9999 -9999 -9999 -9999 -9999 -9999 -9999 -9999 -9999 -9999 -9999 -9999 -9999 -9999 -9999 -9999 -9999 -9999 -9999 228 227 227 225 224 226 210 189 182 198 194 188 163 118 129 174 154 134 162 158 162 191 166 149 177 152
-9999 -9999 -9999 -9999 -9999 -9999 -9999 -9999 -9999 -9999 -9999 -9999 -9999 -9999 -9999 -9999 -9999 -9999 -9999 -9999 -9999 -9999 -9999 -9999 -9999 -9999 -9999 -9999 -9999 -9999 -9999 -9999 -9999 -9999 -9999 -9999 -9999 -9999 -9999 -9999 -9999 -9999 -9999 -9999 -9999 -9999 -9999 -9999 -9999 -9999 228 228 228 227 228 226 226 214 198 217 212 210 193 175 174 172 142 121 171 175 144 179 161 139 160 194 177 151 180 158
-9999 -9999 -9999 -9999 -9999 -9999 -9999 -9999 -9999 -9999 -9999 -9999 -9999 -9999 -9999 -9999 -9999 -9999 -9999 -9999 -9999 -9999 -9999 -9999 -9999 -9999 -9999 -9999 -9999 -9999 -9999 -9999 -9999 -9999 -9999 -9999 -9999 -9999 -9999 -9999 -9999 -9999 -9999 -9999 -9999 -9999 -9999 -9999 227 223 225 217 227 226 227 209 209 202 181 214 205 185 179 192 192 173 166 160 194 192 181 157 148 171 156 196 177 166 181 187
-9999 -9999 -9999 -9999 -9999 -9999 -9999 -9999 -9999 -9999 -9999 -9999 -9999 -9999 -9999 -9999 -9999 -9999 -9999 -9999 -9999 -9999 -9999 -9999 -9999 -9999 -9999 -9999 -9999 -9999 -9999 -9999 -9999 -9999 -9999 -9999 -9999 -9999 -9999 -9999 -9999 -9999 -9999 -9999 -9999 228 226 223 224 220 227 222 222 211 219 203 188 195 194 193 202 185 175 161 139 158 188 178 203 158 153 151 155 180 155 180 203 193 198 176
-9999 -9999 -9999 -9999 -9999 -9999 -9999 -9999 -9999 -9999 -9999 -9999 -9999 -9999 -9999 -9999 -9999 -9999 -9999 -9999 -9999 -9999 -9999 -9999 -9999 -9999 -9999 -9999 -9999 -9999 -9999 -9999 -9999 -9999 -9999 -9999 -9999 -9999 -9999 -9999 -9999 -9999 -9999 228 224 223 224 218 215 225 218 221 214 196 189 216 215 199 182 180 177 188 174 157 154 173 204 205 193 159 178 155 154 183 159 160 202 205 198 171
-9999 -9999 -9999 -9999 -9999 -9999 -9999 -9999 -9999 -9999 -9999 -9999 -9999 -9999 -9999 -9999 -9999 -9999 -9999 -9999 -9999 -9999 -9999 -9999 -9999 -9999 -9999 -9999 -9999 -9999 -9999 -9999 -9999 -9999 -9999 -9999 -9999 -9999 -9999 -9999 -9999 -9999 228 227 220 212 217 219 220 210 190 210 223 211 206 200 177 181 176 177 172 184 170 159 160 155 200 210 169 176 173 151 162 186 160 170 200 206 197 173
-9999 -9999 -9999 -9999 -9999 -9999 -9999 -9999 -9999 -9999 -9999 -9999 -9999 -9999 -9999 -9999 -9999 -9999 -9999 -9999 -9999 -9999 -9999 -9999 -9999 -9999 -9999 -9999 -9999 -9999 -9999 -9999 -9999 -9999 -9999 -9999 -9999 -9999 -9999 -9999 -9999 227 227 227 223 213 202 200 209 207 201 198 212 202 172 171 185 164 178 199 184 164 167 182 163 173 208 213 186 192 160 158 175 192 178 183 207 207 199 182
-9999 -9999 -9999 -9999 -9999 -9999 -9999 -9999 -9999 -9999 -9999 -9999 -9999 -9999 -9999 -9999 -9999 -9999 -9999 -9999 -9999 -9999 -9999 -9999 -9999 -9999 -9999 -9999 -9999 -9999 -9999 -9999 -9999 -9999 -9999 -9999 -9999 -9999 -9999 227 227 226 227 224 206 198 205 199 189 186 181 179 190 190 186 191 181 196 207 167 161 175 161 196 156 177 208 215 210 191 173 164 183 182 205 207 209 207 197 167
-9999 -9999 -9999 -9999 -9999 -9999 -9999 -9999 -9999 -9999 -9999 -9999 -9999 -9999 -9999 -9999 -9999 -9999 -9999 -9999 -9999 -9999 -9999 -9999 -9999 -9999 -9999 -9999 -9999 -9999 -9999 -9999 -9999 -9999 -9999 -9999 -9999 226 226 226 227 227 224 201 211 203 195 198 181 181 187 188 213 212 206 191 206 205 170 177 187 184 172 194 147 164 205 216 212 199 190 190 195 201 206 209 209 206 192 165
-9999 -9999 -9999 -9999 -9999 -9999 -9999 -9999 -9999 -9999 -9999 -9999 -9999 -9999 -9999 -9999 -9999 -9999 -9999 -9999 -9999 -9999 -9999 -9999 -9999 -9999 -9999 -9999 -9999 -9999 -9999 -9999 -9999 -9999 -9999 226 226 226 226 227 222 207 210 222 212 206 219 214 211 192 203 215 223 208 193 192 195 168 167 186 191 160 197 187 152 172 200 217 216 207 200 201 202 205 208 210 210 204 182 162
-9999 -9999 -9999 -9999 -9999 -9999 -9999 -9999 -9999 -9999 -9999 -9999 -9999 -9999 -9999 -9999 -9999 -9999 -9999 -9999 -9999 -9999 -9999 -9999 -9999 -9999 -9999 -9999 221 218 220 221 223 224 224 225 225 219 214 206 204 215 188 192 217 209 188 193 200 220 225 213 186 171 170 173 163 184 170 198 176 157 208 176 160 158 192 217 217 212 208 206 206 206 209 210 209 203 186 182
-9999 -9999 -9999 -9999 -9999 -9999 -9999 -9999 -9999 -9999 -9999 -9999 -9999 -9999 -9999 -9999 -9999 -9999 -9999 -9999 -9999 -9999 -9999 -9999 218 216 213 213 212 214 216 216 221 223 222 223 221 207 183 211 191 199 210 194 193 194 199 201 213 212 199 189 183 174 183 190 162 180 184 206 168 190 205 173 161 165 189 216 216 213 210 208 208 209 211 211 208 197 178 194
-9999 -9999 -9999 -9999 -9999 -9999 -9999 -9999 -9999 -9999 -9999 -9999 -9999 -9999 -9999 -9999 -9999 -9999 -9999 -9999 -9999 -9999 -9999 217 217 218 219 217 211 205 202 215 218 222 213 201 210 197 196 191 199 189 203 205 200 189 197 184 190 202 165 175 173 173 203 174 160 172 167 203 203 212 184 170 169 183 193 216 216 214 212 211 212 212 213 211 210 205 198 201
-9999 -9999 -9999 -9999 -9999 -9999 -9999 -9999 -9999 -9999 -9999 -9999 -9999 -9999 -9999 -9999 -9999 -9999 -9999 -9999 -9999 -9999 214 209 212 206 204 208 220 206 210 211 206 219 183 209 214 187 190 185 185 190 184 184 193 193 181 190 203 176 176 177 185 207 190 162 168 176 172 204 216 207 163 171 187 205 205 216 217 214 212 214 213 214 213 212 212 208 204 210
-9999 -9999 -9999 -9999 -9999 -9999 -9999 -9999 -9999 -9999 -9999 -9999 -9999 -9999 -9999 -9999 -9999 -9999 -9999 -9999 -9999 214 211 206 200 199 202 200 213 205 197 195 208 216 198 202 183 190 195 172 186 175 185 185 185 191 206 209 190 184 184 171 200 195 160 185 163 170 189 207 216 201 171 190 209 213 214 217 217 215 210 215 215 214 214 213 212 208 193 207
-9999 -9999 -9999 -9999 -9999 -9999 -9999 -9999 -9999 -9999 -9999 -9999 -9999 -9999 -9999 -9999 -9999 -9999 -9999 212 207 209 207 205 201 199 207 207 196 183 176 206 219 192 212 189 183 174 178 174 183 187 183 196 195 208 207 185 176 172 186 197 209 170 174 193 173 174 191 205 217 200 175 202 213 216 216 216 216 215 215 216 216 215 214 214 212 208 197 205
-9999 -9999 -9999 -9999 -9999 -9999 -9999 -9999 -9999 -9999 -9999 -9999 -9999 -9999 -9999 -9999 -9999 211 210 205 201 200 204 197 191 198 206 188 183 183 203 215 202 178 208 173 154 173 178 176 198 198 182 184 197 218 177 180 169 186 188 215 173 173 201 179 163 183 168 209 217 200 186 205 216 217 217 218 218 217 216 214 216 214 214 211 210 207 190 201
-9999 -9999 -9999 -9999 -9999 -9999 -9999 -9999 -9999 -9999 -9999 -9999 -9999 -9999 -9999 -9999 -9999 209 206 199 195 192 201 193 182 196 180 173 179 200 219 208 206 199 199 195 162 193 190 194 182 182 200 209 221 197 176 186 186 176 206 205 169 186 201 162 179 167 174 208 216 209 211 216 217 218 218 218 218 218 217 215 212 208 212 201 190 202 181 194
-9999 -9999 -9999 -9999 -9999 -9999 -9999 -9999 -9999 -9999 -9999 -9999 -9999 -9999 -9999 208 209 209 211 211 211 209 199 192 177 190 171 173 194 216 204 178 206 169 197 171 174 167 182 184 185 184 185 209 218 180 170 174 188 204 220 182 186 181 202 185 188 169 171 204 213 215 215 214 215 217 211 217 219 219 218 217 214 212 204 189 170 190 181 199
-9999 -9999 -9999 -9999 -9999 -9999 -9999 -9999 -9999 -9999 -9999 -9999 -9999 -9999 -9999 209 206 194 200 193 203 199 177 190 179 172 169 194 203 184 168 192 181 164 168 149 188 166 186 184 188 196 204 222 209 181 173 177 189 217 206 178 197 174 190 208 191 180 193 206 213 214 215 214 217 213 189 200 219 219 218 217 210 209 202 196 174 182 202 205
-9999 -9999 -9999 -9999 -9999 -9999 -9999 -9999 -9999 -9999 -9999 -9999 -9999 204 204 199 205 203 198 180 194 206 183 176 156 173 185 196 187 183 168 180 163 136 168 194 187 165 167 184 172 187 217 224 214 177 185 199 209 222 199 203 191 174 191 201 205 199 177 199 214 214 213 215 209 199 169 197 215 218 216 211 209 201 204 196 192 200 203 205
-9999 -9999 -9999 -9999 -9999 -9999 -9999 -9999 -9999 -9999 -9999 -9999 203 199 199 199 199 203 182 181 189 204 170 168 146 153 181 186 170 151 147 166 181 142 176 202 173 164 178 173 172 188 218 225 217 210 213 221 222 216 206 191 178 173 193 199 208 202 187 202 216 213 218 218 216 201 177 189 212 217 211 200 201 185 193 199 192 196 205 206
-9999 -9999 -9999 -9999 -9999 -9999 -9999 -9999 -9999 -9999 -9999 204 200 193 199 192 182 204 180 184 206 182 185 169 149 165 170 145 160 150 161 184 187 179 187 211 206 186 162 176 188 184 214 225 198 208 223 218 190 183 178 182 179 193 193 181 198 201 198 209 215 217 218 219 219 217 196 186 213 209 202 187 190 167 176 184 168 181 203 207
-9999 -9999 -9999 -9999 -9999 -9999 -9999 -9999 -9999 -9999 -9999 203 196 193 186 181 175 203 186 200 188 174 165 155 168 180 183 183 176 170 144 151 180 188 182 165 189 218 186 153 181 211 221 219 195 214 223 214 207 205 194 191 188 202 203 184 201 205 197 214 216 217 216 199 206 218 212 210 215 207 192 204 194 184 192 191 167 191 206 208
-9999 -9999 -9999 -9999 -9999 -9999 -9999 -9999 -9999 -9999 202 200 182 166 178 169 165 186 206 198 171 158 171 167 193 162 150 166 174 155 153 167 178 158 174 162 180 219 199 175 200 225 223 200 197 212 223 219 190 191 185 180 197 209 205 196 198 175 190 210 215 204 208 197 197 212 216 210 217 207 202 211 203 204 198 183 176 203 208 210
-9999 -9999 -9999 -9999 -9999 -9999 -9999 -9999 199 195 198 189 175 175 175 180 155 170 206 187 182 160 175 179 187 138 166 192 167 150 171 188 166 181 178 160 172 208 221 219 218 225 216 221 215 208 224 220 196 192 198 203 209 204 199 194 171 173 173 196 208 201 181 191 196 210 210 210 218 213 217 216 210 207 195 185 201 208 210 210
-9999 -9999 -9999 -9999 -9999 -9999 202 198 191 183 190 178 187 192 181 185 179 172 201 188 167 168 173 201 183 155 173 192 155 142 167 196 174 184 185 168 160 172 216 221 225 225 222 225 223 224 224 218 193 188 201 214 213 201 197 184 191 177 168 190 190 184 166 192 196 204 204 208 208 207 207 213 215 210 198 208 210 211 211 210
