Electronic Materials (Flash Drives)/data/NZclimate/current/bio05nz.asc
ncols        384
nrows        384
xllcorner    163.999999999999
yllcorner    -49.000000000001
cellsize     0.041666666667
NODATA_value -9999
[rows 210 to 244 of 384, columns 160 to 239 of 384]
-9999 -9999 -9999 -9999 -9999 -9999 -9999 -9999 -9999 -9999 -9999 -9999 -9999 -9999 -9999 -9999 -9999 -9999 206 205 205 205 206 205 202 187 185 186 190 199 195 193 202 187 193 197 200 199 201 202 198 199 188 191 189 184 185 188 190 190 192 187 180 186 183 191 172 165 180 180 186 184 170 154 175 193 178 190 177 195 191 175 177 175 171 197 212 208 202 205
-9999 -9999 -9999 -9999 -9999 -9999 -9999 -9999 -9999 -9999 -9999 -9999 -9999 -9999 -9999 -9999 -9999 -9999 206 206 205 204 205 205 193 191 196 193 198 203 198 196 198 197 196 195 196 199 196 200 198 200 192 198 186 178 189 184 187 181 178 185 185 165 186 171 157 169 183 164 185 176 159 164 185 177 183 177 182 179 175 164 181 196 203 204 204 202 198 205
-9999 -9999 -9999 -9999 -9999 -9999 -9999 -9999 -9999 -9999 -9999 -9999 -9999 -9999 -9999 -9999 -9999 -9999 207 205 204 201 193 185 194 198 198 203 202 203 204 204 194 177 179 190 192 198 197 199 190 194 186 196 186 180 179 192 183 173 161 171 165 164 179 154 155 156 175 166 178 150 155 173 180 170 178 166 177 183 180 180 195 197 192 196 186 186 185 198
-9999 -9999 -9999 -9999 -9999 -9999 -9999 -9999 -9999 -9999 -9999 -9999 -9999 -9999 -9999 -9999 -9999 -9999 206 204 202 197 184 172 188 187 195 197 195 204 205 202 190 169 172 190 184 196 195 198 189 190 183 192 187 185 179 190 186 152 155 175 152 169 166 150 159 168 154 174 162 152 168 166 162 167 163 169 173 189 194 192 188 177 177 180 183 195 194 199
-9999 -9999 -9999 -9999 -9999 -9999 -9999 -9999 -9999 -9999 -9999 -9999 -9999 -9999 -9999 -9999 -9999 206 200 201 200 185 171 179 189 176 192 191 195 205 203 199 182 168 181 185 198 190 189 191 187 178 183 180 188 175 172 182 174 151 159 167 156 175 160 156 151 160 165 170 158 150 151 152 155 170 175 177 186 189 175 172 171 153 178 188 198 197 196 201
-9999 -9999 -9999 -9999 -9999 -9999 -9999 -9999 -9999 -9999 -9999 -9999 -9999 -9999 -9999 -9999 -9999 203 197 200 198 180 171 185 178 176 182 192 201 204 201 189 170 169 174 184 198 187 166 184 188 186 189 191 190 163 163 172 169 151 163 153 159 173 158 146 147 154 155 150 156 150 156 152 153 169 184 178 180 175 141 135 147 167 190 205 204 187 198 212
-9999 -9999 -9999 -9999 -9999 -9999 -9999 -9999 -9999 -9999 -9999 -9999 -9999 -9999 -9999 -9999 204 200 197 197 194 175 174 171 175 178 186 198 202 201 197 187 181 171 168 179 191 182 176 188 194 185 180 185 191 158 172 151 165 149 147 149 155 175 155 152 149 151 148 160 162 161 160 152 177 184 181 166 164 151 139 131 159 191 202 199 188 208 211 216
-9999 -9999 -9999 -9999 -9999 -9999 -9999 -9999 -9999 -9999 -9999 -9999 -9999 -9999 -9999 -9999 201 195 201 197 179 171 173 177 169 175 195 200 201 199 190 184 183 175 169 173 191 183 190 187 182 174 161 177 180 148 165 152 147 147 158 162 167 162 163 150 160 150 155 166 167 162 174 180 179 173 179 164 146 142 173 183 194 198 188 188 203 213 215 221
-9999 -9999 -9999 -9999 -9999 -9999 -9999 -9999 -9999 -9999 -9999 -9999 -9999 -9999 -9999 206 200 202 197 186 175 180 182 175 179 192 198 196 201 194 191 186 173 178 172 165 189 195 192 189 186 163 156 171 181 148 157 147 147 145 156 152 145 163 161 161 171 166 171 172 171 175 177 171 167 164 160 141 164 173 192 198 183 177 174 199 213 210 218 -9999
-9999 -9999 -9999 -9999 -9999 -9999 -9999 -9999 -9999 -9999 -9999 -9999 -9999 -9999 -9999 206 203 197 193 184 176 181 179 187 197 200 198 196 195 193 190 189 190 179 167 164 184 196 190 178 175 171 147 162 179 151 146 156 156 144 154 160 158 164 172 163 171 172 175 158 172 171 164 157 165 166 151 176 192 196 191 178 157 143 178 198 211 215 218 -9999
-9999 -9999 -9999 -9999 -9999 -9999 -9999 -9999 -9999 -9999 -9999 -9999 -9999 -9999 -9999 206 198 193 187 179 184 183 195 198 200 200 198 195 191 188 196 178 173 171 167 163 185 196 192 180 173 167 146 152 174 160 143 164 153 159 159 154 152 163 172 167 163 172 166 162 160 162 166 173 177 182 184 194 180 184 166 163 130 165 187 189 195 214 -9999 -9999
-9999 -9999 -9999 -9999 -9999 -9999 -9999 -9999 -9999 -9999 -9999 -9999 -9999 -9999 -9999 205 192 183 181 188 196 197 199 200 202 199 199 194 187 185 190 180 171 175 166 168 189 195 189 178 174 168 148 166 155 150 155 172 156 163 162 155 154 158 166 152 161 176 169 170 169 169 174 178 189 190 188 184 177 165 137 141 157 188 196 198 207 -9999 -9999 -9999
-9999 -9999 -9999 -9999 -9999 -9999 -9999 -9999 -9999 -9999 -9999 -9999 -9999 -9999 -9999 196 181 177 189 196 201 201 202 203 203 201 198 192 185 182 180 187 171 170 172 168 192 189 177 176 156 164 152 145 157 173 166 170 157 155 169 155 153 160 162 167 174 176 166 173 163 154 181 188 179 175 183 166 161 154 160 174 193 203 207 208 -9999 -9999 -9999 -9999
-9999 -9999 -9999 -9999 -9999 -9999 -9999 -9999 -9999 -9999 -9999 -9999 -9999 -9999 200 189 180 186 194 201 203 204 204 202 200 202 199 195 194 184 183 177 174 173 176 178 194 188 182 177 170 159 161 161 158 162 179 172 166 157 168 165 157 159 164 172 176 162 170 162 171 180 182 180 177 177 171 166 174 188 176 191 208 213 -9999 -9999 -9999 -9999 -9999 -9999
-9999 -9999 -9999 -9999 -9999 -9999 -9999 -9999 -9999 -9999 -9999 -9999 -9999 206 199 188 183 198 202 205 204 203 202 199 197 200 200 199 197 190 190 177 168 170 172 188 191 185 178 166 167 168 160 164 168 168 179 169 160 156 169 170 172 171 169 177 166 169 167 167 184 171 175 170 173 184 192 196 201 205 207 211 213 -9999 -9999 -9999 -9999 -9999 -9999 -9999
-9999 -9999 -9999 -9999 -9999 -9999 -9999 -9999 -9999 -9999 -9999 -9999 -9999 203 202 193 187 203 205 204 201 199 199 200 200 198 196 195 190 182 190 188 171 174 187 191 179 176 170 173 162 171 159 165 157 163 177 172 167 171 177 178 174 174 179 180 178 184 181 182 171 177 181 175 189 197 205 207 209 210 212 213 214 -9999 -9999 -9999 -9999 -9999 -9999 -9999
-9999 -9999 -9999 -9999 -9999 -9999 -9999 -9999 -9999 -9999 -9999 -9999 206 204 204 202 204 204 201 201 201 201 198 197 198 201 200 189 171 181 176 191 182 186 176 173 164 167 168 162 166 172 159 163 157 170 183 173 171 162 174 176 170 174 173 161 174 175 163 163 176 187 196 197 198 196 196 193 200 208 214 -9999 212 214 -9999 -9999 -9999 -9999 -9999 -9999
-9999 -9999 -9999 -9999 -9999 -9999 -9999 -9999 -9999 -9999 -9999 -9999 205 202 204 202 203 204 200 198 198 198 199 197 197 199 202 194 170 176 177 188 189 178 173 168 165 162 163 167 169 179 160 173 172 183 174 160 160 163 173 178 177 179 166 173 180 172 179 180 192 193 198 201 202 197 193 191 205 -9999 -9999 -9999 -9999 -9999 -9999 -9999 -9999 -9999 -9999 -9999
-9999 -9999 -9999 -9999 -9999 -9999 -9999 -9999 -9999 -9999 -9999 205 204 200 200 201 200 202 201 200 199 199 199 197 194 197 201 200 191 192 182 172 170 175 173 171 165 172 173 168 174 178 169 170 169 184 170 171 184 191 196 199 198 194 185 188 187 194 196 194 191 189 197 203 203 194 195 206 212 -9999 -9999 -9999 -9999 -9999 -9999 -9999 -9999 -9999 -9999 -9999
-9999 -9999 -9999 -9999 -9999 -9999 -9999 -9999 -9999 -9999 206 205 203 203 202 200 198 199 203 203 202 200 193 194 199 198 201 200 197 194 192 192 175 174 172 160 167 164 159 170 184 165 168 180 181 184 187 190 197 201 203 201 199 192 192 192 197 200 202 194 195 193 201 205 201 197 205 210 211 -9999 -9999 -9999 -9999 -9999 -9999 -9999 -9999 -9999 -9999 -9999
-9999 -9999 -9999 -9999 -9999 -9999 -9999 -9999 -9999 -9999 204 204 203 200 201 199 200 201 204 204 203 203 196 190 197 196 184 177 181 176 179 186 175 165 164 168 166 175 173 178 183 188 189 190 190 189 182 174 183 190 198 192 192 196 202 205 206 205 205 203 204 204 206 208 207 209 210 213 -9999 -9999 -9999 -9999 -9999 -9999 -9999 -9999 -9999 -9999 -9999 -9999
-9999 -9999 -9999 -9999 -9999 -9999 -9999 -9999 205 205 203 202 203 203 202 199 196 194 203 194 198 203 197 187 175 173 190 172 173 180 169 163 169 168 164 171 170 179 166 168 175 177 172 176 176 182 174 174 189 191 200 196 201 207 208 209 209 207 208 206 202 208 210 209 205 201 211 -9999 -9999 -9999 -9999 -9999 -9999 -9999 -9999 -9999 -9999 -9999 -9999 -9999
-9999 -9999 -9999 -9999 -9999 -9999 -9999 205 205 204 202 199 201 203 203 187 178 180 199 196 197 189 176 184 173 170 175 167 168 175 164 173 177 182 184 179 185 184 161 160 169 166 174 164 166 189 179 177 195 190 202 204 206 208 208 208 207 211 206 208 198 209 212 212 201 208 212 -9999 -9999 -9999 -9999 -9999 -9999 -9999 -9999 -9999 -9999 -9999 -9999 -9999
-9999 -9999 -9999 -9999 -9999 -9999 205 205 203 201 202 202 201 201 201 197 184 193 199 202 194 178 173 177 168 171 175 175 172 165 167 165 163 167 170 175 179 181 184 180 178 174 183 171 187 195 187 187 198 200 202 202 206 207 208 209 209 205 199 206 210 213 214 214 203 208 -9999 -9999 -9999 -9999 -9999 -9999 -9999 -9999 -9999 -9999 -9999 -9999 -9999 -9999
-9999 -9999 -9999 -9999 -9999 207 205 204 205 204 202 201 202 194 189 192 197 192 191 189 179 183 194 192 194 190 178 171 165 163 167 167 167 163 165 176 180 183 187 188 181 170 189 187 193 197 193 197 201 205 206 207 208 209 209 206 196 196 202 205 209 212 213 211 209 211 -9999 -9999 -9999 -9999 -9999 -9999 -9999 -9999 -9999 -9999 -9999 -9999 -9999 -9999
-9999 -9999 -9999 -9999 208 207 206 204 205 204 197 202 192 199 192 180 170 170 179 191 174 186 181 173 176 172 162 169 165 172 163 167 161 159 167 175 185 183 179 184 187 172 193 193 195 201 203 204 205 206 207 208 209 210 206 198 196 202 205 204 207 212 213 206 207 -9999 -9999 -9999 -9999 -9999 -9999 -9999 -9999 -9999 -9999 -9999 -9999 -9999 -9999 -9999
-9999 -9999 -9999 209 208 206 207 207 206 206 198 202 190 188 189 185 182 171 183 167 166 180 171 162 168 171 171 174 184 168 174 168 162 153 162 169 169 160 164 181 186 184 193 195 197 202 204 205 206 207 208 208 206 206 207 205 205 207 205 203 210 213 211 211 -9999 -9999 -9999 -9999 -9999 -9999 -9999 -9999 -9999 -9999 -9999 -9999 -9999 -9999 -9999 -9999
-9999 211 209 208 206 202 205 204 207 206 205 203 195 187 180 176 175 165 175 153 155 168 163 156 160 167 158 169 180 173 172 178 163 163 170 170 166 158 172 185 188 191 193 192 197 203 204 206 206 206 199 196 202 206 205 207 208 208 209 210 211 214 213 211 -9999 -9999 -9999 -9999 -9999 -9999 -9999 -9999 -9999 -9999 -9999 -9999 -9999 -9999 -9999 -9999
212 211 208 197 198 198 199 203 206 202 192 188 182 179 167 161 161 156 166 158 158 171 163 164 157 171 170 175 168 188 177 170 179 176 176 179 167 161 171 184 182 187 193 197 199 204 202 205 206 205 204 206 208 210 210 206 205 208 207 210 212 211 214 -9999 -9999 -9999 -9999 -9999 -9999 -9999 -9999 -9999 -9999 -9999 -9999 -9999 -9999 -9999 -9999 -9999
212 209 197 199 203 192 195 197 199 185 168 184 165 177 156 163 164 149 168 171 175 168 178 163 166 182 182 177 168 187 165 163 176 184 172 161 164 170 179 179 183 187 195 197 202 203 199 203 205 204 206 208 210 211 205 207 208 207 210 212 211 214 -9999 -9999 -9999 -9999 -9999 -9999 -9999 -9999 -9999 -9999 -9999 -9999 -9999 -9999 -9999 -9999 -9999 -9999
211 210 201 193 201 198 186 181 195 189 180 177 170 155 169 173 159 154 153 163 174 179 185 186 186 187 187 189 165 186 176 168 183 177 162 166 176 165 176 188 190 192 193 198 204 198 196 201 208 209 212 213 213 208 206 211 210 211 214 -9999 -9999 -9999 -9999 -9999 -9999 -9999 -9999 -9999 -9999 -9999 -9999 -9999 -9999 -9999 -9999 -9999 -9999 -9999 -9999 -9999
200 211 201 197 184 182 169 169 193 186 174 166 159 160 178 180 171 155 161 170 157 162 167 165 160 179 189 191 187 191 191 189 179 159 170 180 181 187 192 187 188 191 198 199 200 205 208 208 212 214 214 208 205 206 207 209 211 216 -9999 -9999 -9999 -9999 -9999 -9999 -9999 -9999 -9999 -9999 -9999 -9999 -9999 -9999 -9999 -9999 -9999 -9999 -9999 -9999 -9999 -9999
196 206 188 177 169 163 160 180 186 162 157 167 151 163 171 180 181 158 158 176 159 151 169 163 160 161 182 174 188 186 192 183 154 175 182 186 194 195 187 188 192 190 191 190 192 200 207 211 214 214 214 208 210 213 213 -9999 -9999 -9999 -9999 -9999 -9999 -9999 -9999 -9999 -9999 -9999 -9999 -9999 -9999 -9999 -9999 -9999 -9999 -9999 -9999 -9999 -9999 -9999 -9999 -9999
185 186 190 184 173 162 155 180 165 158 164 178 153 166 172 178 189 178 165 170 177 166 175 162 166 178 178 182 187 186 187 183 165 177 182 196 198 190 185 185 194 203 203 204 201 204 209 212 215 216 216 216 214 -9999 -9999 -9999 -9999 -9999 -9999 -9999 -9999 -9999 -9999 -9999 -9999 -9999 -9999 -9999 -9999 -9999 -9999 -9999 -9999 -9999 -9999 -9999 -9999 -9999 -9999 -9999
196 175 167 169 171 156 152 172 156 161 170 184 154 169 157 159 181 194 190 176 187 187 158 153 179 186 184 185 189 192 191 179 182 189 192 196 188 186 195 200 198 207 210 210 208 205 210 213 216 217 218 -9999 -9999 -9999 -9999 -9999 -9999 -9999 -9999 -9999 -9999 -9999 -9999 -9999 -9999 -9999 -9999 -9999 -9999 -9999 -9999 -9999 -9999 -9999 -9999 -9999 -9999 -9999 -9999 -9999
