Electronic Materials (Flash Drives)/data/NZclimate/current/bio14nz.asc
ncols        384
nrows        384
xllcorner    163.999999999999
yllcorner    -49.000000000001
cellsize     0.041666666667
NODATA_value -9999
[rows 288 to 323 of 384, columns 81 to 161 of 384]
175 170 165 161 158 161 154 155 141 151 139 128 125 129 136 117 126 141 150 130 111 112 137 121 75 72 116 107 70 95 70 58 51 54 68 68 58 46 51 48 49 49 47 35 35 45 71 94 102 84 58 40 33 31 31 30 29 32 40 30 32 39 33 33 35 35 34 32 31 31 41 70 61 51 42 38 37 35 33 32 32
168 170 165 159 149 161 148 138 130 136 126 115 118 136 113 111 127 136 133 139 93 122 123 105 73 69 81 68 62 57 54 51 50 62 141 128 93 71 60 43 60 48 35 34 38 56 78 95 68 46 33 31 30 28 28 29 31 30 29 34 49 34 29 29 29 30 29 30 28 29 33 58 73 61 44 40 40 39 37 33 32
165 156 154 153 141 138 148 144 129 111 103 99 98 105 100 132 132 123 121 126 90 108 119 88 72 66 64 61 63 76 104 54 49 73 126 128 100 77 59 63 67 56 37 36 48 44 39 53 38 32 30 30 28 26 29 31 28 28 33 50 39 29 26 26 26 26 26 27 27 28 31 38 66 54 55 46 44 45 39 34 33
165 157 141 135 131 122 118 123 128 109 89 86 86 88 96 115 121 135 98 100 124 95 113 81 87 85 85 97 99 107 88 68 49 74 123 132 109 83 61 72 80 71 42 38 53 60 33 33 30 29 28 27 29 33 32 28 28 31 46 52 36 27 25 25 25 24 25 25 26 27 30 34 47 65 54 60 51 44 39 39 35
158 151 149 148 142 131 110 100 93 86 79 78 79 81 91 113 103 126 90 111 117 112 78 85 104 110 101 109 89 80 65 59 50 82 125 123 113 76 54 61 83 71 55 47 41 41 29 27 27 27 26 26 30 37 29 28 30 39 54 53 39 27 25 24 24 24 24 25 25 26 30 37 38 46 64 61 50 45 45 42 36
143 153 153 147 147 145 130 96 87 81 76 75 75 84 89 111 91 121 107 95 102 96 77 85 120 103 88 79 89 83 103 86 50 75 104 126 105 64 65 79 109 93 75 57 50 35 27 25 26 25 26 28 33 32 30 30 34 39 49 56 35 26 25 25 25 26 29 36 33 28 33 42 37 36 41 43 44 47 45 42 39
133 139 135 144 144 133 130 112 83 78 74 75 75 81 81 86 108 103 113 92 97 80 90 109 114 97 100 101 103 98 90 105 54 59 108 112 85 74 95 101 116 104 89 84 70 39 30 27 28 29 29 30 33 36 36 38 44 49 53 53 33 26 26 27 28 38 50 49 39 29 32 38 41 37 35 38 43 46 47 42 40
141 121 127 112 134 134 128 111 81 76 72 76 73 75 91 82 89 94 96 78 77 94 124 105 109 111 114 107 91 71 82 84 54 65 105 89 68 94 107 111 102 103 93 101 86 47 33 32 37 33 34 42 40 42 42 47 53 55 60 46 28 27 29 39 50 67 72 62 38 29 35 37 41 41 35 35 37 41 43 43 42
149 148 137 119 104 94 87 81 77 74 72 71 75 73 77 77 86 77 85 84 77 103 122 99 86 85 83 72 69 69 73 54 66 99 89 68 88 106 112 99 97 92 104 99 86 43 33 38 48 45 49 46 46 49 52 58 59 68 64 43 31 32 32 50 65 75 74 49 30 30 36 41 38 38 39 40 38 35 39 42 42
137 148 133 125 139 126 96 78 75 73 72 72 72 81 79 83 79 80 87 77 106 99 110 108 82 72 86 71 60 61 55 54 69 97 76 85 96 109 108 94 81 81 90 103 83 44 32 40 48 54 53 53 51 51 53 62 71 68 55 41 38 38 44 68 79 76 48 31 30 36 40 39 39 40 41 42 42 38 35 38 41
131 141 135 124 108 105 87 77 74 73 72 72 72 80 77 77 71 72 76 102 100 105 113 94 95 71 80 74 65 62 65 53 59 76 89 98 103 101 89 87 72 70 83 91 85 48 33 34 43 58 56 55 55 53 56 62 61 54 43 39 41 49 63 75 79 47 30 30 34 42 39 39 43 44 45 44 44 43 38 36 37
119 121 102 96 88 83 82 76 75 73 73 72 72 74 72 70 71 70 79 91 83 94 95 78 78 76 65 63 62 57 60 53 67 68 81 95 100 94 83 75 56 52 77 77 79 46 32 34 43 54 60 62 59 58 56 55 51 46 41 45 55 64 74 77 53 31 29 33 39 41 40 42 45 50 49 47 45 43 39 36 36
117 102 95 90 85 81 78 76 74 73 73 71 71 70 68 75 76 70 72 71 78 75 72 73 72 66 63 59 55 58 63 57 60 72 75 84 80 82 79 59 51 63 71 71 70 47 33 38 42 44 48 58 62 55 53 56 49 50 57 63 60 59 65 65 34 29 31 34 38 41 42 45 50 53 50 48 48 46 42 37 38
109 129 117 91 84 80 78 76 75 76 73 71 70 69 74 77 70 68 63 74 80 64 71 65 60 60 60 69 68 61 56 66 77 73 77 72 56 55 55 49 73 86 76 61 71 65 39 40 41 44 47 52 55 52 52 62 57 60 62 61 59 59 60 47 34 32 33 36 39 41 44 51 53 52 53 52 53 47 44 38 37
134 134 134 104 86 86 83 76 76 77 81 85 90 86 89 96 69 67 62 63 75 63 61 58 58 57 62 84 76 65 60 76 68 68 65 60 52 50 49 62 81 81 71 58 71 68 42 39 43 43 48 58 61 59 63 70 68 65 70 67 57 47 41 38 37 37 37 39 41 45 48 52 56 55 56 54 48 44 41 39 39
143 125 120 123 98 87 89 78 78 89 110 114 112 105 80 86 68 63 62 60 59 59 58 58 57 58 67 69 75 71 60 71 63 60 61 55 52 51 57 63 75 69 54 51 56 51 45 43 43 44 47 52 63 67 74 75 69 74 74 65 52 48 46 46 45 44 44 43 45 47 52 56 56 59 59 56 53 49 44 -9999 -9999
133 133 116 134 102 82 80 79 82 108 114 116 103 87 74 83 68 61 60 60 59 60 58 58 57 61 67 63 65 64 56 61 62 57 54 54 53 60 58 73 62 57 56 57 57 51 49 48 48 47 48 48 52 62 75 76 76 77 73 62 51 50 47 46 48 47 47 47 48 51 53 57 62 63 64 62 59 57 50 -9999 -9999
133 124 103 102 90 83 84 82 86 103 114 118 106 88 75 70 65 62 60 59 61 65 64 59 58 58 61 61 58 60 56 56 55 54 54 55 55 58 66 74 62 59 56 57 57 55 52 52 54 52 50 50 51 58 66 73 78 76 72 59 59 57 54 53 54 55 55 53 53 55 57 58 65 67 69 70 53 47 47 -9999 -9999
132 130 100 89 86 83 83 81 86 109 112 101 99 77 84 76 73 66 60 59 60 65 64 60 58 57 58 59 57 56 55 54 53 53 56 62 57 61 61 69 64 57 53 54 55 54 54 54 54 54 54 52 54 53 63 65 69 72 71 63 60 57 55 54 54 56 57 56 57 59 58 62 69 72 72 73 62 65 55 49 48
131 113 93 90 90 86 82 81 80 86 91 85 78 75 80 80 74 64 60 62 62 60 63 60 59 59 58 57 57 56 54 53 52 51 54 55 60 59 59 61 58 57 57 57 56 56 56 56 56 56 55 54 52 54 60 62 63 62 60 58 58 58 58 58 59 59 58 57 58 58 61 65 70 74 74 77 75 59 46 48 47
124 103 96 103 92 90 83 82 79 77 75 75 77 76 72 78 68 62 60 66 70 60 59 58 61 64 60 58 57 56 54 52 51 50 49 51 56 54 56 62 56 57 56 55 55 56 57 57 63 62 56 54 51 50 52 58 64 64 60 60 60 61 62 63 65 69 65 46 46 50 48 49 59 76 74 61 67 56 54 49 53
104 106 108 95 93 86 83 82 79 76 73 73 73 70 67 70 69 62 61 66 68 59 58 58 63 71 69 64 58 57 55 53 51 49 49 51 54 54 53 55 54 55 55 55 56 58 58 64 70 62 56 54 54 49 46 47 52 59 60 59 63 65 63 66 67 68 51 36 38 42 49 58 54 61 59 50 56 66 57 57 47
113 102 94 92 89 86 84 82 79 76 74 72 70 69 68 67 64 62 61 66 69 62 58 59 66 73 71 75 69 60 55 54 53 51 50 50 53 53 53 53 55 55 56 57 57 59 68 76 66 60 53 52 51 47 45 47 47 49 51 58 67 69 66 58 53 44 40 39 48 56 55 58 51 54 -9999 -9999 -9999 -9999 -9999 -9999 -9999
100 97 94 90 88 86 85 82 79 76 75 74 77 71 68 66 64 62 60 62 64 65 58 58 66 73 69 76 79 77 72 67 62 56 52 52 53 54 55 54 56 56 57 58 57 61 68 62 61 54 48 47 46 44 49 52 45 44 48 63 67 67 65 55 48 44 43 46 53 51 -9999 -9999 -9999 -9999 -9999 -9999 -9999 -9999 -9999 -9999 -9999
100 97 94 91 90 88 85 83 81 78 77 75 76 73 69 67 64 61 60 59 58 58 58 58 61 68 76 79 79 78 74 73 70 66 67 63 55 55 57 56 57 58 58 59 57 61 60 57 52 48 45 42 41 45 48 45 45 47 52 58 60 59 57 50 47 50 55 50 49 -9999 -9999 -9999 -9999 -9999 -9999 -9999 -9999 -9999 -9999 -9999 -9999
100 98 94 92 90 89 86 83 81 80 78 77 75 73 71 68 65 61 59 58 57 57 56 57 58 61 66 68 78 81 80 79 76 75 70 70 62 57 58 58 59 58 62 61 59 59 57 53 49 46 42 40 39 41 42 44 49 55 47 48 52 49 49 50 58 59 60 50 46 -9999 -9999 -9999 -9999 -9999 -9999 -9999 -9999 -9999 -9999 -9999 -9999
99 97 94 92 89 88 85 83 82 81 80 80 77 75 74 71 66 62 59 58 57 56 56 57 60 59 61 66 76 80 80 82 78 71 66 63 61 59 62 63 60 60 61 60 59 59 56 53 49 44 41 38 37 38 41 44 49 51 46 43 44 45 46 51 65 63 53 50 -9999 -9999 -9999 -9999 -9999 -9999 -9999 -9999 -9999 -9999 -9999 -9999 -9999
99 97 94 92 89 88 85 83 83 82 87 86 81 77 75 72 69 64 61 59 58 56 55 56 59 60 60 61 68 70 79 78 70 67 68 65 62 62 66 69 64 63 64 65 63 60 57 54 51 45 41 38 37 37 38 42 47 48 45 43 43 47 48 58 63 59 55 51 -9999 -9999 -9999 -9999 -9999 -9999 -9999 -9999 -9999 -9999 -9999 -9999 -9999
100 -9999 -9999 -9999 89 88 86 85 85 87 93 85 79 78 76 73 71 67 63 61 59 58 57 57 59 63 61 62 66 65 67 66 67 69 68 64 65 68 69 69 68 66 66 66 68 70 65 57 53 47 42 39 39 39 39 40 44 43 41 43 46 55 49 50 51 53 50 -9999 -9999 -9999 -9999 -9999 -9999 -9999 -9999 -9999 -9999 -9999 -9999 -9999 -9999
-9999 -9999 -9999 -9999 -9999 -9999 87 86 86 84 86 91 81 75 75 72 70 68 65 63 61 59 58 58 59 61 60 61 63 66 66 67 68 68 65 66 75 75 72 76 75 73 71 70 69 68 69 67 61 53 47 43 42 42 42 42 41 43 42 45 48 50 50 49 48 -9999 -9999 -9999 -9999 -9999 -9999 -9999 -9999 -9999 -9999 -9999 -9999 -9999 -9999 -9999 -9999
-9999 -9999 -9999 -9999 -9999 -9999 -9999 86 85 84 88 87 79 74 72 71 70 69 66 64 62 61 60 60 60 60 61 63 64 65 66 66 67 65 65 66 71 76 74 74 79 80 78 78 72 72 73 70 71 73 70 61 49 46 44 43 42 43 44 47 50 49 49 -9999 -9999 -9999 -9999 -9999 -9999 -9999 -9999 -9999 -9999 -9999 -9999 -9999 -9999 -9999 -9999 -9999 -9999
-9999 -9999 -9999 -9999 -9999 -9999 -9999 86 84 83 81 82 78 73 71 69 69 69 67 65 64 62 61 61 60 60 62 63 64 65 66 67 66 64 65 67 71 74 78 80 81 84 86 80 75 76 79 77 75 76 73 67 62 59 49 47 46 46 47 50 50 48 -9999 -9999 -9999 -9999 -9999 -9999 -9999 -9999 -9999 -9999 -9999 -9999 -9999 -9999 -9999 -9999 -9999 -9999 -9999
-9999 -9999 -9999 -9999 -9999 -9999 -9999 -9999 83 81 80 78 76 73 73 69 69 70 68 66 65 64 63 62 61 61 62 63 64 65 66 67 66 65 66 69 72 74 79 84 89 82 81 79 80 81 79 77 79 72 65 69 70 65 62 56 51 50 48 -9999 -9999 -9999 -9999 -9999 -9999 -9999 -9999 -9999 -9999 -9999 -9999 -9999 -9999 -9999 -9999 -9999 -9999 -9999 -9999 -9999 -9999
-9999 -9999 -9999 -9999 -9999 -9999 -9999 -9999 -9999 80 79 77 77 -9999 -9999 71 -9999 -9999 -9999 66 66 65 64 63 61 61 62 63 64 65 66 67 67 66 71 75 76 80 81 82 84 85 83 85 83 85 85 82 78 77 73 66 69 66 62 59 58 55 -9999 -9999 -9999 -9999 -9999 -9999 -9999 -9999 -9999 -9999 -9999 -9999 -9999 -9999 -9999 -9999 -9999 -9999 -9999 -9999 -9999 -9999 -9999
-9999 -9999 -9999 -9999 -9999 -9999 -9999 -9999 -9999 -9999 -9999 75 -9999 -9999 -9999 -9999 -9999 -9999 -9999 -9999 66 66 65 64 63 62 63 64 65 66 67 67 68 69 72 76 81 84 88 85 86 87 87 89 85 88 89 84 85 79 75 73 68 64 61 62 61 59 56 -9999 -9999 -9999 -9999 -9999 -9999 -9999 -9999 -9999 -9999 -9999 -9999 -9999 -9999 -9999 -9999 -9999 -9999 -9999 -9999 -9999 -9999
-9999 -9999 -9999 -9999 -9999 -9999 -9999 -9999 -9999 -9999 -9999 -9999 -9999 -9999 -9999 -9999 -9999 -9999 -9999 -9999 66 66 66 64 63 63 63 64 65 66 67 68 68 71 74 77 82 85 89 90 91 90 89 88 85 82 85 81 80 80 75 73 67 67 63 61 60 60 -9999 -9999 -9999 -9999 -9999 -9999 -9999 -9999 -9999 -9999 -9999 -9999 -9999 -9999 -9999 -9999 -9999 -9999 -9999 -9999 -9999 -9999 -9999
