Electronic Materials (Flash Drives)/data/NZclimate/current/bio12nz.asc
ncols        384
nrows        384
xllcorner    163.999999999999
yllcorner    -49.000000000001
cellsize     0.041666666667
NODATA_value -9999
[rows 210 to 244 of 384, columns 156 to 233 of 384]
-9999 -9999 -9999 -9999 -9999 -9999 -9999 -9999 -9999 -9999 -9999 -9999 -9999 -9999 -9999 -9999 -9999 -9999 -9999 -9999 -9999 -9999 2331 2343 2293 2275 2226 2254 2376 2991 3051 2956 2751 2418 2482 2499 2223 2591 2350 2172 2008 1987 1868 1793 1881 1820 2073 1973 1983 2004 1934 1879 1812 1748 1679 1643 1602 1527 1487 1389 1581 1631 1334 1279 1194 1154 1352 1816 1246 1004 1124 1013 1156 934 973 1245 1187 1251
-9999 -9999 -9999 -9999 -9999 -9999 -9999 -9999 -9999 -9999 -9999 -9999 -9999 -9999 -9999 -9999 -9999 -9999 -9999 -9999 -9999 -9999 2318 2320 2289 2314 2281 2268 2789 2853 2586 2678 2465 2323 2384 2399 2316 2280 2241 2219 2124 1960 2003 1811 1853 1771 1951 1790 1988 2042 1875 1860 1790 1761 1720 1623 1566 1795 1444 1577 1877 1493 1246 1539 1154 1174 1627 1451 1040 1120 1036 1098 1029 1070 1177 1429 1099 935
-9999 -9999 -9999 -9999 -9999 -9999 -9999 -9999 -9999 -9999 -9999 -9999 -9999 -9999 -9999 -9999 -9999 -9999 -9999 -9999 -9999 -9999 2299 2320 2335 2434 2834 3156 2718 2499 2517 2308 2325 2314 2288 2228 2393 2806 2674 2341 2222 1977 1963 1851 2060 1915 2051 1790 1957 1977 1934 1759 1772 1828 2010 1790 1890 1800 1490 1960 1881 1817 1314 1455 1171 1927 1716 1192 1011 1235 1034 1317 1049 975 1033 1110 897 887
-9999 -9999 -9999 -9999 -9999 -9999 -9999 -9999 -9999 -9999 -9999 -9999 -9999 -9999 -9999 -9999 -9999 -9999 -9999 -9999 -9999 -9999 2325 2362 2416 2689 3310 3675 2989 3034 2632 2483 2540 2252 2223 2218 2494 2987 2842 2335 2440 2022 2007 1858 2072 2011 2092 1854 1922 1890 1894 1732 1715 2305 2162 1680 2139 1672 1674 2069 1745 1472 1835 1203 1503 1805 1281 1336 1410 1272 1360 1194 1111 888 842 873 923 1121
-9999 -9999 -9999 -9999 -9999 -9999 -9999 -9999 -9999 -9999 -9999 -9999 -9999 -9999 -9999 -9999 -9999 -9999 -9999 -9999 -9999 2326 2607 2496 2525 3311 3784 3478 2937 3443 2710 2754 2541 2171 2194 2263 2722 2990 2619 2438 2014 2166 2152 2015 2087 2194 2051 2037 1855 1977 1964 1790 1862 2310 2012 1769 1980 1496 1745 1825 1951 1634 1426 1253 1589 1825 1772 1734 1603 1120 1026 1003 884 855 1106 1135 1206 1711
-9999 -9999 -9999 -9999 -9999 -9999 -9999 -9999 -9999 -9999 -9999 -9999 -9999 -9999 -9999 -9999 -9999 -9999 -9999 -9999 -9999 2512 2785 2552 2646 3573 3797 3202 3449 3452 3190 2668 2222 2135 2193 2595 3023 2954 2773 2457 1984 2245 2607 2160 2027 2024 1902 1821 1793 2169 2138 1922 1892 2251 1880 2082 1858 1477 1799 2142 2079 1779 1711 1874 1620 1784 1587 1709 1646 1138 868 969 932 1052 2055 2261 1877 1341
-9999 -9999 -9999 -9999 -9999 -9999 -9999 -9999 -9999 -9999 -9999 -9999 -9999 -9999 -9999 -9999 -9999 -9999 -9999 -9999 2460 2685 2825 2752 2947 3757 3741 3729 3584 3384 3019 2332 2125 2176 2298 2647 2745 2896 2877 2577 2177 2335 2390 2070 1865 1995 2027 1878 1730 2273 1919 2338 1946 2296 2281 2187 1933 1408 1823 1898 1953 1833 1939 1476 1368 1375 1409 1682 904 820 853 1203 1263 1700 2089 2388 1501 936
-9999 -9999 -9999 -9999 -9999 -9999 -9999 -9999 -9999 -9999 -9999 -9999 -9999 -9999 -9999 -9999 -9999 -9999 -9999 -9999 2712 3022 2574 2764 3724 3897 3794 3602 3722 3507 2596 2235 2120 2230 2590 2769 2714 2822 2843 2679 2174 2273 2071 2056 2102 2172 2377 1990 1872 2508 2014 2274 2361 2324 1928 1802 1609 1676 1572 1949 1549 1864 1651 1251 1174 1317 907 790 845 972 858 1267 1831 1992 1108 1007 928 922
-9999 -9999 -9999 -9999 -9999 -9999 -9999 -9999 -9999 -9999 -9999 -9999 -9999 -9999 -9999 -9999 -9999 -9999 -9999 2418 2750 2612 2853 3512 3916 3631 3518 3683 3494 2820 2346 2462 2102 2468 2593 2694 2936 2733 2757 2803 2222 1974 2009 2001 1994 2363 2463 2054 1824 2476 2187 2400 2347 2345 1953 2026 2206 1615 1600 1547 1234 1345 1138 1066 1047 886 818 975 1106 1191 1345 1972 1279 1118 899 929 949 1072
-9999 -9999 -9999 -9999 -9999 -9999 -9999 -9999 -9999 -9999 -9999 -9999 -9999 -9999 -9999 -9999 -9999 -9999 -9999 2431 2597 2963 3246 3718 3933 3656 3641 3269 2559 2307 2345 2494 2493 2574 2637 2607 2518 2707 2844 2792 2315 1938 2034 2190 2183 2180 2646 2222 1819 2360 2432 2112 2058 2354 1991 1751 1745 1543 1290 1457 1227 1156 1047 1475 1014 1005 1220 1432 1176 1158 1660 1039 906 935 938 1001 1468 1917
-9999 -9999 -9999 -9999 -9999 -9999 -9999 -9999 -9999 -9999 -9999 -9999 -9999 -9999 -9999 -9999 -9999 -9999 -9999 2462 2997 3278 3671 3934 3713 3660 2897 2551 2302 2286 2403 2615 2843 2899 2418 2904 2896 2835 2817 2792 2275 1943 1976 2135 2190 2226 2653 2449 1861 2090 2516 1896 2094 1877 1803 1921 1910 1537 1277 1361 1422 1157 1297 1349 1365 1299 1224 1007 918 877 924 944 939 900 1189 1289 2298 1310
-9999 -9999 -9999 -9999 -9999 -9999 -9999 -9999 -9999 -9999 -9999 -9999 -9999 -9999 -9999 -9999 -9999 -9999 -9999 2549 3486 3988 4022 3609 2977 2790 2606 2373 2198 2433 2406 2768 3034 3003 2694 2862 2930 2768 2814 2680 2192 1957 2005 2126 2140 2173 2587 2066 2270 2335 2150 1694 1994 1739 1711 1868 1830 1678 1396 1777 1471 1075 1180 1117 1116 1074 998 1032 945 935 916 902 937 1195 2047 1919 1485 1007
-9999 -9999 -9999 -9999 -9999 -9999 -9999 -9999 -9999 -9999 -9999 -9999 -9999 -9999 -9999 -9999 -9999 -9999 -9999 3329 4139 4219 3707 3120 2617 2533 2319 2172 2154 2306 2576 2955 3145 3109 3007 2743 2915 2830 2692 2655 2123 2073 2202 2138 2477 2237 2430 2574 2210 1756 1852 1703 1945 1940 1534 1852 1850 1596 1483 1333 1156 1116 1282 1061 1288 1555 1028 954 948 967 918 1159 1299 1514 1342 1106 1035 1088
-9999 -9999 -9999 -9999 -9999 -9999 -9999 -9999 -9999 -9999 -9999 -9999 -9999 -9999 -9999 -9999 -9999 -9999 3124 3898 4221 4028 3371 2765 2469 2319 2202 2352 2562 2324 2523 2802 2819 3017 2955 2946 2862 2763 2602 2477 2067 2074 2076 2092 2137 2311 2195 2128 2119 1983 1568 1629 1712 1874 1541 1563 1707 1602 1446 1234 1156 1400 1202 1371 1190 1056 976 940 953 952 1055 1183 1081 1003 1076 1051 1178 1055
-9999 -9999 -9999 -9999 -9999 -9999 -9999 -9999 -9999 -9999 -9999 -9999 -9999 -9999 -9999 -9999 -9999 2569 3249 4081 4213 3314 2951 2564 2518 2511 2525 2741 2963 2595 2510 2620 2675 2823 2788 2931 2917 2790 2646 2289 2113 2104 2121 2287 2178 2069 2187 2009 1861 1819 1528 1678 1816 1858 1508 1425 1351 1319 1338 1196 1329 1243 1280 1304 1045 1109 1026 1084 1030 1000 1040 1063 1082 1119 1121 1098 1003 -9999
-9999 -9999 -9999 -9999 -9999 -9999 -9999 -9999 -9999 -9999 -9999 -9999 -9999 -9999 -9999 -9999 -9999 2891 2975 3877 4105 2988 2726 2779 2935 3056 3000 2817 2821 2939 2992 2994 3040 3114 2870 2754 2865 2714 2412 2224 2288 2218 2244 2096 2263 1981 2179 1967 2101 1895 1541 1588 1644 1512 1355 1298 1307 1285 1204 1178 1191 1111 1082 1083 1146 1074 1058 1056 1054 1107 1112 1088 1078 1062 1016 957 893 -9999
-9999 -9999 -9999 -9999 -9999 -9999 -9999 -9999 -9999 -9999 -9999 -9999 -9999 -9999 -9999 -9999 2528 2756 2860 3175 2986 2959 3213 3165 3137 3061 3299 3280 3113 2783 2789 3194 3315 3154 3043 2758 2737 2559 2545 2449 2527 2364 2263 2291 2140 1908 2141 2003 2064 1705 1399 1551 1528 1691 1383 1326 1395 1285 1268 1468 1216 1157 1353 1335 1084 1090 1165 1160 1155 1126 1094 1065 1088 1037 937 -9999 887 852
-9999 -9999 -9999 -9999 -9999 -9999 -9999 -9999 -9999 -9999 -9999 -9999 -9999 -9999 -9999 -9999 2712 3104 2972 3220 3133 3095 3532 3706 3619 3546 3333 3496 3348 3094 2674 2979 3293 3166 3027 2820 2658 2616 2539 2514 2463 2442 2334 2157 2024 1715 2093 1716 1679 1396 1538 1831 1760 1660 1394 1287 1270 1213 1381 1255 1159 1205 1158 1163 1177 1171 1185 1161 1155 1138 1084 1061 1054 -9999 -9999 -9999 -9999 -9999
-9999 -9999 -9999 -9999 -9999 -9999 -9999 -9999 -9999 -9999 -9999 -9999 -9999 -9999 -9999 2744 2848 3403 3523 3559 3673 3417 3542 3691 3749 3687 3538 3612 3700 3351 2899 2762 2985 2998 2976 2899 2797 2604 2506 2426 2437 2177 2049 2102 1879 1689 1857 1772 1732 1339 1598 1546 1272 1165 1107 1091 1119 1143 1174 1151 1149 1155 1183 1196 1166 1140 1174 1152 1145 1122 1092 1025 933 -9999 -9999 -9999 -9999 -9999
-9999 -9999 -9999 -9999 -9999 -9999 -9999 -9999 -9999 -9999 -9999 -9999 -9999 -9999 2793 2847 3109 3245 3516 3780 4081 4030 3662 3565 3656 3717 4040 3819 3413 3324 3022 2846 2860 2925 2745 2658 2701 2589 2484 2576 2342 2312 2344 2006 1584 1991 1830 1476 1404 1297 1235 1167 1059 1003 975 1011 1063 1122 1128 1132 1103 1093 1090 1153 1177 1143 1163 1136 1137 1122 1069 950 938 -9999 -9999 -9999 -9999 -9999
-9999 -9999 -9999 -9999 -9999 -9999 -9999 -9999 -9999 -9999 -9999 -9999 -9999 -9999 2989 3073 3252 3703 3773 4038 4122 4027 3807 3676 3642 3542 3984 4041 3664 3418 3558 3400 3254 3081 2912 2709 2658 2653 2570 2384 2333 2021 1977 1766 1537 1365 1264 1209 1163 1190 1311 1441 1235 1112 1000 1089 1089 1037 965 921 911 934 985 1052 1070 1098 1105 1098 1082 1005 940 854 -9999 -9999 -9999 -9999 -9999 -9999
-9999 -9999 -9999 -9999 -9999 -9999 -9999 -9999 -9999 -9999 -9999 -9999 2886 2960 3223 3435 3452 3449 3814 4158 4338 4296 4112 4224 4075 3625 3924 4016 3755 3588 3559 3323 3195 3024 2927 2843 2670 2569 2526 2288 2199 1874 2109 1998 1720 1578 1662 1519 1455 1286 1451 1409 1115 1069 925 1007 921 810 793 793 805 859 898 972 1070 1033 1022 1082 1075 1096 915 -9999 -9999 -9999 -9999 -9999 -9999 -9999
-9999 -9999 -9999 -9999 -9999 -9999 -9999 -9999 -9999 -9999 -9999 2915 2929 3085 3415 3810 3759 3638 3756 4419 4297 4347 4426 4448 4225 4205 3958 4095 3688 3477 3438 3222 3116 3011 2892 2716 2529 2294 2102 2065 1794 1692 2215 2155 1853 1880 1600 1805 1693 1116 1299 1331 996 1053 855 804 761 750 756 780 812 792 906 919 1074 972 946 943 1094 999 881 -9999 -9999 -9999 -9999 -9999 -9999 -9999
-9999 -9999 -9999 -9999 -9999 -9999 -9999 -9999 -9999 -9999 3049 3028 3191 3489 3483 3621 3824 3923 3849 4093 4241 4418 4398 4279 4369 3957 3909 3865 3524 3453 3385 3248 3081 2950 2838 2731 2655 2483 2321 2097 1883 1699 1522 1556 1555 1617 1305 1592 1171 1018 1111 1106 918 870 815 822 732 711 722 737 768 868 986 923 905 858 849 869 1050 984 -9999 -9999 -9999 -9999 -9999 -9999 -9999 -9999
-9999 -9999 -9999 -9999 -9999 -9999 -9999 -9999 -9999 3156 3176 3269 3172 3391 3683 3858 3837 4130 4203 4172 4158 4290 4360 4384 4107 3938 4109 3927 3910 3642 3353 3142 2990 2889 2765 2660 2550 2507 2359 1997 1804 1576 1346 1261 1420 1703 1145 1148 1026 982 994 923 834 738 688 657 648 667 697 759 953 985 916 918 900 868 857 906 949 914 -9999 -9999 -9999 -9999 -9999 -9999 -9999 -9999
-9999 -9999 -9999 -9999 -9999 -9999 -9999 -9999 3230 3236 3257 3391 3341 3490 3873 3805 3984 3958 4110 4005 3807 3823 4052 4369 3832 4228 3914 3611 3540 3348 3109 3048 2923 2821 2729 2611 2587 2536 2297 2003 1606 1551 1590 1373 1269 1627 1042 1014 974 879 814 770 731 687 652 633 631 651 728 895 946 870 863 908 905 864 866 965 969 -9999 -9999 -9999 -9999 -9999 -9999 -9999 -9999 -9999
-9999 -9999 -9999 -9999 -9999 -9999 -9999 3248 3268 3341 3307 3341 3402 3411 3747 3726 3866 3877 3937 3943 3935 3709 4023 3583 3563 3910 3551 3362 3276 3246 3109 3012 2877 2767 2579 2530 2524 2584 2337 2098 2018 2144 1995 1448 1266 1267 1007 955 911 804 769 729 690 654 624 641 679 704 715 769 799 808 862 908 871 855 889 879 -9999 -9999 -9999 -9999 -9999 -9999 -9999 -9999 -9999 -9999
-9999 -9999 -9999 -9999 -9999 3306 3345 3343 3371 3515 3429 3459 3417 3423 3479 3578 3683 3714 3699 3675 3675 3523 3654 3392 3369 3421 3326 3183 3104 3075 2960 2879 2747 2647 2523 2332 2450 2356 2138 2030 2065 2170 1737 1300 1161 1059 980 987 879 761 741 699 676 672 787 851 739 688 738 737 767 807 831 850 856 842 854 878 -9999 -9999 -9999 -9999 -9999 -9999 -9999 -9999 -9999 -9999
-9999 -9999 -9999 3407 3383 3339 3394 3617 3556 3529 3492 3400 3363 3436 3499 3510 3532 3502 3510 3491 3438 3427 3393 3333 3271 3373 3216 3109 3047 2993 2892 2791 2686 2402 2397 2367 2111 2041 1930 1768 1978 2070 1729 1303 1307 1119 962 874 817 743 744 698 675 686 705 674 652 660 686 747 789 797 837 852 856 860 838 -9999 -9999 -9999 -9999 -9999 -9999 -9999 -9999 -9999 -9999 -9999
-9999 -9999 3490 3436 3379 3391 3574 3496 3399 3470 3403 3355 3309 3389 3503 3330 3452 3363 3463 3366 3340 3402 3320 3303 3302 3193 3254 3053 2942 2868 2729 2664 2584 2274 2457 2398 2085 1809 1971 2161 2002 1800 1495 1427 1276 1118 933 872 778 748 795 720 686 691 667 658 657 660 739 742 761 802 815 834 857 834 -9999 -9999 -9999 -9999 -9999 -9999 -9999 -9999 -9999 -9999 -9999 -9999
3721 3612 3532 3470 3392 3337 3430 3426 3298 3282 3332 3351 3197 3177 3231 3224 3276 3418 3229 3172 3253 3271 3229 3108 3104 3070 2997 2864 2755 2627 2503 2346 2539 2141 2199 2254 1860 1905 2157 1984 1681 1886 1532 1164 1071 1009 966 849 762 832 841 745 673 649 627 629 644 683 730 719 755 779 794 -9999 -9999 -9999 -9999 -9999 -9999 -9999 -9999 -9999 -9999 -9999 -9999 -9999 -9999 -9999
3672 3626 3518 3510 3480 3257 3312 3272 3342 3311 3450 3378 3015 3056 3181 3270 3317 3261 2971 2880 2995 3160 3051 2944 2989 2904 2807 2809 2767 2538 2264 2128 2078 1892 1800 1737 1873 2221 1901 1582 1502 1295 1112 1180 1117 1027 875 844 815 743 707 698 652 633 627 673 713 710 715 725 745 759 -9999 -9999 -9999 -9999 -9999 -9999 -9999 -9999 -9999 -9999 -9999 -9999 -9999 -9999 -9999 -9999
3733 3527 3428 3429 3386 3241 3295 3391 3458 3500 3487 3073 2931 3309 3338 3116 3345 3106 2930 2635 2579 3027 2991 2703 2885 2950 2693 2689 2680 2615 2196 2290 1915 1898 1663 1778 2332 1814 1574 1392 1154 1092 1201 1151 1035 1026 976 970 929 814 719 687 660 643 638 673 667 664 680 -9999 -9999 -9999 -9999 -9999 -9999 -9999 -9999 -9999 -9999 -9999 -9999 -9999 -9999 -9999 -9999 -9999 -9999 -9999
3614 3502 3397 3330 3361 3312 3144 3154 3272 3417 3489 2942 3190 3275 3111 2748 3235 2959 2776 2597 2103 2348 2749 2620 2376 2577 2429 2617 2486 2241 2157 1971 1792 1763 1652 1700 2059 1701 1522 1133 1052 1173 1235 1201 1008 873 848 810 810 775 720 693 669 652 643 641 648 -9999 -9999 -9999 -9999 -9999 -9999 -9999 -9999 -9999 -9999 -9999 -9999 -9999 -9999 -9999 -9999 -9999 -9999 -9999 -9999 -9999
3601 3449 3350 3221 3140 3323 3395 3286 3191 3423 3446 2990 3256 3122 2858 2429 3117 2729 2985 2895 2250 1593 1745 2269 1802 1817 2620 2678 2119 1847 1836 1751 1611 1493 1464 1727 1560 1357 1231 1114 1226 1225 1035 969 964 852 815 788 769 757 725 698 672 651 643 -9999 -9999 -9999 -9999 -9999 -9999 -9999 -9999 -9999 -9999 -9999 -9999 -9999 -9999 -9999 -9999 -9999 -9999 -9999 -9999 -9999 -9999 -9999
