Electronic Materials (Flash Drives)/data/NZclimate/current/bio14nz.asc
ncols        384
nrows        384
xllcorner    163.999999999999
yllcorner    -49.000000000001
cellsize     0.041666666667
NODATA_value -9999
[rows 216 to 251 of 384, columns 162 to 242 of 384]
-9999 -9999 -9999 -9999 -9999 -9999 -9999 -9999 -9999 -9999 -9999 -9999 -9999 -9999 143 153 158 153 161 196 194 192 185 175 158 126 116 117 122 137 141 148 146 132 114 121 123 109 100 105 107 101 95 117 102 120 103 118 117 112 101 79 95 98 101 95 100 79 73 73 75 87 52 48 49 64 67 88 106 121 78 51 51 50 53 47 46 43 39 -9999 -9999
-9999 -9999 -9999 -9999 -9999 -9999 -9999 -9999 -9999 -9999 -9999 -9999 -9999 -9999 154 167 146 154 196 202 196 187 191 181 139 121 115 119 136 143 140 144 145 137 114 118 109 108 110 113 122 105 100 128 105 117 121 119 101 96 87 89 84 101 83 97 87 68 65 71 52 47 49 55 49 68 94 101 60 56 53 53 52 53 51 49 46 41 -9999 -9999 -9999
-9999 -9999 -9999 -9999 -9999 -9999 -9999 -9999 -9999 -9999 -9999 -9999 -9999 141 155 148 158 187 204 191 185 191 182 150 127 132 114 131 136 140 150 140 141 142 116 105 106 106 105 121 126 107 98 126 113 122 120 120 101 105 113 86 85 83 69 73 64 61 59 52 49 55 61 64 72 101 68 61 53 56 53 58 60 54 52 52 46 -9999 -9999 -9999 -9999
-9999 -9999 -9999 -9999 -9999 -9999 -9999 -9999 -9999 -9999 -9999 -9999 -9999 141 148 164 177 198 205 192 190 173 140 127 128 134 133 136 139 136 132 139 145 142 120 104 107 114 113 113 134 114 97 121 124 109 107 120 103 92 92 83 72 79 69 66 61 79 58 57 67 76 64 63 87 59 55 57 56 56 77 98 57 55 55 51 47 -9999 -9999 -9999 -9999
-9999 -9999 -9999 -9999 -9999 -9999 -9999 -9999 -9999 -9999 -9999 -9999 -9999 142 166 179 197 207 197 193 157 140 128 127 131 141 151 152 130 150 148 145 143 142 119 104 105 111 113 115 135 125 98 108 128 99 108 98 95 100 99 83 71 75 77 66 71 73 74 70 68 58 54 52 55 59 55 53 64 69 117 70 55 57 57 54 -9999 -9999 -9999 -9999 -9999
-9999 -9999 -9999 -9999 -9999 -9999 -9999 -9999 -9999 -9999 -9999 -9999 -9999 146 190 212 213 193 163 154 144 133 124 135 133 149 159 157 143 148 149 142 143 136 115 105 106 110 111 112 131 107 117 119 111 90 103 92 91 97 95 89 76 93 79 63 66 63 63 61 58 61 59 58 56 54 54 65 105 99 78 59 61 60 58 -9999 -9999 -9999 -9999 -9999 -9999
-9999 -9999 -9999 -9999 -9999 -9999 -9999 -9999 -9999 -9999 -9999 -9999 -9999 184 220 222 199 171 146 142 132 124 124 130 142 158 165 161 155 144 149 144 138 135 113 110 114 110 126 115 124 131 114 93 97 90 101 101 83 97 96 85 80 73 66 65 71 61 70 82 62 59 56 56 55 64 70 80 72 62 64 71 70 67 -9999 -9999 -9999 -9999 -9999 -9999 -9999
-9999 -9999 -9999 -9999 -9999 -9999 -9999 -9999 -9999 -9999 -9999 -9999 175 212 224 216 183 154 140 133 127 134 144 133 141 153 153 159 155 152 147 142 133 127 111 109 108 108 110 118 112 110 109 103 84 87 91 98 83 84 90 85 78 69 67 76 68 75 68 63 59 57 56 56 60 65 62 61 61 65 80 70 -9999 -9999 -9999 -9999 -9999 -9999 -9999 -9999 -9999
-9999 -9999 -9999 -9999 -9999 -9999 -9999 -9999 -9999 -9999 -9999 149 182 222 225 182 164 146 144 144 145 155 165 147 143 147 149 152 150 151 148 142 135 121 113 110 110 117 112 106 112 104 97 95 82 89 95 97 81 78 74 73 74 69 73 69 71 73 64 63 60 61 60 61 65 67 70 74 74 72 65 -9999 -9999 -9999 -9999 -9999 -9999 -9999 -9999 -9999 -9999
-9999 -9999 -9999 -9999 -9999 -9999 -9999 -9999 -9999 -9999 -9999 166 169 213 222 168 156 158 167 173 170 161 161 165 166 165 164 164 154 148 146 139 128 119 118 114 115 108 116 102 112 102 108 98 82 84 87 81 75 72 73 72 69 68 69 67 65 65 65 63 63 62 65 70 72 71 70 68 63 59 57 -9999 -9999 -9999 -9999 -9999 -9999 -9999 -9999 -9999 -9999
-9999 -9999 -9999 -9999 -9999 -9999 -9999 -9999 -9999 -9999 149 160 164 180 171 169 182 180 180 176 187 185 177 161 160 173 170 165 157 150 144 135 131 125 128 120 115 117 109 98 110 103 106 89 76 83 82 89 76 73 76 72 71 79 69 67 74 73 63 67 74 74 73 71 69 67 70 67 58 -9999 57 54 -9999 -9999 -9999 -9999 -9999 -9999 -9999 -9999 -9999
-9999 -9999 -9999 -9999 -9999 -9999 -9999 -9999 -9999 -9999 158 179 173 185 181 179 202 210 206 202 192 197 189 177 157 166 169 163 156 151 143 135 130 128 125 124 119 110 104 89 107 89 88 75 81 95 92 88 76 72 71 69 75 71 67 68 68 69 74 74 75 73 73 72 68 66 68 -9999 -9999 -9999 -9999 -9999 -9999 -9999 -9999 -9999 -9999 -9999 -9999 -9999 -9999
-9999 -9999 -9999 -9999 -9999 -9999 -9999 -9999 -9999 162 167 197 204 206 212 200 207 214 216 212 205 205 205 190 170 160 165 164 156 149 143 134 128 124 124 111 105 107 97 87 96 92 90 72 84 82 70 67 66 66 68 69 69 69 69 72 75 75 73 71 74 72 72 70 68 66 60 -9999 -9999 -9999 -9999 -9999 -9999 -9999 -9999 -9999 -9999 -9999 -9999 -9999 -9999
-9999 -9999 -9999 -9999 -9999 -9999 -9999 -9999 170 171 185 192 207 221 235 233 218 215 218 219 224 214 199 191 177 166 163 162 152 146 141 134 127 131 119 118 119 103 82 102 94 77 74 70 67 65 62 61 61 63 66 67 68 69 69 70 70 72 74 71 73 70 71 70 67 62 61 -9999 -9999 -9999 -9999 -9999 -9999 -9999 -9999 -9999 -9999 -9999 -9999 -9999 -9999
-9999 -9999 -9999 -9999 -9999 -9999 -9999 -9999 185 188 197 220 224 237 242 239 231 226 224 218 227 221 209 196 190 176 171 160 153 145 137 135 131 121 119 103 101 91 80 72 67 65 63 65 71 77 68 63 61 64 65 64 63 61 61 62 64 67 68 69 68 67 67 64 61 57 -9999 -9999 -9999 -9999 -9999 -9999 -9999 -9999 -9999 -9999 -9999 -9999 -9999 -9999 -9999
-9999 -9999 -9999 -9999 -9999 -9999 187 189 202 212 212 211 230 245 250 245 250 242 240 226 228 219 195 186 194 171 165 159 150 145 136 131 128 117 112 96 108 102 88 81 86 79 76 69 77 75 63 61 58 61 59 56 56 55 55 57 59 62 67 64 62 64 66 68 59 -9999 -9999 -9999 -9999 -9999 -9999 -9999 -9999 -9999 -9999 -9999 -9999 -9999 -9999 -9999 -9999
-9999 -9999 -9999 -9999 -9999 192 192 200 216 233 232 224 230 242 226 229 261 258 248 233 207 219 192 179 179 165 160 156 147 140 130 119 109 107 93 88 113 110 95 97 83 93 88 61 70 71 58 60 55 54 54 54 54 54 55 54 59 59 67 60 58 58 67 62 57 -9999 -9999 -9999 -9999 -9999 -9999 -9999 -9999 -9999 -9999 -9999 -9999 -9999 -9999 -9999 -9999
-9999 -9999 -9999 -9999 201 199 208 222 222 229 239 242 232 240 231 250 260 260 248 212 205 203 182 179 176 170 159 151 146 140 136 127 119 107 97 87 79 80 80 84 68 83 63 57 61 61 55 54 53 54 52 51 52 52 53 57 62 59 58 55 53 54 65 61 -9999 -9999 -9999 -9999 -9999 -9999 -9999 -9999 -9999 -9999 -9999 -9999 -9999 -9999 -9999 -9999 -9999
-9999 -9999 -9999 207 208 213 208 221 237 242 242 239 235 236 243 242 243 241 217 215 232 220 217 200 178 163 153 148 142 136 131 128 121 103 93 81 69 66 74 88 62 62 58 57 57 55 52 49 48 47 47 48 50 52 59 61 58 58 58 57 55 57 60 58 -9999 -9999 -9999 -9999 -9999 -9999 -9999 -9999 -9999 -9999 -9999 -9999 -9999 -9999 -9999 -9999 -9999
-9999 -9999 211 211 212 220 217 225 233 243 227 238 234 214 197 198 214 239 200 226 209 188 185 174 159 157 150 146 140 134 132 130 118 103 83 80 82 72 68 84 59 58 57 55 52 50 48 46 45 45 46 47 50 57 59 56 55 58 58 57 56 61 61 -9999 -9999 -9999 -9999 -9999 -9999 -9999 -9999 -9999 -9999 -9999 -9999 -9999 -9999 -9999 -9999 -9999 -9999
-9999 211 212 216 214 216 220 221 224 236 216 216 217 212 209 192 213 185 184 206 185 174 169 168 161 157 152 143 134 130 129 132 120 108 104 110 103 76 68 68 58 57 56 53 51 48 46 44 43 45 47 49 50 52 53 54 56 58 58 56 58 57 -9999 -9999 -9999 -9999 -9999 -9999 -9999 -9999 -9999 -9999 -9999 -9999 -9999 -9999 -9999 -9999 -9999 -9999 -9999
216 215 215 216 217 218 220 220 223 225 214 201 196 192 192 182 190 174 173 177 172 163 159 159 152 149 145 138 131 122 126 121 110 105 106 112 90 69 63 61 58 57 55 52 50 47 46 45 50 53 49 48 50 51 53 55 57 57 57 55 56 57 -9999 -9999 -9999 -9999 -9999 -9999 -9999 -9999 -9999 -9999 -9999 -9999 -9999 -9999 -9999 -9999 -9999 -9999 -9999
217 211 209 207 208 211 215 211 197 192 189 185 182 180 177 177 175 172 168 175 166 160 157 156 150 146 139 130 126 123 111 107 101 93 102 107 90 70 70 62 57 56 54 51 50 47 46 46 47 46 46 46 47 51 53 54 56 57 56 56 54 -9999 -9999 -9999 -9999 -9999 -9999 -9999 -9999 -9999 -9999 -9999 -9999 -9999 -9999 -9999 -9999 -9999 -9999 -9999 -9999
206 204 207 192 194 195 197 182 182 176 178 176 179 174 172 176 172 171 172 166 171 158 152 152 145 140 134 123 127 124 109 97 103 112 104 94 79 76 69 63 57 56 53 51 51 48 46 46 45 46 46 45 50 51 51 54 54 54 56 53 -9999 -9999 -9999 -9999 -9999 -9999 -9999 -9999 -9999 -9999 -9999 -9999 -9999 -9999 -9999 -9999 -9999 -9999 -9999 -9999 -9999
204 190 196 190 179 178 184 173 171 168 170 177 167 164 168 169 167 160 161 160 158 152 147 141 135 128 132 117 116 118 100 100 112 103 89 98 81 66 62 60 58 55 52 53 52 49 46 45 44 44 44 47 50 48 50 50 50 -9999 -9999 -9999 -9999 -9999 -9999 -9999 -9999 -9999 -9999 -9999 -9999 -9999 -9999 -9999 -9999 -9999 -9999 -9999 -9999 -9999 -9999 -9999 -9999
195 187 179 176 180 176 167 163 166 169 172 169 154 149 155 163 157 152 154 150 145 145 143 134 122 117 114 107 101 97 101 115 100 85 82 73 65 67 64 60 56 55 53 51 49 48 47 45 44 46 48 48 48 48 49 47 -9999 -9999 -9999 -9999 -9999 -9999 -9999 -9999 -9999 -9999 -9999 -9999 -9999 -9999 -9999 -9999 -9999 -9999 -9999 -9999 -9999 -9999 -9999 -9999 -9999
178 179 181 183 182 162 156 172 173 161 174 160 151 136 133 156 155 140 149 152 140 139 139 135 117 121 105 103 95 98 121 96 86 78 69 66 68 66 62 61 58 58 56 53 49 48 47 46 44 46 46 44 45 -9999 -9999 -9999 -9999 -9999 -9999 -9999 -9999 -9999 -9999 -9999 -9999 -9999 -9999 -9999 -9999 -9999 -9999 -9999 -9999 -9999 -9999 -9999 -9999 -9999 -9999 -9999 -9999
171 168 171 179 183 154 166 170 161 142 168 153 143 134 109 121 142 135 123 134 127 136 129 118 114 106 99 97 92 93 108 92 84 70 66 68 70 68 62 58 56 54 53 51 50 49 47 46 44 44 44 -9999 -9999 -9999 -9999 -9999 -9999 -9999 -9999 -9999 -9999 -9999 -9999 -9999 -9999 -9999 -9999 -9999 -9999 -9999 -9999 -9999 -9999 -9999 -9999 -9999 -9999 -9999 -9999 -9999 -9999
179 173 167 179 181 155 170 162 148 126 162 141 155 150 116 83 89 117 93 94 136 139 112 99 99 96 90 86 85 94 86 78 73 70 71 70 65 64 62 58 55 53 52 51 50 49 48 45 44 -9999 -9999 -9999 -9999 -9999 -9999 -9999 -9999 -9999 -9999 -9999 -9999 -9999 -9999 -9999 -9999 -9999 -9999 -9999 -9999 -9999 -9999 -9999 -9999 -9999 -9999 -9999 -9999 -9999 -9999 -9999 -9999
155 164 166 184 178 164 155 159 160 130 108 106 113 130 120 82 83 78 103 93 123 141 107 89 101 109 112 93 80 80 78 83 80 69 68 68 66 63 58 54 53 53 52 51 50 49 46 44 -9999 -9999 -9999 -9999 -9999 -9999 -9999 -9999 -9999 -9999 -9999 -9999 -9999 -9999 -9999 -9999 -9999 -9999 -9999 -9999 -9999 -9999 -9999 -9999 -9999 -9999 -9999 -9999 -9999 -9999 -9999 -9999 -9999
156 163 181 165 142 134 121 126 131 120 107 88 83 79 74 77 88 64 77 70 110 123 102 108 114 106 90 82 74 73 71 70 69 67 68 63 61 59 56 54 52 51 51 50 48 47 45 43 -9999 -9999 -9999 -9999 -9999 -9999 -9999 -9999 -9999 -9999 -9999 -9999 -9999 -9999 -9999 -9999 -9999 -9999 -9999 -9999 -9999 -9999 -9999 -9999 -9999 -9999 -9999 -9999 -9999 -9999 -9999 -9999 -9999
178 180 163 156 158 171 166 130 101 95 100 95 86 79 71 66 64 68 54 59 75 106 96 91 80 77 71 71 71 70 69 68 67 65 63 61 59 57 54 52 51 49 48 47 46 45 43 43 -9999 -9999 -9999 -9999 -9999 -9999 -9999 -9999 -9999 -9999 -9999 -9999 -9999 -9999 -9999 -9999 -9999 -9999 -9999 -9999 -9999 -9999 -9999 -9999 -9999 -9999 -9999 -9999 -9999 -9999 -9999 -9999 -9999
149 165 179 150 139 180 156 146 114 99 129 134 134 133 111 107 85 56 52 53 57 73 100 111 83 72 71 70 67 66 65 64 64 62 60 58 57 54 52 50 49 47 46 45 44 43 42 -9999 -9999 -9999 -9999 -9999 -9999 -9999 -9999 -9999 -9999 -9999 -9999 -9999 -9999 -9999 -9999 -9999 -9999 -9999 -9999 -9999 -9999 -9999 -9999 -9999 -9999 -9999 -9999 -9999 -9999 -9999 -9999 -9999 -9999
141 135 163 121 154 143 135 120 125 86 85 115 120 122 109 130 118 73 74 59 56 65 96 79 69 68 69 68 66 65 63 62 60 60 58 56 54 52 50 49 47 46 45 43 43 41 40 39 -9999 -9999 -9999 -9999 -9999 -9999 -9999 -9999 -9999 -9999 -9999 -9999 -9999 -9999 -9999 -9999 -9999 -9999 -9999 -9999 -9999 -9999 -9999 -9999 -9999 -9999 -9999 -9999 -9999 -9999 -9999 -9999 -9999
160 109 114 126 137 143 141 112 103 82 75 95 135 120 106 121 108 93 121 75 62 60 65 65 66 67 69 66 63 60 60 59 57 55 53 52 51 50 49 47 46 45 43 42 40 39 38 38 -9999 -9999 -9999 -9999 -9999 -9999 -9999 -9999 -9999 -9999 -9999 -9999 -9999 -9999 -9999 -9999 -9999 -9999 -9999 -9999 -9999 -9999 -9999 -9999 -9999 -9999 -9999 -9999 -9999 -9999 -9999 -9999 -9999
140 125 88 141 130 112 146 105 118 76 71 77 101 144 124 92 81 106 125 86 66 65 65 69 67 68 68 61 60 58 56 54 53 52 50 49 48 47 46 46 45 44 42 40 38 37 36 36 -9999 -9999 -9999 -9999 -9999 -9999 -9999 -9999 -9999 -9999 -9999 -9999 -9999 -9999 -9999 -9999 -9999 -9999 -9999 -9999 -9999 -9999 -9999 -9999 -9999 -9999 -9999 -9999 -9999 -9999 -9999 -9999 -9999
