Electronic Materials (Flash Drives)/data/NZclimate/current/bio14nz.asc
ncols        384
nrows        384
xllcorner    163.999999999999
yllcorner    -49.000000000001
cellsize     0.041666666667
NODATA_value -9999
[rows 108 to 143 of 384, columns 243 to 323 of 384]
-9999 -9999 -9999 -9999 -9999 -9999 -9999 -9999 -9999 -9999 -9999 -9999 -9999 -9999 79 81 89 92 90 86 83 83 80 80 79 79 84 78 77 79 77 78 80 72 73 75 77 85 146 169 165 145 119 111 108 107 105 -9999 -9999 -9999 -9999 -9999 -9999 -9999 -9999 -9999 -9999 -9999 -9999 -9999 -9999 -9999 -9999 -9999 -9999 -9999 -9999 -9999 -9999 -9999 -9999 -9999 90 98 -9999 -9999 -9999 -9999 -9999 -9999 -9999
-9999 -9999 -9999 -9999 -9999 -9999 -9999 -9999 -9999 -9999 -9999 -9999 -9999 -9999 -9999 85 90 91 91 84 88 93 84 80 80 85 81 78 77 77 77 87 84 73 73 75 79 84 104 124 172 143 110 105 105 104 103 102 -9999 -9999 -9999 -9999 -9999 -9999 -9999 -9999 -9999 -9999 -9999 -9999 -9999 -9999 -9999 -9999 -9999 -9999 -9999 -9999 -9999 -9999 -9999 -9999 -9999 -9999 -9999 -9999 -9999 -9999 -9999 -9999 -9999
-9999 -9999 -9999 -9999 -9999 -9999 -9999 -9999 -9999 -9999 -9999 -9999 -9999 -9999 -9999 85 85 89 89 89 95 98 89 86 89 84 79 79 79 78 78 79 77 75 74 76 79 84 90 95 125 144 111 103 102 102 101 98 95 -9999 -9999 -9999 -9999 -9999 93 98 -9999 -9999 -9999 -9999 -9999 -9999 -9999 -9999 -9999 -9999 -9999 -9999 -9999 -9999 -9999 -9999 -9999 -9999 -9999 -9999 -9999 -9999 -9999 -9999 -9999
-9999 -9999 -9999 -9999 -9999 -9999 -9999 -9999 -9999 -9999 -9999 -9999 -9999 -9999 -9999 -9999 85 85 87 92 93 93 95 95 89 80 79 79 79 79 79 78 77 77 75 76 79 83 88 92 111 158 126 108 103 102 98 95 92 90 89 -9999 -9999 -9999 95 98 -9999 -9999 -9999 -9999 -9999 -9999 -9999 -9999 -9999 -9999 -9999 -9999 -9999 -9999 -9999 -9999 -9999 -9999 -9999 -9999 -9999 -9999 -9999 -9999 -9999
-9999 -9999 -9999 -9999 -9999 -9999 -9999 -9999 -9999 -9999 -9999 -9999 -9999 -9999 -9999 -9999 87 85 87 91 91 96 100 94 82 80 79 79 79 79 79 79 78 80 76 79 81 82 86 89 92 147 151 132 119 109 101 95 93 89 89 90 91 -9999 -9999 -9999 -9999 -9999 -9999 -9999 -9999 -9999 -9999 -9999 -9999 -9999 -9999 -9999 -9999 -9999 -9999 -9999 -9999 -9999 -9999 -9999 -9999 -9999 -9999 -9999 -9999
-9999 -9999 -9999 -9999 -9999 -9999 -9999 -9999 -9999 -9999 -9999 -9999 -9999 -9999 -9999 -9999 86 86 89 87 88 97 102 87 81 81 80 79 79 79 80 80 87 83 78 80 82 84 85 87 89 103 154 150 139 128 114 97 94 95 97 100 90 91 92 -9999 91 -9999 -9999 -9999 -9999 -9999 -9999 -9999 -9999 -9999 -9999 -9999 -9999 -9999 -9999 -9999 -9999 -9999 -9999 -9999 -9999 -9999 -9999 -9999 -9999
-9999 -9999 -9999 -9999 -9999 -9999 -9999 -9999 -9999 -9999 -9999 -9999 -9999 -9999 -9999 -9999 -9999 89 86 83 89 105 102 86 83 81 81 80 79 79 80 81 84 92 92 84 84 86 85 86 87 90 151 154 146 130 103 103 105 121 125 112 92 91 92 92 93 92 -9999 -9999 -9999 -9999 -9999 -9999 -9999 -9999 -9999 -9999 -9999 -9999 -9999 -9999 -9999 -9999 -9999 -9999 -9999 -9999 -9999 -9999 -9999
-9999 -9999 -9999 -9999 -9999 -9999 -9999 -9999 -9999 -9999 -9999 -9999 -9999 -9999 -9999 82 88 86 87 86 88 99 101 91 83 83 82 81 80 80 81 82 87 100 101 110 94 90 87 85 87 93 143 155 131 125 119 120 125 139 147 119 104 97 94 93 93 93 92 92 -9999 -9999 -9999 -9999 -9999 -9999 -9999 -9999 -9999 -9999 -9999 -9999 -9999 -9999 -9999 -9999 -9999 -9999 -9999 -9999 -9999
-9999 -9999 -9999 -9999 -9999 -9999 -9999 -9999 -9999 -9999 -9999 -9999 -9999 -9999 -9999 114 119 97 94 98 103 91 100 100 85 84 84 83 82 81 82 83 82 92 95 104 108 93 86 86 87 90 119 151 133 128 132 136 140 142 136 131 120 107 100 98 97 96 99 94 92 92 89 -9999 -9999 -9999 -9999 -9999 91 -9999 -9999 -9999 -9999 -9999 -9999 -9999 -9999 -9999 -9999 -9999 -9999
-9999 -9999 -9999 -9999 -9999 -9999 -9999 -9999 -9999 -9999 -9999 -9999 -9999 -9999 -9999 95 101 99 106 112 124 98 99 93 86 85 84 84 83 83 83 84 83 82 86 94 92 88 86 87 90 92 105 142 143 139 142 143 145 148 146 138 126 110 107 106 106 103 104 107 101 108 114 93 91 91 91 -9999 -9999 -9999 -9999 -9999 -9999 -9999 -9999 -9999 -9999 -9999 -9999 -9999 -9999
-9999 -9999 -9999 -9999 -9999 -9999 -9999 -9999 -9999 -9999 -9999 -9999 -9999 -9999 -9999 90 91 91 101 104 115 109 112 102 92 86 86 85 84 85 85 85 85 90 82 86 89 90 90 89 91 94 108 142 140 142 144 149 147 145 140 134 125 118 120 120 114 119 115 112 116 130 106 94 93 92 92 95 95 97 -9999 -9999 -9999 -9999 -9999 -9999 -9999 -9999 -9999 -9999 82
-9999 -9999 -9999 -9999 -9999 -9999 -9999 -9999 -9999 -9999 -9999 -9999 -9999 -9999 -9999 94 90 86 94 110 122 123 140 146 116 88 86 86 85 85 85 85 86 97 92 94 88 91 96 91 92 98 109 128 141 143 144 145 144 141 135 131 129 125 129 129 129 136 136 137 144 139 107 98 96 95 97 97 99 103 97 95 92 91 86 83 83 82 82 85 91
-9999 -9999 -9999 -9999 -9999 -9999 -9999 -9999 -9999 -9999 -9999 -9999 -9999 -9999 -9999 86 90 91 102 110 106 120 141 139 116 92 86 85 85 85 85 85 97 106 131 115 91 91 99 94 94 99 108 119 133 139 141 140 140 133 130 129 128 125 128 132 140 141 147 149 145 121 105 102 99 101 106 104 101 109 101 98 94 91 89 84 84 85 87 86 102
-9999 -9999 -9999 -9999 -9999 -9999 -9999 -9999 -9999 -9999 -9999 -9999 -9999 -9999 -9999 88 90 87 88 92 102 117 125 113 96 87 88 88 85 84 85 86 92 103 108 99 90 92 95 96 97 101 109 120 129 133 135 135 129 118 113 114 115 122 132 135 144 151 147 144 125 113 109 107 103 111 112 106 103 106 106 104 98 96 97 87 85 87 100 102 103
-9999 -9999 -9999 -9999 -9999 -9999 -9999 -9999 -9999 -9999 -9999 -9999 -9999 87 104 87 86 87 90 92 105 115 112 103 95 89 87 85 85 86 83 84 89 93 94 93 94 94 96 97 99 102 106 114 123 129 131 131 121 129 111 108 110 128 142 141 153 146 141 140 122 113 122 114 110 115 108 105 104 106 106 104 100 101 112 95 98 101 95 104 116
-9999 -9999 -9999 -9999 -9999 -9999 -9999 -9999 -9999 -9999 -9999 -9999 -9999 92 94 96 90 94 107 102 114 119 106 97 97 89 85 85 87 87 85 88 91 90 92 95 93 97 97 98 99 101 106 110 112 124 130 133 123 116 106 107 115 128 120 142 154 126 117 113 111 117 123 122 113 121 111 105 105 108 105 103 103 105 119 103 109 108 99 101 108
-9999 -9999 -9999 -9999 -9999 -9999 -9999 -9999 -9999 -9999 -9999 -9999 -9999 84 93 101 113 105 114 109 124 128 111 105 102 86 84 84 85 84 89 90 91 91 94 97 98 96 99 99 101 101 105 110 115 123 131 135 128 120 111 110 127 122 111 113 123 128 120 118 119 128 127 120 111 119 119 114 107 112 110 105 116 113 132 107 106 110 105 104 102
-9999 -9999 -9999 -9999 -9999 -9999 -9999 -9999 -9999 -9999 -9999 -9999 -9999 -9999 99 106 113 116 121 120 128 124 109 99 89 84 82 83 84 92 90 94 98 101 99 107 103 96 100 103 102 101 103 105 112 119 125 122 122 110 107 111 115 124 112 109 136 151 135 127 126 129 125 115 107 112 127 132 115 118 124 111 123 115 126 112 105 122 121 124 116
-9999 -9999 -9999 -9999 -9999 -9999 -9999 -9999 -9999 -9999 -9999 -9999 -9999 -9999 102 95 101 107 113 115 117 118 102 94 87 84 87 88 100 92 92 101 106 106 105 107 100 93 98 102 104 101 102 104 107 112 114 108 110 102 104 110 121 119 109 106 113 123 124 123 123 123 117 110 106 118 129 132 122 114 122 109 125 124 136 116 108 110 119 122 131
-9999 -9999 -9999 -9999 -9999 -9999 -9999 -9999 -9999 -9999 -9999 -9999 -9999 84 96 110 115 118 116 118 119 116 104 93 87 91 93 97 105 92 101 117 115 114 111 103 96 90 92 97 98 96 100 107 100 97 100 99 97 97 97 101 107 114 107 106 111 114 116 116 117 116 110 102 106 125 130 131 113 109 114 115 115 118 141 129 109 118 118 132 130
-9999 -9999 -9999 -9999 -9999 -9999 -9999 -9999 -9999 -9999 -9999 -9999 85 112 99 121 129 120 119 119 121 114 103 88 92 91 98 101 100 97 110 126 131 125 113 101 93 90 90 87 86 93 108 104 92 90 90 98 96 92 100 107 106 99 99 107 112 113 112 112 112 110 103 98 100 136 134 128 114 111 120 122 126 129 149 126 119 118 138 130 128
-9999 -9999 -9999 -9999 -9999 -9999 -9999 -9999 -9999 -9999 -9999 -9999 94 115 112 134 131 121 119 117 116 110 102 96 93 95 94 95 96 100 106 114 118 124 112 100 93 89 87 84 91 104 106 90 89 89 89 92 92 96 111 112 93 92 95 104 108 110 110 108 108 103 96 97 98 131 137 125 116 112 124 123 126 146 145 126 127 138 142 133 122
-9999 -9999 -9999 -9999 -9999 -9999 -9999 -9999 -9999 -9999 -9999 -9999 102 113 125 135 130 120 115 110 110 103 94 95 93 94 95 95 95 102 102 106 106 110 109 104 97 90 86 86 87 94 90 88 89 102 94 96 91 101 103 94 89 89 94 104 107 109 108 105 103 96 94 100 130 124 133 116 122 117 132 124 134 149 138 133 132 120 130 130 129
-9999 -9999 -9999 -9999 -9999 -9999 -9999 -9999 -9999 -9999 -9999 -9999 99 106 120 137 122 115 111 104 103 95 94 95 92 91 91 93 94 96 96 98 100 105 105 105 100 93 91 90 92 101 97 94 94 109 106 104 89 92 94 89 87 88 92 100 106 108 105 102 102 96 97 110 146 126 136 125 123 126 131 139 136 155 153 143 142 130 132 129 139
-9999 -9999 -9999 -9999 -9999 -9999 -9999 -9999 -9999 -9999 -9999 -9999 102 118 129 142 117 109 101 101 100 92 93 91 94 96 95 96 92 91 100 96 97 102 106 115 116 119 100 92 94 98 100 96 97 106 102 94 90 85 85 87 85 86 94 102 105 103 101 102 101 105 105 114 130 132 130 125 122 140 137 136 141 165 166 162 151 146 143 128 133
-9999 -9999 -9999 -9999 -9999 -9999 -9999 -9999 -9999 -9999 -9999 -9999 101 118 123 135 114 97 91 91 91 89 90 88 88 93 95 94 92 94 93 90 99 102 108 132 132 108 97 94 96 105 110 102 102 100 100 92 86 86 85 85 85 90 102 110 105 100 99 100 104 111 112 112 132 144 142 138 125 141 143 138 159 162 159 154 146 128 132 119 123
-9999 -9999 -9999 -9999 -9999 -9999 -9999 -9999 -9999 -9999 -9999 89 108 111 116 100 98 96 87 87 89 87 88 94 87 88 95 93 86 82 84 88 93 97 117 133 124 106 95 94 97 102 100 104 103 97 90 86 84 83 83 83 85 101 109 112 106 101 102 102 115 111 110 111 130 132 139 127 130 150 158 166 173 163 148 144 143 139 119 115 108
-9999 -9999 -9999 -9999 -9999 -9999 -9999 -9999 -9999 -9999 -9999 90 101 105 108 110 119 114 89 93 90 96 98 96 93 96 99 89 82 82 86 91 92 112 135 137 119 103 97 93 93 93 93 91 99 98 88 83 86 83 84 87 100 107 110 110 108 107 107 112 119 113 109 123 132 139 132 125 135 158 163 175 169 152 145 141 116 121 128 103 103
-9999 -9999 -9999 -9999 -9999 -9999 -9999 -9999 -9999 -9999 -9999 92 101 97 95 102 98 106 97 104 103 102 91 94 90 90 87 85 85 87 94 97 107 118 127 109 100 95 95 88 85 84 85 93 89 89 80 83 105 89 90 98 111 111 109 109 111 112 116 123 121 113 127 145 146 146 134 150 163 162 146 167 165 163 149 136 116 108 122 119 103
-9999 -9999 -9999 -9999 -9999 -9999 -9999 -9999 -9999 -9999 -9999 95 101 105 108 110 111 103 106 109 102 97 89 87 87 85 86 84 84 82 93 112 124 136 119 109 102 97 90 83 83 83 82 81 83 82 79 86 95 99 100 111 112 111 110 111 115 120 125 134 123 119 143 141 138 127 137 157 154 144 133 142 149 141 138 132 112 97 100 102 95
-9999 -9999 -9999 -9999 -9999 -9999 -9999 -9999 -9999 -9999 -9999 104 109 106 108 113 122 124 120 112 97 94 86 85 84 90 84 86 87 85 94 121 128 125 132 125 111 96 87 83 84 83 83 82 81 80 80 86 92 104 112 113 112 113 113 115 119 127 131 139 126 134 146 134 145 131 148 137 136 125 125 121 128 137 119 99 101 95 89 88 90
-9999 -9999 -9999 -9999 -9999 -9999 -9999 -9999 -9999 -9999 100 104 108 108 115 123 127 127 119 107 97 89 91 99 98 94 82 85 83 82 92 93 99 114 135 134 118 97 93 94 91 85 84 84 83 82 88 88 95 108 115 116 114 115 117 118 124 131 135 142 139 145 152 153 150 113 135 127 133 136 141 121 103 104 99 92 90 91 91 88 83
-9999 -9999 -9999 -9999 -9999 -9999 -9999 -9999 -9999 103 114 108 109 111 113 119 128 128 126 115 92 91 96 97 94 98 83 82 83 80 82 85 92 112 132 126 107 89 87 87 86 86 86 86 84 88 95 95 98 107 115 119 118 116 118 121 127 128 143 146 146 154 146 140 137 129 105 127 123 120 114 108 99 89 92 94 91 86 85 86 82
-9999 -9999 -9999 -9999 -9999 -9999 -9999 -9999 108 119 120 120 118 113 111 116 125 125 123 109 95 89 91 96 88 94 84 81 81 79 80 82 94 110 114 109 99 99 93 87 88 89 89 90 99 106 103 104 103 107 116 119 120 117 122 122 130 124 143 139 143 139 153 138 112 123 123 95 94 95 96 95 91 95 86 79 86 85 84 82 80
-9999 -9999 -9999 -9999 -9999 -9999 -9999 107 113 121 121 126 130 127 129 123 125 123 120 104 97 88 89 91 85 85 81 81 83 82 81 83 95 100 110 106 104 117 101 89 90 92 95 96 106 108 110 102 107 112 121 120 120 120 120 127 128 124 139 131 145 156 139 126 110 129 101 98 99 89 85 83 82 83 78 78 79 82 83 82 82
-9999 95 96 101 103 105 106 111 120 124 124 132 130 127 126 118 115 117 111 105 96 89 91 89 89 92 89 91 87 89 86 93 93 102 109 108 111 146 131 95 95 98 100 101 103 107 111 111 116 129 135 119 122 128 127 129 127 121 121 121 121 142 127 108 108 118 97 99 95 89 93 87 84 82 80 82 80 81 81 81 79
