Electronic Materials (Flash Drives)/data/NZclimate/current/bio13nz.asc
ncols        384
nrows        384
xllcorner    163.999999999999
yllcorner    -49.000000000001
cellsize     0.041666666667
NODATA_value -9999
[rows 280 to 314 of 384, columns 80 to 159 of 384]
-9999 -9999 -9999 -9999 -9999 472 426 416 353 332 319 325 352 380 330 310 279 286 319 276 275 281 241 214 208 248 227 199 272 281 245 217 173 165 182 215 197 236 153 95 114 136 78 72 69 67 68 75 122 105 83 76 77 77 87 104 99 162 171 124 120 94 142 140 117 85 73 60 72 81 94 78 59 58 60 61 62 63 66 68
-9999 -9999 -9999 -9999 395 414 376 334 317 308 350 379 410 300 283 285 280 279 268 267 268 246 238 200 188 187 184 211 269 242 213 204 167 132 187 241 210 146 123 135 166 155 97 67 69 66 65 65 84 105 98 93 75 77 76 75 104 120 184 129 87 76 94 165 131 108 85 68 63 81 134 118 67 58 59 60 62 66 69 72
-9999 -9999 375 357 362 313 360 360 305 292 336 289 290 308 282 277 268 269 258 249 250 260 261 199 191 162 172 231 249 243 255 210 177 140 196 223 193 135 156 190 154 89 82 136 120 89 76 64 67 94 80 67 63 72 75 80 87 92 131 117 92 70 74 142 129 104 80 97 76 69 103 133 78 61 59 59 60 63 67 67
369 357 340 316 356 315 324 305 292 285 284 282 274 270 267 274 264 251 232 229 236 222 270 211 166 156 189 236 236 201 208 172 139 134 191 184 153 137 171 119 94 77 125 166 162 149 138 77 61 62 61 62 64 71 88 122 112 105 79 95 75 68 67 103 124 98 100 110 98 86 92 127 94 72 63 59 60 60 61 63
348 311 321 317 322 294 296 299 282 277 275 278 273 260 253 256 259 247 223 215 237 199 218 239 159 148 178 209 235 180 167 140 125 177 184 132 172 143 201 136 81 109 175 186 205 163 97 64 59 59 60 63 86 100 130 131 141 100 67 68 67 66 66 79 120 116 114 108 99 79 77 99 107 100 70 67 61 61 62 62
307 315 291 290 296 298 288 273 269 262 260 264 257 257 243 242 231 215 216 210 235 222 180 186 154 142 171 237 182 162 153 136 117 144 147 136 120 129 159 110 118 152 182 203 170 86 60 58 58 58 60 72 105 117 97 115 90 69 62 65 63 67 72 68 83 116 112 99 93 87 89 97 97 77 76 71 65 65 62 62
297 311 291 283 273 267 266 259 257 258 252 247 247 243 235 233 210 222 226 233 194 208 190 162 145 137 148 191 174 167 127 114 131 129 106 92 93 151 152 124 146 135 169 159 82 59 58 61 65 69 75 78 94 99 80 76 65 61 60 61 62 67 67 68 72 86 103 103 97 85 86 87 75 68 65 68 68 64 62 64
279 286 285 274 264 259 257 248 246 247 243 229 225 236 210 221 198 228 207 235 210 171 171 221 163 131 127 148 176 142 127 133 101 87 81 78 78 101 136 142 112 100 134 99 60 58 60 75 96 115 115 95 85 77 63 59 58 58 57 63 69 64 63 64 65 70 70 69 64 61 62 68 85 76 72 66 65 64 65 65
270 266 261 254 249 246 248 240 242 225 235 220 210 207 205 215 191 200 218 230 204 178 178 213 189 127 121 181 168 116 150 114 96 86 88 108 107 93 77 82 78 79 78 75 58 58 69 103 138 149 120 83 64 58 57 57 56 56 59 67 58 61 67 62 61 62 62 60 59 57 58 67 94 85 77 71 70 70 68 66
259 255 256 251 244 235 245 231 219 212 215 203 195 191 212 184 180 199 210 206 214 152 190 191 166 121 114 131 112 102 96 90 85 82 99 212 194 141 108 93 71 92 76 59 57 61 83 111 137 96 69 58 57 56 55 54 55 57 56 55 61 73 62 57 56 56 56 55 56 54 55 60 82 98 85 73 71 73 72 71
250 249 239 236 234 222 218 227 222 205 188 178 172 167 172 166 204 204 191 189 194 145 169 184 141 118 109 105 100 103 119 159 87 79 113 190 193 150 116 89 95 99 84 60 59 72 67 63 76 62 56 55 55 54 53 55 57 54 55 59 74 65 56 52 51 52 51 51 52 52 53 58 66 90 80 82 76 76 78 74
240 246 237 220 213 207 198 192 196 199 179 159 153 152 151 157 179 186 205 156 158 190 149 173 128 137 133 132 149 151 162 134 106 78 112 183 197 161 123 91 105 116 102 67 62 77 86 56 57 54 54 53 52 55 59 58 54 54 56 70 75 62 52 50 49 49 49 49 50 51 52 56 62 74 89 82 87 81 78 73
245 235 227 225 224 216 203 181 169 161 152 144 140 140 140 148 174 161 192 142 171 177 170 123 133 158 167 153 164 135 122 100 91 77 122 185 182 166 110 81 90 120 102 80 71 65 65 53 51 52 51 51 52 55 61 54 53 55 64 77 75 64 51 50 49 48 48 48 49 50 52 56 65 67 74 89 87 81 78 79
232 216 227 227 220 220 217 198 160 150 143 135 132 131 138 143 171 143 183 164 147 155 147 120 131 179 155 133 119 133 124 152 127 78 110 152 185 152 93 94 112 157 133 105 81 73 59 52 51 51 51 51 54 58 57 55 55 58 63 71 78 59 51 50 49 49 50 54 61 58 54 59 69 66 65 71 74 75 78 78
230 202 208 204 215 215 201 196 173 141 135 129 127 126 132 131 136 164 157 170 141 147 122 136 162 170 145 149 150 151 144 132 154 81 87 157 162 122 106 136 144 168 149 125 117 96 63 54 52 53 54 54 55 58 61 61 62 67 71 74 74 56 51 50 51 53 61 74 73 64 54 58 64 69 66 63 68 75 78 79
223 208 185 193 175 200 199 191 169 135 128 123 124 121 121 140 127 136 142 144 120 117 140 182 156 160 163 167 156 133 104 119 121 81 93 151 126 95 133 153 158 144 145 130 141 118 70 57 56 62 58 59 66 65 66 66 70 75 76 81 69 53 52 53 62 73 89 94 85 63 54 60 63 68 69 63 63 66 71 75
215 217 215 201 180 163 150 140 133 127 121 118 116 119 116 120 119 130 116 127 125 116 152 178 145 126 124 121 104 99 98 104 81 94 141 126 95 123 151 160 138 135 126 145 137 118 67 58 62 72 69 73 70 70 72 74 79 80 88 84 66 55 56 57 73 87 97 97 73 55 56 62 67 64 65 68 68 66 63 67
193 200 214 194 185 201 185 148 126 121 117 114 113 111 123 119 125 118 119 128 114 154 145 159 156 119 104 123 102 88 88 83 82 96 136 105 117 135 153 152 130 111 109 122 142 112 69 57 66 73 78 77 76 74 74 75 83 93 88 76 64 62 62 68 89 102 98 72 56 56 61 65 64 65 67 69 71 71 66 62
190 191 203 194 181 162 156 134 122 117 114 111 109 108 118 114 114 104 105 110 148 144 152 163 134 136 101 114 103 91 89 91 81 85 104 123 136 144 141 121 118 96 94 113 123 115 74 58 59 68 81 80 78 78 76 77 83 82 76 66 63 65 73 85 96 103 71 57 57 60 67 64 64 69 70 72 71 72 70 65
176 174 176 154 147 137 130 127 119 115 111 109 106 105 107 104 102 102 101 113 130 118 134 134 109 110 106 92 90 90 85 87 82 92 93 109 130 138 129 112 101 82 78 103 103 106 73 57 60 70 78 83 84 81 80 78 77 74 69 65 69 78 85 94 99 77 58 58 60 64 66 65 67 70 76 75 73 72 69 65
179 170 152 145 139 133 127 121 116 112 108 105 104 103 103 100 106 106 100 102 101 109 104 100 101 99 94 91 88 86 87 90 84 86 96 101 113 108 110 106 85 78 88 95 95 94 73 58 65 70 71 73 81 84 78 76 77 72 73 79 85 82 82 87 87 61 59 60 61 64 67 67 70 76 78 75 74 74 71 67
182 159 182 167 138 130 124 119 114 110 108 105 104 103 102 105 106 100 99 96 103 110 95 99 94 91 90 90 96 95 89 86 92 103 97 103 96 82 82 82 77 97 115 100 87 95 89 64 67 68 71 73 76 78 76 75 83 79 81 84 83 81 81 83 71 61 61 61 63 65 67 69 75 78 77 78 77 78 72 69
159 187 186 187 148 129 126 121 113 109 108 111 116 124 118 121 133 100 99 95 96 104 95 93 92 91 90 92 113 103 93 89 102 93 94 91 87 80 79 77 89 107 107 96 86 96 92 68 64 68 69 74 81 83 81 84 91 89 86 91 88 80 71 66 64 64 64 64 65 66 69 72 76 80 78 80 79 73 68 65
157 197 174 167 171 138 125 126 112 109 122 151 158 155 144 109 115 99 96 96 95 94 94 93 93 92 92 96 97 100 98 90 97 91 89 89 85 82 82 86 91 100 95 85 83 85 81 73 68 68 69 73 76 85 89 96 97 91 95 95 86 75 73 71 71 70 69 68 68 69 71 75 79 78 81 82 80 77 72 67
170 182 183 159 185 141 119 115 111 112 147 157 160 139 116 104 111 100 96 96 95 94 94 94 93 93 94 97 94 95 94 90 92 92 89 87 86 85 90 88 99 91 89 87 88 87 82 78 74 75 72 73 74 76 83 98 98 97 98 94 84 75 74 71 70 72 71 71 71 72 73 75 78 84 85 87 86 82 80 72
161 180 169 141 140 127 119 116 112 114 139 155 161 143 116 105 101 98 96 96 95 96 98 97 95 94 94 95 95 93 93 91 90 90 89 88 88 88 90 95 99 93 91 89 90 89 87 83 80 82 78 78 75 76 81 88 94 99 98 92 82 82 80 78 77 78 78 78 76 75 76 78 79 86 88 92 94 77 71 69
158 178 176 138 127 123 120 115 111 114 145 151 134 131 106 112 106 104 99 95 95 95 99 98 96 95 95 94 95 94 93 91 91 90 89 91 95 91 93 93 98 95 91 87 87 88 85 83 82 82 81 85 78 79 78 84 86 90 93 92 85 82 80 79 77 77 79 79 78 79 79 78 83 90 95 96 100 86 89 77
151 176 153 131 127 125 120 117 113 109 113 118 113 107 105 109 109 105 97 95 96 97 96 98 97 96 96 96 95 95 94 92 91 90 90 91 92 95 94 94 95 93 92 91 91 88 87 86 84 84 84 84 86 78 80 83 84 84 84 82 81 82 84 84 83 83 82 80 78 79 78 82 85 92 102 98 105 102 83 68
146 168 142 135 139 126 121 117 112 109 106 104 104 106 106 104 108 100 95 95 99 102 96 96 96 98 100 99 97 96 95 94 92 91 90 90 91 94 92 94 97 93 93 91 88 87 88 89 87 90 89 90 85 80 78 78 82 85 85 83 84 86 89 91 91 91 94 88 75 76 77 78 79 85 102 99 87 92 80 77
162 144 145 145 130 126 121 118 114 110 107 105 103 103 101 100 102 101 95 95 99 101 96 96 97 101 106 105 102 98 97 96 93 92 91 91 93 94 94 93 94 92 93 91 89 90 91 91 93 96 90 88 83 82 79 76 76 78 82 84 83 89 94 92 94 94 93 77 76 76 77 79 84 83 87 86 79 82 90 80
167 153 140 132 129 125 121 119 117 112 108 107 106 104 102 100 99 97 95 95 100 102 98 96 98 103 108 108 110 107 100 96 95 95 93 93 93 96 95 94 94 94 94 92 92 92 93 97 101 95 89 86 83 82 78 76 77 76 76 77 83 93 97 94 82 76 74 74 76 78 81 82 84 81 83 -9999 -9999 -9999 -9999 -9999
148 140 136 133 130 126 123 120 118 114 110 110 108 108 104 103 100 98 96 95 97 99 101 97 97 104 110 108 115 115 114 111 106 103 98 96 95 96 97 97 96 96 95 94 95 94 95 99 94 92 87 82 80 79 77 79 80 75 73 75 89 94 95 92 78 73 73 74 76 79 79 -9999 -9999 -9999 -9999 -9999 -9999 -9999 -9999 -9999
145 140 137 133 130 127 123 121 119 118 114 114 112 110 108 107 104 100 96 95 95 95 96 97 98 101 107 116 120 121 119 116 113 110 107 108 105 100 99 100 99 99 98 98 98 97 98 96 93 88 83 80 77 76 78 79 76 75 76 78 85 86 84 81 74 71 74 78 76 77 -9999 -9999 -9999 -9999 -9999 -9999 -9999 -9999 -9999 -9999
145 141 138 134 131 128 125 122 121 120 118 118 117 114 115 113 108 103 97 94 94 95 95 96 97 99 102 107 110 121 122 121 120 118 116 112 112 106 102 102 101 102 100 103 102 100 99 97 92 86 81 78 75 74 75 75 76 79 82 75 75 78 74 73 73 81 81 82 75 75 -9999 -9999 -9999 -9999 -9999 -9999 -9999 -9999 -9999 -9999
148 141 138 135 132 130 127 125 123 122 120 119 117 117 120 119 115 107 99 95 95 95 95 96 98 101 101 103 109 121 124 125 124 123 118 111 108 107 105 107 107 105 104 105 104 103 102 98 94 87 81 77 73 72 72 73 75 78 79 74 71 71 71 71 75 90 87 76 75 -9999 -9999 -9999 -9999 -9999 -9999 -9999 -9999 -9999 -9999 -9999
