Electronic Materials (Flash Drives)/data/NZclimate/current/bio12nz.asc
ncols        384
nrows        384
xllcorner    163.999999999999
yllcorner    -49.000000000001
cellsize     0.041666666667
NODATA_value -9999
[rows 140 to 174 of 384, columns 234 to 311 of 384]
-9999 -9999 -9999 -9999 -9999 -9999 -9999 -9999 -9999 -9999 -9999 -9999 -9999 -9999 -9999 -9999 -9999 -9999 1613 1859 1754 1809 1904 2019 2220 2476 2492 2459 2241 1763 1760 1855 1874 1790 1859 1520 1475 1460 1385 1401 1443 1632 2074 2472 2321 1911 1499 1445 1426 1374 1355 1343 1323 1297 1337 1437 1424 1455 1586 1709 1783 1740 1694 1710 1751 1862 1889 2130 2187 2207 2348 2243 2171 2146 2042 1706 2061 2016
-9999 -9999 -9999 -9999 -9999 -9999 -9999 -9999 -9999 -9999 -9999 -9999 -9999 -9999 -9999 -9999 -9999 1685 1915 1933 1961 1984 1934 1951 2140 2392 2423 2389 2109 1839 1707 1743 1831 1650 1773 1530 1443 1423 1351 1343 1382 1668 2030 2089 1968 1733 1720 1560 1416 1399 1399 1383 1387 1529 1644 1562 1553 1526 1575 1738 1775 1788 1716 1787 1768 1915 1855 2149 2109 2186 2154 2375 2171 1804 1995 2018 1618 1622
-9999 -9999 -9999 -9999 -9999 -9999 -9999 -9999 -9999 -9999 -9999 -9999 -9999 -9999 -9999 -9999 1673 1779 1924 1917 2090 2292 2270 2387 2296 2382 2365 2324 2005 1866 1675 1694 1721 1581 1566 1460 1443 1452 1422 1368 1397 1702 1786 2023 1903 1843 2105 1732 1444 1452 1461 1494 1509 1667 1694 1706 1533 1600 1688 1839 1803 1790 1770 1758 1868 1908 1873 2118 2019 2241 2419 2198 2031 1816 2112 1724 1704 1736
-9999 -9999 -9999 -9999 -9999 -9999 -9999 -9999 -9999 -9999 1516 1532 1614 1651 1675 1672 1751 1922 1976 1963 2267 2284 2276 2303 2171 2153 2234 2121 2025 1849 1684 1725 1674 1659 1712 1630 1646 1543 1592 1499 1655 1661 1853 1992 1973 2004 2733 2387 1583 1545 1582 1596 1613 1615 1675 1745 1718 1799 2036 2146 1786 1825 1921 1893 1921 1923 1862 1884 1903 1934 2241 2049 1799 1817 1980 1691 1748 1697
-9999 -9999 -9999 -9999 -9999 -9999 -9999 -9999 1546 1576 1575 1612 1721 1749 1748 1923 1981 1908 1984 2203 2295 2187 2235 2274 2097 2035 1934 1933 1971 1878 1741 1682 1616 1709 1817 1777 1629 1665 1707 1694 2136 1912 1772 1917 1890 1853 1914 2215 2132 1685 1655 1745 1828 1869 1846 1980 2057 2237 2090 1953 1763 1865 1948 1917 2018 2212 1990 1722 1756 1931 2049 1892 1665 1556 1610 1621 1584 1568
-9999 -9999 -9999 -9999 -9999 -9999 1686 1668 1678 1734 1755 1813 1786 1932 1939 1948 2121 1969 2168 2104 2170 2113 2187 2186 2096 1934 1888 1888 1862 1832 1807 1658 1790 1776 1588 1534 1598 1589 1770 1840 2372 2088 2125 2155 2191 2169 1873 1819 2192 1705 1672 1869 2145 2279 2520 2358 2156 2274 2309 2090 1717 1803 1966 1948 2182 2286 2052 1742 1696 1945 1812 1607 1728 1712 1769 1727 1652 1553
-9999 -9999 -9999 -9999 1610 1719 1866 1921 1901 1966 2048 2080 2032 1953 1950 2090 2062 2133 2169 2046 2129 2235 2184 2098 1986 1917 1785 1893 1778 1760 1753 1617 1614 1548 1545 1525 1472 1544 1703 1822 1990 2184 2382 2552 2875 3332 2961 2234 1858 1734 1894 2214 2612 2642 2730 2629 2711 2433 2469 1927 1859 1926 1793 1986 1962 2123 1961 1771 1856 1702 1591 1792 2025 1999 1676 1477 1430 1376
-9999 -9999 1594 1653 1981 2505 2281 2335 2269 2309 2297 2233 2058 2045 1978 1994 2052 2121 1979 2009 2122 2211 2098 1973 2045 1952 1780 1799 1766 1705 1851 1775 1794 1571 1788 1710 1504 1684 1900 2082 2170 2229 2396 2733 3274 3843 3269 2743 2246 1928 2445 2891 2893 2898 2854 2865 2650 2421 2189 2369 2062 1989 1900 1840 2079 1834 1776 1766 1783 1631 1740 2333 2071 1773 1633 1479 1425 1342
-9999 1539 1650 1819 2248 3053 3292 3124 2812 2646 2501 2352 2223 2154 2126 1972 2001 1987 1938 2010 2045 2058 2022 1952 1965 2006 1808 1857 1762 1820 1840 1853 1832 1811 1837 1850 1647 1727 2004 2171 2275 2406 2615 2889 3186 3074 2856 2636 2370 2422 2676 2910 2982 2703 2533 2607 2704 2419 2196 2387 2624 2426 2107 1900 1759 1674 1659 1772 1679 1655 2028 2204 1688 1490 1472 1419 1422 1305
1461 1569 1785 2023 2501 3786 5239 4778 3633 3123 2707 2475 2337 2210 2066 2019 1945 1976 2010 1980 1966 1991 2131 2239 1936 1736 1752 1683 1764 1698 1825 1783 1901 1852 1708 1757 1815 1768 1949 2112 3008 2807 3142 3567 3417 2966 2658 2479 2380 2473 2729 2902 2870 2433 2660 2492 2591 2294 2443 2264 2344 2473 2363 2448 1926 1708 1762 1850 1824 2026 1836 1657 1469 1455 1398 1395 1501 1464
1445 1596 1852 2150 2668 3557 5143 5655 5078 3831 3027 2592 2368 2213 2008 1978 2018 1973 1833 1821 1936 1914 1987 2036 1949 1657 1692 1625 1669 1576 1669 1604 1697 1741 1565 1578 1728 1810 1907 2025 2304 2831 3753 4890 4018 3155 2675 2435 2524 2830 3007 2948 2612 2180 2298 2423 2655 2013 2321 2529 2406 2196 2708 2612 2044 1765 1766 1776 1789 1648 1601 1548 1389 1515 1557 1403 1333 1274
1410 1540 1747 2053 2624 3441 5031 5727 5402 4074 3166 2627 2274 2087 2000 1879 1866 1852 1760 1941 1827 1806 1901 2010 2100 2150 1711 1675 1675 1504 1524 1653 1629 1610 1477 1478 1544 1730 1834 1948 2196 2619 3375 4153 3508 2819 2428 2300 2574 2840 2608 2406 2401 2504 1972 2077 1866 1737 2119 2199 1918 2140 2519 2042 1911 1789 1718 1746 1638 1430 1444 1424 1277 1289 1405 1250 1197 1153
1359 1439 1576 1785 2149 2601 3381 4060 3790 3232 2803 2402 2096 1930 1844 1762 1712 1731 1757 1898 2008 2313 2365 2210 2204 2189 2384 1997 1775 1615 1458 1569 1453 1338 1402 1498 1553 1629 1691 1781 1905 2119 2417 2580 2432 2203 1988 2040 2185 2161 2282 2412 2306 2118 1677 1750 1722 1680 1993 2053 1771 1919 1821 1749 1569 1679 1429 1416 1391 1331 1282 1251 1134 1153 1199 1035 1020 -9999
1319 1355 1441 1538 1702 1889 2210 2453 2418 2300 2139 1966 1846 1784 1761 1743 1621 1606 1719 1947 2037 2244 2316 2008 1987 2044 2177 2109 1818 1588 1453 1420 1416 1565 1702 1679 1543 1486 1442 1464 1519 1526 1639 1725 1582 1579 1591 1577 1584 1727 2010 2535 2066 1954 1727 1719 1554 1610 1649 1865 1811 1583 1619 1645 1643 1469 1291 1243 1169 1229 1164 1147 1156 1067 999 948 -9999 -9999
-9999 1297 1308 1362 1423 1523 1640 1680 1672 1697 1699 1671 1615 1633 1665 1696 1637 1478 1628 1708 1729 1868 1793 1774 1802 1784 1826 1773 1584 1526 1323 1497 1553 1557 1627 1446 1461 1388 1344 1349 1338 1313 1299 1286 1237 1236 1323 1481 1355 1395 2018 1815 1226 1421 1345 1367 1542 1624 1582 1460 1482 1550 1558 1609 1536 1249 1139 1068 1045 1032 1045 1006 1135 955 856 -9999 -9999 -9999
-9999 -9999 1237 1246 1279 1326 1371 1363 1366 1395 1430 1441 1454 1580 1497 1543 1521 1454 1519 1547 1644 1689 1676 1513 1693 1648 1616 1680 1809 1732 1440 1350 1582 1575 1613 1479 1485 1385 1434 1382 1290 1210 1189 1175 1135 1141 1163 1408 1604 1319 1210 1067 1087 1310 1175 1266 1486 1600 1572 1406 1541 1432 1319 1398 1307 1181 1091 1032 1051 984 927 940 957 865 808 824 -9999 -9999
-9999 -9999 -9999 1196 1195 1199 1205 1196 1198 1225 1256 1254 1315 1350 1437 1403 1455 1617 1460 1440 1476 1411 1604 1521 1496 1556 1779 1573 1523 1761 1597 1365 1371 1368 1456 1359 1354 1285 1276 1317 1228 1192 1195 1166 1141 1207 1136 1299 1561 1426 1215 1033 1167 1197 1115 1190 1283 1508 1983 1259 1525 1453 1213 1194 1127 1115 1058 1033 964 916 857 853 810 820 797 794 -9999 -9999
-9999 -9999 -9999 -9999 -9999 1143 1137 1114 1113 1113 1140 1165 1209 1223 1233 1418 1479 1657 1560 1341 1570 1386 1597 1746 1488 1329 1409 1367 1578 1803 1618 1235 1192 1306 1401 1316 1189 1267 1342 1263 1175 1163 1101 1075 1057 1075 1079 1293 1254 1106 936 949 1026 1083 1061 1156 1628 1807 1639 1684 2103 1818 1402 1150 946 943 901 896 873 830 789 780 773 769 767 778 790 -9999
-9999 -9999 -9999 -9999 -9999 -9999 -9999 -9999 -9999 -9999 1109 1125 1170 1157 1142 1249 1370 1454 1429 1358 1390 1459 1583 1652 1525 1356 1302 1481 1525 1588 1467 1444 1269 1183 1214 1365 1240 1167 1194 1163 1116 1106 1113 1082 1047 1053 1017 999 982 957 917 930 999 1018 1058 1310 1868 2049 1701 1901 2183 1639 1174 1084 1052 1105 911 802 793 811 786 758 747 749 755 769 790 -9999
-9999 -9999 -9999 -9999 -9999 -9999 -9999 -9999 -9999 -9999 -9999 -9999 -9999 1137 1094 1158 1252 1356 1454 1259 1299 1548 1401 1325 1275 1300 1212 1203 1285 1389 1318 1243 1414 1232 1152 1308 1340 1126 1122 1161 1081 1122 1160 1063 1070 1050 1039 1010 969 951 953 918 943 1005 1104 1166 1840 1896 2118 2148 2148 1374 1304 1157 1106 1036 937 800 780 759 741 735 734 742 755 773 823 866
-9999 -9999 -9999 -9999 -9999 -9999 -9999 -9999 -9999 -9999 -9999 -9999 -9999 -9999 1051 1103 1145 1160 1203 1249 1308 1363 1281 1132 1167 1222 1118 1255 1342 1340 1311 1257 1137 1100 1269 1326 1286 1112 1123 1110 1093 1171 1081 1085 1086 1036 1059 1085 1012 961 951 945 934 1014 1082 1482 1348 1826 2252 1867 1632 1379 1454 1313 1361 1254 1086 854 931 799 753 729 730 746 785 885 848 913
-9999 -9999 -9999 -9999 -9999 -9999 -9999 -9999 -9999 -9999 -9999 -9999 -9999 -9999 -9999 1029 1046 1039 1094 1075 1132 1168 1136 1104 1226 1071 1145 1264 1504 1429 1228 1160 1145 1032 1167 1245 1149 1071 1179 1134 1099 1119 1061 1121 1107 1043 1086 1099 1106 1029 964 967 1004 1103 1244 2098 1949 2002 2033 1524 1374 1656 1465 1367 1315 1212 1183 970 1031 806 874 801 852 910 1117 910 996 1029
-9999 -9999 -9999 -9999 -9999 -9999 -9999 -9999 -9999 -9999 -9999 -9999 -9999 -9999 -9999 -9999 -9999 1002 1005 1032 1065 1068 1068 1013 1091 1062 1202 1286 1306 1299 1229 1150 1022 987 1011 1058 1017 999 1056 1031 1085 1100 1038 1048 1049 1074 1112 1103 1126 1003 980 993 1076 1195 1266 1960 2269 2191 1899 1366 1322 1496 1343 1221 1160 1086 1152 1123 1062 1034 794 770 980 887 1011 1243 1250 1132
-9999 -9999 -9999 -9999 -9999 -9999 -9999 -9999 -9999 -9999 -9999 -9999 -9999 -9999 -9999 -9999 -9999 -9999 965 987 983 994 1002 974 1056 1110 1122 1118 1119 1095 1080 1087 975 976 1006 1076 980 1065 979 1002 1060 992 1003 1060 1120 1165 1120 1066 1040 1016 1053 1095 1115 1152 1293 2217 2442 2450 1616 1409 1320 1239 1195 1138 1052 1001 1047 1117 1198 839 785 978 948 962 1271 1527 1481 1052
-9999 -9999 -9999 -9999 -9999 -9999 -9999 -9999 -9999 -9999 -9999 -9999 -9999 -9999 -9999 -9999 -9999 -9999 -9999 -9999 -9999 942 928 947 973 980 976 970 970 1013 1033 977 902 928 973 1011 990 965 978 993 985 947 974 1020 1066 1067 993 969 1012 1096 1114 1116 1156 1242 1464 2004 2344 2401 1743 1469 1347 1262 1094 1022 985 958 966 1094 981 823 929 925 1180 1179 1481 1859 1380 1074
-9999 -9999 -9999 -9999 -9999 -9999 -9999 -9999 -9999 -9999 -9999 -9999 -9999 -9999 -9999 -9999 -9999 -9999 -9999 -9999 -9999 -9999 -9999 -9999 -9999 -9999 -9999 916 925 956 968 903 884 957 987 1033 971 969 967 959 974 982 975 1039 1033 972 971 1014 1057 1110 1168 1221 1275 1462 2140 2396 2490 1895 1535 1466 1296 1182 1043 981 942 926 943 1084 935 845 926 1012 1100 1210 1592 1703 1335 1271
-9999 -9999 -9999 -9999 -9999 -9999 -9999 -9999 -9999 -9999 -9999 -9999 -9999 -9999 -9999 -9999 -9999 -9999 -9999 -9999 -9999 -9999 -9999 -9999 -9999 -9999 -9999 -9999 -9999 884 865 879 920 924 965 1007 926 956 966 994 1007 1061 1067 1049 1092 962 1035 1054 1132 1188 1209 1257 1371 1477 1862 1875 2327 1803 1584 1435 1238 1076 997 943 901 879 898 971 902 931 1016 1049 1188 1199 1340 1213 1136 -9999
-9999 -9999 -9999 -9999 -9999 -9999 -9999 -9999 -9999 -9999 -9999 -9999 -9999 -9999 -9999 -9999 -9999 -9999 -9999 -9999 -9999 -9999 -9999 -9999 -9999 -9999 -9999 -9999 -9999 -9999 862 884 910 939 946 917 921 935 1005 1083 1103 1089 1029 1016 967 1010 1156 1192 1181 1249 1239 1312 1335 1451 1730 2320 2023 1683 1574 1395 1192 1051 968 925 886 895 885 911 940 960 1021 1158 1272 1325 1239 1096 -9999 -9999
-9999 -9999 -9999 -9999 -9999 -9999 -9999 -9999 -9999 -9999 -9999 -9999 -9999 -9999 -9999 -9999 -9999 -9999 -9999 -9999 -9999 -9999 -9999 -9999 -9999 -9999 -9999 -9999 -9999 -9999 -9999 874 885 879 910 918 926 1003 1043 1039 1042 991 944 985 1109 1182 1258 1224 1266 1237 1321 1299 1358 1481 1998 1971 1845 1721 1591 1378 1179 1055 986 945 911 964 861 900 975 1136 1081 1178 1325 1323 1206 1218 -9999 -9999
-9999 -9999 -9999 -9999 -9999 -9999 -9999 -9999 -9999 -9999 -9999 -9999 -9999 -9999 -9999 -9999 -9999 -9999 -9999 -9999 -9999 -9999 -9999 -9999 -9999 -9999 -9999 -9999 -9999 -9999 -9999 -9999 863 878 891 914 943 978 1012 1008 977 923 985 1058 1095 1121 1151 1233 1285 1241 1332 1298 1394 1703 1856 1905 1736 1644 1540 1338 1195 1081 1116 989 1032 891 911 975 1116 1176 1171 1221 1266 1377 1210 1142 -9999 -9999
-9999 -9999 -9999 -9999 -9999 -9999 -9999 -9999 -9999 -9999 -9999 -9999 -9999 -9999 -9999 -9999 -9999 -9999 -9999 -9999 -9999 -9999 -9999 -9999 -9999 -9999 -9999 -9999 -9999 -9999 -9999 -9999 -9999 878 889 907 932 953 975 963 919 955 1008 1054 1079 1082 1119 1195 1183 1303 1214 1289 1593 1923 1963 1708 1624 1479 1347 1246 1133 1262 1433 1272 1132 914 978 1084 1181 1170 1244 1212 1369 1279 1145 1095 -9999 -9999
-9999 -9999 -9999 -9999 -9999 -9999 -9999 -9999 -9999 -9999 -9999 -9999 -9999 -9999 -9999 -9999 -9999 -9999 -9999 -9999 -9999 -9999 -9999 -9999 -9999 -9999 -9999 -9999 -9999 -9999 -9999 -9999 -9999 -9999 876 887 910 931 946 915 896 966 957 1017 1023 1027 1076 1166 1264 1194 1225 1489 1823 1940 1617 1485 1358 1307 1237 1159 1288 1375 1353 1030 894 863 876 949 1118 1166 1208 1192 1273 1211 1170 -9999 -9999 -9999
-9999 -9999 -9999 -9999 -9999 -9999 -9999 -9999 -9999 -9999 -9999 -9999 -9999 -9999 -9999 -9999 -9999 -9999 -9999 -9999 -9999 -9999 -9999 -9999 -9999 -9999 -9999 -9999 -9999 -9999 -9999 -9999 -9999 -9999 886 875 885 899 891 886 923 950 938 988 965 1008 1094 1204 1184 1183 1498 1876 1853 1597 1458 1341 1206 1227 1165 1234 1432 1323 1389 1145 1002 972 924 935 966 1031 1122 1167 1140 1187 -9999 -9999 -9999 -9999
-9999 -9999 -9999 -9999 -9999 -9999 -9999 -9999 -9999 -9999 -9999 -9999 -9999 -9999 -9999 -9999 -9999 -9999 -9999 -9999 -9999 -9999 -9999 -9999 -9999 -9999 -9999 -9999 -9999 -9999 -9999 -9999 -9999 -9999 -9999 869 872 869 871 873 905 952 911 906 926 978 1097 1217 1133 1364 1861 1798 1590 1399 1275 1173 1096 1091 1108 1172 1242 1332 1290 1298 1158 995 947 962 983 1088 1048 1059 1042 -9999 -9999 -9999 -9999 -9999
-9999 -9999 -9999 -9999 -9999 -9999 -9999 -9999 -9999 -9999 -9999 -9999 -9999 -9999 -9999 -9999 -9999 -9999 -9999 -9999 -9999 -9999 -9999 -9999 -9999 -9999 -9999 -9999 -9999 -9999 -9999 -9999 -9999 -9999 -9999 864 863 877 884 867 880 903 874 878 899 970 1123 1178 1159 1496 1697 1434 1335 1278 1142 1122 1162 1243 1240 1184 1382 1357 1446 1374 1236 1024 985 995 1173 1096 993 -9999 -9999 -9999 -9999 -9999 -9999 -9999
