Electronic Materials (Flash Drives)/data/NZclimate/current/bio13nz.asc
ncols        384
nrows        384
xllcorner    163.999999999999
yllcorner    -49.000000000001
cellsize     0.041666666667
NODATA_value -9999
[rows 140 to 174 of 384, columns 240 to 319 of 384]
-9999 -9999 -9999 -9999 -9999 -9999 -9999 -9999 -9999 -9999 -9999 -9999 160 184 173 179 189 200 222 250 252 249 226 176 176 186 188 179 187 151 146 144 136 138 143 164 213 256 239 194 150 143 140 133 129 127 127 126 131 140 140 142 152 163 172 167 161 163 168 181 185 212 219 222 239 228 221 219 208 172 212 207 205 198 192 179 164 171 175 173
-9999 -9999 -9999 -9999 -9999 -9999 -9999 -9999 -9999 -9999 -9999 167 188 189 192 195 190 192 213 240 244 241 211 183 169 173 183 164 177 151 142 140 132 131 136 168 208 214 201 175 173 155 138 135 133 130 131 144 154 149 148 147 151 167 172 173 165 173 170 187 181 214 211 220 217 243 221 181 203 206 164 166 169 174 174 169 177 163 150 168
-9999 -9999 -9999 -9999 -9999 -9999 -9999 -9999 -9999 -9999 166 175 188 187 204 226 224 237 228 238 237 233 199 185 165 167 170 156 154 143 141 142 139 134 137 171 181 207 193 186 214 173 141 140 140 141 141 156 159 160 147 152 160 179 175 174 172 170 183 187 184 211 201 226 247 223 205 182 216 176 175 179 167 159 156 156 158 148 148 153
-9999 -9999 -9999 -9999 159 159 165 167 168 167 173 188 193 191 222 224 224 227 214 213 222 210 201 182 165 170 165 164 170 161 163 152 158 148 166 167 188 203 201 204 284 245 155 150 152 151 152 151 157 166 163 174 203 216 174 179 190 187 190 190 184 187 189 193 227 207 182 185 202 175 181 178 171 181 172 166 162 158 163 159
-9999 -9999 162 165 164 166 175 176 175 190 195 187 193 215 225 214 219 224 206 200 190 190 194 185 171 165 158 168 181 177 161 166 171 170 219 194 179 195 192 187 193 226 216 165 160 168 177 182 179 196 205 227 210 194 172 184 194 191 203 225 199 171 175 194 208 192 170 160 167 170 168 168 166 152 169 171 154 149 156 158
177 174 174 178 179 183 180 192 192 192 208 192 212 205 212 206 214 214 205 189 185 185 182 180 177 162 176 176 155 150 157 157 178 186 245 214 218 221 225 222 189 182 223 167 162 184 216 231 260 241 218 232 236 211 167 178 198 196 223 235 208 174 170 197 184 164 177 177 184 182 177 169 167 157 152 149 153 147 149 157
194 197 194 198 204 205 201 193 192 205 202 208 212 199 207 219 214 205 194 187 174 185 173 172 171 157 157 151 151 149 143 152 170 184 203 225 246 265 301 353 311 228 186 171 188 224 271 275 285 274 284 252 256 193 185 194 179 202 199 218 199 179 188 173 162 184 210 208 177 159 156 150 156 151 150 145 140 144 143 148
233 236 228 229 225 218 202 201 195 196 201 208 193 196 207 217 205 192 200 191 173 175 172 166 182 174 177 153 177 169 147 168 192 213 223 230 248 285 346 411 346 286 230 193 252 304 305 306 301 302 278 251 224 246 210 202 192 186 214 186 180 179 182 166 179 243 216 186 174 161 156 146 136 135 135 140 133 -9999 -9999 -9999
335 317 283 265 248 231 218 212 210 195 197 195 190 196 200 201 198 190 192 197 176 181 172 178 181 183 181 179 183 185 163 173 205 223 235 249 273 303 337 325 300 275 244 250 280 307 316 284 264 273 285 252 226 249 277 254 218 194 179 169 168 181 172 170 211 230 177 159 159 155 156 143 140 134 126 -9999 -9999 -9999 -9999 -9999
562 504 372 318 273 248 232 219 205 201 193 195 198 194 192 195 210 222 189 168 170 163 172 165 179 175 189 184 169 175 183 178 199 217 316 294 332 380 364 313 278 257 246 257 287 307 304 253 280 261 273 239 256 236 245 261 249 259 199 175 181 191 189 210 191 173 157 156 152 153 165 163 157 -9999 -9999 -9999 -9999 -9999 -9999 -9999
552 615 546 395 310 264 241 224 203 199 202 196 181 179 190 188 195 201 192 161 164 158 162 153 163 156 167 172 153 155 173 183 195 208 239 297 402 533 433 335 280 253 264 299 320 313 275 225 239 254 281 207 243 268 254 230 290 279 214 183 185 186 186 172 170 166 152 163 168 154 148 142 141 -9999 -9999 -9999 -9999 -9999 -9999 -9999
540 622 588 423 327 271 235 215 205 191 189 186 176 193 181 178 188 199 208 214 167 163 163 145 147 161 159 157 143 144 153 175 187 200 227 274 359 449 375 297 253 239 270 301 275 252 251 264 202 215 190 176 221 230 198 224 269 214 199 186 180 183 172 156 158 157 143 143 154 139 134 129 -9999 -9999 -9999 -9999 -9999 -9999 -9999 -9999
352 423 394 336 292 251 220 202 192 182 175 175 177 190 201 233 238 222 221 219 240 198 174 157 141 153 140 128 135 147 154 164 172 182 195 219 252 270 254 228 204 210 227 224 238 253 241 220 169 178 175 170 207 214 181 198 188 180 160 173 153 153 152 148 144 141 129 130 134 117 115 -9999 -9999 -9999 -9999 -9999 -9999 -9999 -9999 -9999
233 258 255 243 226 209 197 190 186 182 167 164 174 197 205 227 234 201 198 204 219 211 180 155 140 137 137 154 170 168 154 148 144 147 154 155 167 176 160 159 160 159 160 176 208 268 215 202 176 175 156 163 167 193 187 159 165 168 168 156 142 139 134 140 133 131 131 122 114 108 -9999 -9999 -9999 -9999 -9999 -9999 -9999 -9999 -9999 -9999
175 181 180 183 183 181 176 176 177 178 170 152 166 173 174 188 179 177 179 177 181 175 155 149 127 146 152 153 162 142 145 137 133 135 135 133 131 129 123 122 131 149 135 139 210 187 121 142 133 135 156 165 160 145 148 156 157 164 160 138 130 124 122 121 121 116 128 109 97 -9999 -9999 -9999 -9999 -9999 -9999 -9999 -9999 -9999 -9999 -9999
145 145 146 150 155 157 158 170 160 163 159 150 156 157 166 170 168 150 168 163 159 166 180 171 140 130 156 156 161 146 148 137 144 139 129 121 120 117 114 114 116 141 163 131 119 109 111 130 118 124 150 163 159 139 155 143 139 148 142 133 126 122 124 116 107 107 107 98 91 93 -9999 -9999 -9999 -9999 -9999 -9999 -9999 -9999 -9999 -9999
128 127 127 131 135 135 142 145 153 148 153 168 150 147 150 142 161 152 148 154 177 155 149 175 157 132 133 132 143 133 133 126 125 131 122 119 119 116 114 119 114 129 158 144 120 107 116 119 113 119 126 153 209 125 153 145 130 132 127 128 124 123 115 108 98 95 90 92 90 90 -9999 -9999 -9999 -9999 -9999 -9999 -9999 -9999 -9999 -9999
121 118 119 119 122 125 130 131 131 150 156 173 161 137 160 140 161 176 148 131 139 134 156 180 160 118 114 126 137 128 113 124 133 125 115 115 110 109 108 110 110 129 125 112 99 100 106 111 109 116 168 189 169 173 225 190 146 128 109 110 107 107 103 96 88 85 85 86 86 88 90 -9999 -9999 -9999 -9999 -9999 -9999 -9999 -9999 -9999
-9999 -9999 -9999 -9999 119 120 125 123 121 132 144 152 148 140 142 148 160 166 152 134 128 146 150 157 144 141 122 113 116 133 119 112 115 113 110 110 111 109 107 108 105 104 103 101 97 99 104 106 109 130 197 218 177 201 235 167 130 122 120 127 107 94 92 93 87 82 82 83 85 87 90 -9999 -9999 -9999 -9999 -9999 -9999 -9999 -9999 -9999
-9999 -9999 -9999 -9999 -9999 -9999 -9999 121 116 122 132 142 151 129 133 158 142 133 127 129 119 117 125 136 128 119 138 118 109 127 131 108 109 113 107 111 115 107 109 107 107 105 101 100 101 98 100 105 113 117 194 201 227 232 231 143 142 130 125 118 108 93 89 84 80 79 80 82 85 88 94 100 118 120 -9999 -9999 -9999 -9999 -9999 -9999
-9999 -9999 -9999 -9999 -9999 -9999 -9999 -9999 111 117 121 121 125 129 134 139 130 113 116 121 110 123 132 131 127 121 109 105 122 129 125 107 109 108 107 115 108 109 110 106 109 111 105 101 100 100 100 106 111 151 135 193 244 198 166 146 154 146 151 140 122 97 104 88 82 80 81 83 88 101 97 106 124 124 -9999 -9999 -9999 -9999 -9999 -9999
-9999 -9999 -9999 -9999 -9999 -9999 -9999 -9999 -9999 108 110 108 114 111 116 119 115 111 123 106 113 124 149 141 119 112 110 99 112 119 109 103 113 110 107 110 106 112 111 106 110 112 112 107 101 102 105 113 123 226 208 215 218 153 143 171 156 152 146 134 130 106 112 88 97 90 97 104 129 105 117 122 118 -9999 -9999 -9999 -9999 -9999 -9999 -9999
-9999 -9999 -9999 -9999 -9999 -9999 -9999 -9999 -9999 -9999 -9999 105 104 106 109 109 108 102 109 105 119 127 128 127 119 111 98 95 97 101 98 97 102 101 106 108 103 104 105 108 112 112 114 104 103 104 111 120 125 210 247 238 202 138 140 155 148 135 127 117 124 121 117 116 89 88 114 103 119 147 150 136 116 -9999 -9999 -9999 -9999 -9999 -9999 -9999
-9999 -9999 -9999 -9999 -9999 -9999 -9999 -9999 -9999 -9999 -9999 -9999 100 102 101 101 102 98 106 111 111 110 109 107 105 105 94 94 97 103 94 102 95 98 103 97 99 105 111 115 112 108 106 105 108 112 114 117 128 241 268 270 166 142 139 133 130 123 112 106 113 123 134 95 90 115 112 115 154 187 181 127 -9999 -9999 -9999 -9999 -9999 -9999 -9999 -9999
-9999 -9999 -9999 -9999 -9999 -9999 -9999 -9999 -9999 -9999 -9999 -9999 -9999 -9999 -9999 96 94 96 98 98 97 96 95 99 101 95 88 90 94 97 95 93 95 96 96 93 96 100 105 106 100 99 104 111 113 114 117 123 149 216 258 265 184 146 141 134 116 108 103 104 107 123 112 95 109 110 143 144 184 234 169 130 -9999 -9999 -9999 -9999 -9999 -9999 -9999 -9999
-9999 -9999 -9999 -9999 -9999 -9999 -9999 -9999 -9999 -9999 -9999 -9999 -9999 -9999 -9999 -9999 -9999 -9999 -9999 -9999 -9999 90 91 94 95 88 86 93 96 100 93 93 93 93 94 95 95 101 101 96 98 103 107 112 117 121 126 149 233 264 276 203 154 147 135 123 108 102 100 102 106 123 108 98 110 122 134 149 200 214 164 155 -9999 -9999 -9999 -9999 -9999 -9999 -9999 -9999
-9999 -9999 -9999 -9999 -9999 -9999 -9999 -9999 -9999 -9999 -9999 -9999 -9999 -9999 -9999 -9999 -9999 -9999 -9999 -9999 -9999 -9999 -9999 87 85 86 90 90 94 98 89 92 93 95 96 102 102 101 106 95 102 105 112 118 120 124 137 150 199 202 258 192 160 144 127 109 102 99 97 97 101 112 105 110 121 127 146 148 167 149 138 -9999 -9999 -9999 -9999 -9999 -9999 -9999 -9999 -9999
-9999 -9999 -9999 -9999 -9999 -9999 -9999 -9999 -9999 -9999 -9999 -9999 -9999 -9999 -9999 -9999 -9999 -9999 -9999 -9999 -9999 -9999 -9999 -9999 85 87 89 92 92 89 89 90 97 104 106 105 98 97 93 98 112 116 115 124 123 131 133 147 183 257 221 174 158 140 121 108 101 99 97 100 100 105 110 114 122 141 157 165 153 133 -9999 -9999 -9999 -9999 -9999 -9999 -9999 -9999 -9999 -9999
-9999 -9999 -9999 -9999 -9999 -9999 -9999 -9999 -9999 -9999 -9999 -9999 -9999 -9999 -9999 -9999 -9999 -9999 -9999 -9999 -9999 -9999 -9999 -9999 -9999 87 88 87 90 90 90 98 101 100 100 96 91 94 107 115 124 121 126 123 133 131 137 151 218 215 198 179 161 141 122 110 105 101 100 108 98 104 115 136 130 144 164 164 148 150 -9999 -9999 -9999 -9999 -9999 -9999 -9999 -9999 -9999 -9999
-9999 -9999 -9999 -9999 -9999 -9999 -9999 -9999 -9999 -9999 -9999 -9999 -9999 -9999 -9999 -9999 -9999 -9999 -9999 -9999 -9999 -9999 -9999 -9999 -9999 -9999 87 88 89 91 92 95 99 98 95 89 95 102 106 109 113 123 129 125 135 132 143 181 200 207 182 169 159 140 127 116 121 108 115 101 104 114 133 141 142 149 156 171 148 139 -9999 -9999 -9999 -9999 -9999 -9999 -9999 -9999 -9999 -9999
-9999 -9999 -9999 -9999 -9999 -9999 -9999 -9999 -9999 -9999 -9999 -9999 -9999 -9999 -9999 -9999 -9999 -9999 -9999 -9999 -9999 -9999 -9999 -9999 -9999 -9999 -9999 89 90 91 92 93 95 94 89 93 98 103 106 106 111 120 119 133 123 132 167 210 214 181 171 155 142 133 123 139 160 143 128 104 114 128 142 141 152 148 169 157 138 133 -9999 -9999 -9999 -9999 -9999 -9999 -9999 -9999 -9999 -9999
-9999 -9999 -9999 -9999 -9999 -9999 -9999 -9999 -9999 -9999 -9999 -9999 -9999 -9999 -9999 -9999 -9999 -9999 -9999 -9999 -9999 -9999 -9999 -9999 -9999 -9999 -9999 -9999 89 90 91 92 93 90 88 95 94 101 101 102 107 117 129 120 124 156 197 213 172 157 143 139 133 126 143 154 153 117 102 99 102 112 134 141 147 145 156 147 142 -9999 -9999 -9999 -9999 -9999 -9999 -9999 -9999 -9999 -9999 -9999
-9999 -9999 -9999 -9999 -9999 -9999 -9999 -9999 -9999 -9999 -9999 -9999 -9999 -9999 -9999 -9999 -9999 -9999 -9999 -9999 -9999 -9999 -9999 -9999 -9999 -9999 -9999 -9999 91 90 91 91 89 88 92 95 94 99 97 101 110 121 119 118 157 205 202 170 154 142 127 132 127 137 161 151 160 133 117 114 109 110 115 124 136 142 138 144 -9999 -9999 -9999 -9999 -9999 -9999 -9999 -9999 -9999 -9999 -9999 -9999
-9999 -9999 -9999 -9999 -9999 -9999 -9999 -9999 -9999 -9999 -9999 -9999 -9999 -9999 -9999 -9999 -9999 -9999 -9999 -9999 -9999 -9999 -9999 -9999 -9999 -9999 -9999 -9999 -9999 90 91 90 89 88 91 96 92 92 94 99 111 123 112 140 204 196 170 146 132 122 115 117 122 132 142 155 151 153 138 118 112 115 118 132 126 127 124 -9999 -9999 -9999 -9999 -9999 -9999 -9999 -9999 -9999 -9999 -9999 -9999 -9999
-9999 -9999 -9999 -9999 -9999 -9999 -9999 -9999 -9999 -9999 -9999 -9999 -9999 -9999 -9999 -9999 -9999 -9999 -9999 -9999 -9999 -9999 -9999 -9999 -9999 -9999 -9999 -9999 -9999 90 90 91 91 89 90 92 89 90 92 99 114 118 115 157 183 149 136 130 115 115 124 138 141 136 161 160 172 164 149 123 118 119 144 133 119 -9999 -9999 -9999 -9999 -9999 -9999 -9999 -9999 -9999 -9999 -9999 -9999 -9999 -9999 -9999
