Electronic Materials (Flash Drives)/data/NZclimate/current/bio13nz.asc
ncols        384
nrows        384
xllcorner    163.999999999999
yllcorner    -49.000000000001
cellsize     0.041666666667
NODATA_value -9999
[rows 245 to 279 of 384, columns 80 to 159 of 384]
-9999 -9999 -9999 -9999 -9999 -9999 -9999 -9999 -9999 -9999 -9999 -9999 -9999 -9999 -9999 -9999 -9999 -9999 -9999 -9999 -9999 -9999 -9999 -9999 -9999 -9999 -9999 -9999 -9999 -9999 -9999 -9999 -9999 -9999 -9999 -9999 -9999 -9999 -9999 -9999 -9999 -9999 -9999 -9999 -9999 -9999 -9999 -9999 -9999 -9999 -9999 -9999 -9999 -9999 -9999 -9999 -9999 -9999 -9999 -9999 -9999 -9999 -9999 -9999 -9999 -9999 431 431 422 417 415 409 397 386 373 357 345 344 339 326
-9999 -9999 -9999 -9999 -9999 -9999 -9999 -9999 -9999 -9999 -9999 -9999 -9999 -9999 -9999 -9999 -9999 -9999 -9999 -9999 -9999 -9999 -9999 -9999 -9999 -9999 -9999 -9999 -9999 -9999 -9999 -9999 -9999 -9999 -9999 -9999 -9999 -9999 -9999 -9999 -9999 -9999 -9999 -9999 -9999 -9999 -9999 -9999 -9999 -9999 -9999 -9999 -9999 -9999 -9999 -9999 -9999 -9999 -9999 -9999 -9999 -9999 -9999 -9999 -9999 440 434 433 428 419 411 412 408 394 358 356 364 335 332 344
-9999 -9999 -9999 -9999 -9999 -9999 -9999 -9999 -9999 -9999 -9999 -9999 -9999 -9999 -9999 -9999 -9999 -9999 -9999 -9999 -9999 -9999 -9999 -9999 -9999 -9999 -9999 -9999 -9999 -9999 -9999 -9999 -9999 -9999 -9999 -9999 -9999 -9999 -9999 -9999 -9999 -9999 -9999 -9999 -9999 -9999 -9999 -9999 -9999 -9999 -9999 -9999 -9999 -9999 -9999 -9999 -9999 -9999 -9999 -9999 -9999 -9999 -9999 -9999 440 438 431 427 418 404 394 388 370 359 347 337 323 312 339 354
-9999 -9999 -9999 -9999 -9999 -9999 -9999 -9999 -9999 -9999 -9999 -9999 -9999 -9999 -9999 -9999 -9999 -9999 -9999 -9999 -9999 -9999 -9999 -9999 -9999 -9999 -9999 -9999 -9999 -9999 -9999 -9999 -9999 -9999 -9999 -9999 -9999 -9999 -9999 -9999 -9999 -9999 -9999 -9999 -9999 -9999 -9999 -9999 -9999 -9999 -9999 -9999 -9999 -9999 -9999 -9999 -9999 -9999 -9999 -9999 -9999 -9999 447 447 442 439 425 415 408 393 383 374 365 344 330 314 302 303 300 321
-9999 -9999 -9999 -9999 -9999 -9999 -9999 -9999 -9999 -9999 -9999 -9999 -9999 -9999 -9999 -9999 -9999 -9999 -9999 -9999 -9999 -9999 -9999 -9999 -9999 -9999 -9999 -9999 -9999 -9999 -9999 -9999 -9999 -9999 -9999 -9999 -9999 -9999 -9999 -9999 -9999 -9999 -9999 -9999 -9999 -9999 -9999 -9999 -9999 -9999 -9999 -9999 -9999 -9999 -9999 -9999 -9999 -9999 -9999 474 469 467 456 453 443 430 419 404 389 387 374 373 362 330 316 319 339 307 304 321
-9999 -9999 -9999 -9999 -9999 -9999 -9999 -9999 -9999 -9999 -9999 -9999 -9999 -9999 -9999 -9999 -9999 -9999 -9999 -9999 -9999 -9999 -9999 -9999 -9999 -9999 -9999 -9999 -9999 -9999 -9999 -9999 -9999 -9999 -9999 -9999 -9999 -9999 -9999 -9999 -9999 -9999 -9999 -9999 -9999 -9999 -9999 -9999 -9999 -9999 -9999 -9999 -9999 -9999 -9999 -9999 -9999 -9999 480 474 469 458 448 439 429 421 415 402 385 374 362 356 351 328 319 350 332 318 331 304
-9999 -9999 -9999 -9999 -9999 -9999 -9999 -9999 -9999 -9999 -9999 -9999 -9999 -9999 -9999 -9999 -9999 -9999 -9999 -9999 -9999 -9999 -9999 -9999 -9999 -9999 -9999 -9999 -9999 -9999 -9999 -9999 -9999 -9999 -9999 -9999 -9999 -9999 -9999 -9999 -9999 -9999 -9999 -9999 -9999 -9999 -9999 -9999 -9999 -9999 -9999 -9999 -9999 -9999 -9999 -9999 -9999 479 475 463 449 440 429 422 418 417 398 383 381 381 368 381 344 347 326 303 292 331 327 277
-9999 -9999 -9999 -9999 -9999 -9999 -9999 -9999 -9999 -9999 -9999 -9999 -9999 -9999 -9999 -9999 -9999 -9999 -9999 -9999 -9999 -9999 -9999 -9999 -9999 -9999 -9999 -9999 -9999 -9999 -9999 -9999 -9999 -9999 -9999 -9999 -9999 -9999 -9999 -9999 -9999 -9999 -9999 -9999 -9999 -9999 -9999 -9999 -9999 -9999 -9999 -9999 -9999 -9999 -9999 -9999 481 475 462 451 437 449 441 429 410 398 385 378 396 384 380 361 377 339 348 265 288 322 297 294
-9999 -9999 -9999 -9999 -9999 -9999 -9999 -9999 -9999 -9999 -9999 -9999 -9999 -9999 -9999 -9999 -9999 -9999 -9999 -9999 -9999 -9999 -9999 -9999 -9999 -9999 -9999 -9999 -9999 -9999 -9999 -9999 -9999 -9999 -9999 -9999 -9999 -9999 -9999 -9999 -9999 -9999 -9999 -9999 -9999 -9999 -9999 -9999 -9999 -9999 -9999 -9999 -9999 -9999 498 492 480 469 455 436 456 430 412 427 412 393 372 406 390 339 350 368 325 324 309 246 287 314 250 299
-9999 -9999 -9999 -9999 -9999 -9999 -9999 -9999 -9999 -9999 -9999 -9999 -9999 -9999 -9999 -9999 -9999 -9999 -9999 -9999 -9999 -9999 -9999 -9999 -9999 -9999 -9999 -9999 -9999 -9999 -9999 -9999 -9999 -9999 -9999 -9999 -9999 -9999 -9999 -9999 -9999 -9999 -9999 -9999 -9999 -9999 -9999 -9999 -9999 -9999 583 578 545 528 498 487 471 470 451 440 426 422 404 387 375 364 376 396 344 331 353 302 318 344 305 224 254 303 231 276
-9999 -9999 -9999 -9999 -9999 -9999 -9999 -9999 -9999 -9999 -9999 -9999 -9999 -9999 -9999 -9999 -9999 -9999 -9999 -9999 -9999 -9999 -9999 -9999 -9999 -9999 -9999 -9999 -9999 -9999 -9999 -9999 -9999 -9999 -9999 -9999 -9999 -9999 -9999 -9999 -9999 -9999 -9999 -9999 -9999 -9999 -9999 -9999 602 594 585 553 549 522 494 475 461 442 417 422 422 400 387 384 381 353 350 345 327 310 303 322 327 283 301 206 242 264 217 191
-9999 -9999 -9999 -9999 -9999 -9999 -9999 -9999 -9999 -9999 -9999 -9999 -9999 -9999 -9999 -9999 -9999 -9999 -9999 -9999 -9999 -9999 -9999 -9999 -9999 -9999 -9999 -9999 -9999 -9999 -9999 -9999 -9999 -9999 -9999 -9999 -9999 -9999 -9999 -9999 -9999 -9999 -9999 -9999 -9999 579 586 588 590 571 592 556 533 491 482 453 427 418 417 394 404 385 371 367 375 363 342 325 311 324 323 320 307 254 296 234 157 180 155 215
-9999 -9999 -9999 -9999 -9999 -9999 -9999 -9999 -9999 -9999 -9999 -9999 -9999 -9999 -9999 -9999 -9999 -9999 -9999 -9999 -9999 -9999 -9999 -9999 -9999 -9999 -9999 -9999 -9999 -9999 -9999 -9999 -9999 -9999 -9999 -9999 -9999 -9999 -9999 -9999 -9999 -9999 -9999 555 566 571 572 558 546 574 540 535 500 448 431 445 431 403 389 384 372 371 352 354 350 329 352 296 290 312 275 305 300 234 279 271 149 129 144 221
-9999 -9999 -9999 -9999 -9999 -9999 -9999 -9999 -9999 -9999 -9999 -9999 -9999 -9999 -9999 -9999 -9999 -9999 -9999 -9999 -9999 -9999 -9999 -9999 -9999 -9999 -9999 -9999 -9999 -9999 -9999 -9999 -9999 -9999 -9999 -9999 -9999 -9999 -9999 -9999 -9999 -9999 534 544 547 533 543 541 540 502 449 478 501 454 428 412 388 385 377 367 358 350 343 342 335 333 291 260 294 275 273 303 276 213 268 239 145 116 138 206
-9999 -9999 -9999 -9999 -9999 -9999 -9999 -9999 -9999 -9999 -9999 -9999 -9999 -9999 -9999 -9999 -9999 -9999 -9999 -9999 -9999 -9999 -9999 -9999 -9999 -9999 -9999 -9999 -9999 -9999 -9999 -9999 -9999 -9999 -9999 -9999 -9999 -9999 -9999 -9999 -9999 514 520 524 530 518 492 479 487 472 456 439 448 422 390 387 382 370 361 347 341 340 331 319 321 304 252 218 256 234 284 281 239 186 216 195 114 105 122 171
-9999 -9999 -9999 -9999 -9999 -9999 -9999 -9999 -9999 -9999 -9999 -9999 -9999 -9999 -9999 -9999 -9999 -9999 -9999 -9999 -9999 -9999 -9999 -9999 -9999 -9999 -9999 -9999 -9999 -9999 -9999 -9999 -9999 -9999 -9999 -9999 -9999 -9999 -9999 489 495 498 498 502 482 469 476 463 438 419 412 397 401 392 379 373 361 347 333 343 339 322 326 290 319 285 221 179 187 222 249 260 209 204 122 108 98 97 121 206
-9999 -9999 -9999 -9999 -9999 -9999 -9999 -9999 -9999 -9999 -9999 -9999 -9999 -9999 -9999 -9999 -9999 -9999 -9999 -9999 -9999 -9999 -9999 -9999 -9999 -9999 -9999 -9999 -9999 -9999 -9999 -9999 -9999 -9999 -9999 -9999 -9999 473 475 475 475 474 476 462 470 454 442 445 407 401 408 391 406 391 374 356 338 326 335 322 305 302 301 268 322 290 204 151 153 187 199 188 164 134 108 91 87 91 129 203
-9999 -9999 -9999 -9999 -9999 -9999 -9999 -9999 -9999 -9999 -9999 -9999 -9999 -9999 -9999 -9999 -9999 -9999 -9999 -9999 -9999 -9999 -9999 -9999 -9999 -9999 -9999 -9999 -9999 -9999 -9999 -9999 -9999 -9999 -9999 454 457 457 454 452 450 438 435 449 442 433 444 432 419 404 409 395 389 367 352 338 326 329 323 298 284 311 251 257 305 266 201 129 118 141 153 140 125 106 90 80 78 89 150 206
-9999 -9999 -9999 -9999 -9999 -9999 -9999 -9999 -9999 -9999 -9999 -9999 -9999 -9999 -9999 -9999 -9999 -9999 -9999 -9999 -9999 -9999 -9999 -9999 -9999 -9999 -9999 -9999 483 471 469 457 453 447 443 441 438 430 423 425 420 424 414 408 418 414 395 402 401 398 392 373 355 344 335 328 328 305 309 263 286 306 208 263 283 281 204 112 99 101 110 108 99 93 76 72 72 83 134 142
-9999 -9999 -9999 -9999 -9999 -9999 -9999 -9999 -9999 -9999 -9999 -9999 -9999 -9999 -9999 -9999 -9999 -9999 -9999 -9999 -9999 -9999 -9999 -9999 511 500 476 465 454 449 446 435 437 432 424 419 412 410 403 407 403 400 396 398 395 397 404 401 396 382 370 349 336 331 318 304 319 294 280 230 286 237 192 256 272 259 196 99 90 86 86 90 81 72 65 64 69 96 151 103
-9999 -9999 -9999 -9999 -9999 -9999 -9999 -9999 -9999 -9999 -9999 -9999 -9999 -9999 -9999 -9999 -9999 -9999 -9999 -9999 -9999 -9999 -9999 511 503 492 481 463 433 418 412 415 412 411 397 396 388 389 392 386 390 384 388 381 390 373 382 352 353 375 342 328 322 315 292 302 309 290 288 216 201 169 228 253 247 210 171 90 82 76 73 71 65 62 62 60 63 72 86 85
-9999 -9999 -9999 -9999 -9999 -9999 -9999 -9999 -9999 -9999 -9999 -9999 -9999 -9999 -9999 -9999 -9999 -9999 -9999 -9999 -9999 -9999 502 473 470 435 421 423 439 401 397 392 386 384 381 372 369 372 372 368 366 366 359 355 360 357 341 339 362 327 321 314 305 287 285 302 289 271 270 200 151 167 261 239 193 131 121 83 76 71 69 63 61 60 60 60 62 64 70 73
-9999 -9999 -9999 -9999 -9999 -9999 -9999 -9999 -9999 -9999 -9999 -9999 -9999 -9999 -9999 -9999 -9999 -9999 -9999 -9999 -9999 510 485 445 416 407 402 392 405 383 376 370 367 363 360 357 361 356 350 355 350 348 347 344 334 333 343 340 326 315 308 303 282 276 300 262 286 269 229 172 131 169 236 181 117 94 84 76 71 66 69 61 60 60 60 61 63 63 93 69
-9999 -9999 -9999 -9999 -9999 -9999 -9999 -9999 -9999 -9999 -9999 -9999 -9999 -9999 -9999 -9999 -9999 -9999 -9999 525 483 481 454 426 402 390 393 384 367 365 366 352 351 351 336 344 345 347 342 341 335 330 329 323 320 315 313 307 304 301 285 275 259 282 271 237 261 252 212 162 117 160 217 136 93 82 76 71 66 63 61 60 60 59 60 61 63 62 78 71
-9999 -9999 -9999 -9999 -9999 -9999 -9999 -9999 -9999 -9999 -9999 -9999 -9999 -9999 -9999 -9999 -9999 558 532 485 438 416 425 385 372 372 376 356 354 350 340 338 334 341 317 340 355 335 328 328 307 303 314 308 296 277 303 291 297 278 272 244 275 267 220 245 266 225 247 141 107 148 180 118 81 75 71 67 65 62 60 60 59 58 60 61 61 61 93 69
-9999 -9999 -9999 -9999 -9999 -9999 -9999 -9999 -9999 -9999 -9999 -9999 -9999 -9999 -9999 -9999 -9999 547 503 430 399 382 390 367 356 356 352 352 343 328 333 319 309 310 306 305 335 302 301 295 304 300 279 269 242 274 287 273 271 272 237 231 267 235 204 264 226 245 225 131 99 114 101 79 74 70 67 64 63 61 59 58 56 58 58 70 94 65 113 79
-9999 -9999 -9999 -9999 -9999 -9999 -9999 -9999 -9999 -9999 -9999 -9999 -9999 -9999 -9999 580 566 549 534 514 486 448 383 351 346 337 344 337 319 320 305 320 289 325 289 318 310 315 295 290 286 285 280 246 223 275 282 275 253 228 198 244 230 232 187 210 199 231 221 133 97 86 80 75 70 65 72 62 61 61 60 59 57 56 62 93 142 87 108 70
-9999 -9999 -9999 -9999 -9999 -9999 -9999 -9999 -9999 -9999 -9999 -9999 -9999 -9999 -9999 580 538 409 438 385 421 389 341 336 331 334 334 309 306 311 324 289 302 319 311 333 278 306 276 275 265 250 232 194 220 261 267 257 235 187 198 237 199 233 197 151 181 199 161 119 90 80 73 71 63 65 124 92 60 60 59 58 56 56 63 73 128 105 65 69
-9999 -9999 -9999 -9999 -9999 -9999 -9999 -9999 -9999 -9999 -9999 -9999 -9999 578 566 487 533 488 409 342 354 407 330 326 344 321 307 295 294 294 311 292 312 347 298 256 266 297 290 262 277 252 187 167 187 252 237 211 188 156 195 182 196 222 183 154 136 145 190 128 82 73 72 65 75 93 173 91 58 59 57 56 56 66 61 72 81 67 66 71
-9999 -9999 -9999 -9999 -9999 -9999 -9999 -9999 -9999 -9999 -9999 -9999 596 518 496 474 456 477 343 337 348 382 324 323 346 336 295 289 305 328 331 299 273 331 274 227 276 286 261 266 266 234 166 147 163 175 165 145 140 151 168 191 210 214 167 149 118 127 159 112 72 72 64 62 62 87 144 107 59 57 56 69 65 99 78 66 77 73 67 72
-9999 -9999 -9999 -9999 -9999 -9999 -9999 -9999 -9999 -9999 -9999 617 544 421 496 397 338 481 325 322 404 314 302 311 334 309 299 332 307 320 300 259 250 260 243 197 201 236 278 249 223 230 158 129 193 165 121 133 194 205 208 196 199 163 159 180 134 119 121 86 69 64 61 60 59 58 88 111 57 60 65 96 87 142 114 95 132 99 68 72
-9999 -9999 -9999 -9999 -9999 -9999 -9999 -9999 -9999 -9999 -9999 612 490 425 354 341 326 473 323 382 321 302 308 319 297 277 268 264 271 278 318 304 253 233 241 271 220 159 220 282 225 156 126 129 187 135 105 128 144 146 165 167 168 134 124 164 119 102 117 72 65 62 61 88 73 56 61 61 55 59 83 61 76 97 77 78 130 80 68 72
-9999 -9999 -9999 -9999 -9999 -9999 -9999 -9999 -9999 -9999 591 539 358 341 332 321 321 339 455 358 297 311 289 292 254 294 310 280 263 295 295 266 244 279 247 267 229 142 181 231 169 112 109 163 170 126 90 102 172 167 176 182 139 107 111 129 117 168 127 77 64 79 70 89 85 59 54 57 55 60 65 56 61 60 68 93 107 66 68 71
-9999 -9999 -9999 -9999 -9999 -9999 -9999 -9999 503 469 501 406 337 321 313 311 321 307 433 297 279 298 275 265 251 323 273 224 266 295 253 215 258 225 227 262 236 152 121 119 117 100 115 97 108 126 78 87 147 154 138 120 103 110 118 124 174 166 162 103 72 83 128 100 84 59 57 57 55 55 55 56 56 58 69 87 66 65 67 69
-9999 -9999 -9999 -9999 -9999 -9999 512 478 401 353 409 320 331 356 310 315 286 293 375 280 283 277 265 228 243 286 251 212 280 300 251 187 234 209 203 238 252 224 119 106 96 90 92 80 77 74 70 84 147 155 121 87 87 109 115 142 121 149 168 113 108 119 161 93 81 66 64 58 57 57 59 56 57 58 65 61 63 64 66 68
