Electronic Materials (Flash Drives)/data/NZclimate/current/bio12nz.asc
ncols        384
nrows        384
xllcorner    163.999999999999
yllcorner    -49.000000000001
cellsize     0.041666666667
NODATA_value -9999
[rows 245 to 279 of 384, columns 78 to 155 of 384]
-9999 -9999 -9999 -9999 -9999 -9999 -9999 -9999 -9999 -9999 -9999 -9999 -9999 -9999 -9999 -9999 -9999 -9999 -9999 -9999 -9999 -9999 -9999 -9999 -9999 -9999 -9999 -9999 -9999 -9999 -9999 -9999 -9999 -9999 -9999 -9999 -9999 -9999 -9999 -9999 -9999 -9999 -9999 -9999 -9999 -9999 -9999 -9999 -9999 -9999 -9999 -9999 -9999 -9999 -9999 -9999 -9999 -9999 -9999 -9999 -9999 -9999 -9999 -9999 -9999 -9999 -9999 -9999 4308 4338 4275 4243 4256 4193 4078 3963 3826 3585
-9999 -9999 -9999 -9999 -9999 -9999 -9999 -9999 -9999 -9999 -9999 -9999 -9999 -9999 -9999 -9999 -9999 -9999 -9999 -9999 -9999 -9999 -9999 -9999 -9999 -9999 -9999 -9999 -9999 -9999 -9999 -9999 -9999 -9999 -9999 -9999 -9999 -9999 -9999 -9999 -9999 -9999 -9999 -9999 -9999 -9999 -9999 -9999 -9999 -9999 -9999 -9999 -9999 -9999 -9999 -9999 -9999 -9999 -9999 -9999 -9999 -9999 -9999 -9999 -9999 -9999 -9999 4358 4320 4349 4345 4262 4191 4176 4146 4030 3603 3579
-9999 -9999 -9999 -9999 -9999 -9999 -9999 -9999 -9999 -9999 -9999 -9999 -9999 -9999 -9999 -9999 -9999 -9999 -9999 -9999 -9999 -9999 -9999 -9999 -9999 -9999 -9999 -9999 -9999 -9999 -9999 -9999 -9999 -9999 -9999 -9999 -9999 -9999 -9999 -9999 -9999 -9999 -9999 -9999 -9999 -9999 -9999 -9999 -9999 -9999 -9999 -9999 -9999 -9999 -9999 -9999 -9999 -9999 -9999 -9999 -9999 -9999 -9999 -9999 -9999 -9999 4321 4321 4276 4309 4216 4130 3995 3963 3720 3617 3503 3369
-9999 -9999 -9999 -9999 -9999 -9999 -9999 -9999 -9999 -9999 -9999 -9999 -9999 -9999 -9999 -9999 -9999 -9999 -9999 -9999 -9999 -9999 -9999 -9999 -9999 -9999 -9999 -9999 -9999 -9999 -9999 -9999 -9999 -9999 -9999 -9999 -9999 -9999 -9999 -9999 -9999 -9999 -9999 -9999 -9999 -9999 -9999 -9999 -9999 -9999 -9999 -9999 -9999 -9999 -9999 -9999 -9999 -9999 -9999 -9999 -9999 -9999 -9999 -9999 4334 4365 4346 4377 4234 4135 4087 3989 3867 3774 3695 3445 3327 3136
-9999 -9999 -9999 -9999 -9999 -9999 -9999 -9999 -9999 -9999 -9999 -9999 -9999 -9999 -9999 -9999 -9999 -9999 -9999 -9999 -9999 -9999 -9999 -9999 -9999 -9999 -9999 -9999 -9999 -9999 -9999 -9999 -9999 -9999 -9999 -9999 -9999 -9999 -9999 -9999 -9999 -9999 -9999 -9999 -9999 -9999 -9999 -9999 -9999 -9999 -9999 -9999 -9999 -9999 -9999 -9999 -9999 -9999 -9999 -9999 -9999 4526 4506 4524 4449 4463 4402 4295 4231 4054 3960 3911 3796 3823 3699 3307 3159 3209
-9999 -9999 -9999 -9999 -9999 -9999 -9999 -9999 -9999 -9999 -9999 -9999 -9999 -9999 -9999 -9999 -9999 -9999 -9999 -9999 -9999 -9999 -9999 -9999 -9999 -9999 -9999 -9999 -9999 -9999 -9999 -9999 -9999 -9999 -9999 -9999 -9999 -9999 -9999 -9999 -9999 -9999 -9999 -9999 -9999 -9999 -9999 -9999 -9999 -9999 -9999 -9999 -9999 -9999 -9999 -9999 -9999 -9999 -9999 -9999 4556 4520 4518 4431 4363 4316 4250 4202 4216 4080 3901 3783 3659 3627 3588 3314 3226 3627
-9999 -9999 -9999 -9999 -9999 -9999 -9999 -9999 -9999 -9999 -9999 -9999 -9999 -9999 -9999 -9999 -9999 -9999 -9999 -9999 -9999 -9999 -9999 -9999 -9999 -9999 -9999 -9999 -9999 -9999 -9999 -9999 -9999 -9999 -9999 -9999 -9999 -9999 -9999 -9999 -9999 -9999 -9999 -9999 -9999 -9999 -9999 -9999 -9999 -9999 -9999 -9999 -9999 -9999 -9999 -9999 -9999 -9999 -9999 4521 4508 4407 4293 4245 4154 4116 4149 4247 4060 3923 3919 3957 3797 3990 3526 3587 3339 3071
-9999 -9999 -9999 -9999 -9999 -9999 -9999 -9999 -9999 -9999 -9999 -9999 -9999 -9999 -9999 -9999 -9999 -9999 -9999 -9999 -9999 -9999 -9999 -9999 -9999 -9999 -9999 -9999 -9999 -9999 -9999 -9999 -9999 -9999 -9999 -9999 -9999 -9999 -9999 -9999 -9999 -9999 -9999 -9999 -9999 -9999 -9999 -9999 -9999 -9999 -9999 -9999 -9999 -9999 -9999 -9999 -9999 -9999 4511 4475 4373 4298 4178 4394 4419 4244 4179 4056 3950 3915 4161 4028 3978 3755 3971 3499 3630 2648
-9999 -9999 -9999 -9999 -9999 -9999 -9999 -9999 -9999 -9999 -9999 -9999 -9999 -9999 -9999 -9999 -9999 -9999 -9999 -9999 -9999 -9999 -9999 -9999 -9999 -9999 -9999 -9999 -9999 -9999 -9999 -9999 -9999 -9999 -9999 -9999 -9999 -9999 -9999 -9999 -9999 -9999 -9999 -9999 -9999 -9999 -9999 -9999 -9999 -9999 -9999 -9999 -9999 -9999 -9999 -9999 4616 4593 4498 4432 4333 4144 4483 4380 4200 4300 4193 4006 3827 4305 4107 3472 3621 3861 3347 3344 3182 2458
-9999 -9999 -9999 -9999 -9999 -9999 -9999 -9999 -9999 -9999 -9999 -9999 -9999 -9999 -9999 -9999 -9999 -9999 -9999 -9999 -9999 -9999 -9999 -9999 -9999 -9999 -9999 -9999 -9999 -9999 -9999 -9999 -9999 -9999 -9999 -9999 -9999 -9999 -9999 -9999 -9999 -9999 -9999 -9999 -9999 -9999 -9999 -9999 -9999 -9999 -9999 -9999 5268 5235 4972 4866 4610 4559 4427 4593 4555 4268 4196 4173 4113 3961 3845 3730 3927 4200 3532 3394 3686 3078 3285 3610 3147 2232
-9999 -9999 -9999 -9999 -9999 -9999 -9999 -9999 -9999 -9999 -9999 -9999 -9999 -9999 -9999 -9999 -9999 -9999 -9999 -9999 -9999 -9999 -9999 -9999 -9999 -9999 -9999 -9999 -9999 -9999 -9999 -9999 -9999 -9999 -9999 -9999 -9999 -9999 -9999 -9999 -9999 -9999 -9999 -9999 -9999 -9999 -9999 -9999 -9999 -9999 5450 5484 5355 5289 5002 4819 4590 4689 4545 4438 4252 4136 4203 4078 3964 3919 3886 3619 3604 3562 3326 3150 3095 3334 3408 2904 3123 2047
-9999 -9999 -9999 -9999 -9999 -9999 -9999 -9999 -9999 -9999 -9999 -9999 -9999 -9999 -9999 -9999 -9999 -9999 -9999 -9999 -9999 -9999 -9999 -9999 -9999 -9999 -9999 -9999 -9999 -9999 -9999 -9999 -9999 -9999 -9999 -9999 -9999 -9999 -9999 -9999 -9999 -9999 -9999 -9999 -9999 -9999 -9999 5281 5376 5467 5451 5401 5325 5181 4985 4775 4611 4544 4337 4244 4231 4010 4049 3934 3806 3790 3931 3776 3496 3332 3157 3358 3364 3332 3185 2591 3073 2379
-9999 -9999 -9999 -9999 -9999 -9999 -9999 -9999 -9999 -9999 -9999 -9999 -9999 -9999 -9999 -9999 -9999 -9999 -9999 -9999 -9999 -9999 -9999 -9999 -9999 -9999 -9999 -9999 -9999 -9999 -9999 -9999 -9999 -9999 -9999 -9999 -9999 -9999 -9999 -9999 -9999 -9999 -9999 -9999 -9999 5118 5276 5355 5308 5336 5325 5247 5142 5008 4824 4524 4369 4339 4236 4078 3971 3927 3812 3781 3608 3673 3636 3385 3457 3004 2951 3232 2823 3173 3130 2391 2897 2808
-9999 -9999 -9999 -9999 -9999 -9999 -9999 -9999 -9999 -9999 -9999 -9999 -9999 -9999 -9999 -9999 -9999 -9999 -9999 -9999 -9999 -9999 -9999 -9999 -9999 -9999 -9999 -9999 -9999 -9999 -9999 -9999 -9999 -9999 -9999 -9999 -9999 -9999 -9999 -9999 -9999 -9999 -9999 -9999 4956 5038 5230 5288 5287 5203 5119 4929 4528 4760 4672 4457 4276 4158 3963 3934 3864 3761 3682 3573 3532 3543 3470 3462 2954 2618 3028 2827 2814 3163 2862 2173 2784 2471
-9999 -9999 -9999 -9999 -9999 -9999 -9999 -9999 -9999 -9999 -9999 -9999 -9999 -9999 -9999 -9999 -9999 -9999 -9999 -9999 -9999 -9999 -9999 -9999 -9999 -9999 -9999 -9999 -9999 -9999 -9999 -9999 -9999 -9999 -9999 -9999 -9999 -9999 -9999 -9999 -9999 -9999 -9999 4805 4845 4875 5024 5165 4922 4800 4867 4734 4579 4415 4420 4243 3996 3968 3882 3808 3700 3504 3480 3515 3408 3268 3323 3130 2534 2176 2614 2377 2952 2927 2465 1893 2226 2000
-9999 -9999 -9999 -9999 -9999 -9999 -9999 -9999 -9999 -9999 -9999 -9999 -9999 -9999 -9999 -9999 -9999 -9999 -9999 -9999 -9999 -9999 -9999 -9999 -9999 -9999 -9999 -9999 -9999 -9999 -9999 -9999 -9999 -9999 -9999 -9999 -9999 -9999 -9999 -9999 -9999 4615 4650 4687 4664 4766 4819 4691 4754 4633 4409 4228 4174 4036 4047 3954 3847 3768 3675 3507 3345 3537 3510 3307 3379 2948 3315 2930 2208 1770 1868 2265 2576 2704 2149 2099 1233 1090
-9999 -9999 -9999 -9999 -9999 -9999 -9999 -9999 -9999 -9999 -9999 -9999 -9999 -9999 -9999 -9999 -9999 -9999 -9999 -9999 -9999 -9999 -9999 -9999 -9999 -9999 -9999 -9999 -9999 -9999 -9999 -9999 -9999 -9999 -9999 -9999 -9999 -9999 -9999 4492 4501 4499 4488 4487 4552 4610 4678 4540 4423 4451 4120 4064 4114 3950 4059 3901 3744 3595 3395 3275 3439 3296 3107 3083 3103 2714 3372 3006 2050 1486 1509 1895 2041 1926 1682 1367 1100 923
-9999 -9999 -9999 -9999 -9999 -9999 -9999 -9999 -9999 -9999 -9999 -9999 -9999 -9999 -9999 -9999 -9999 -9999 -9999 -9999 -9999 -9999 -9999 -9999 -9999 -9999 -9999 -9999 -9999 -9999 -9999 -9999 -9999 -9999 -9999 -9999 -9999 4339 4364 4358 4322 4305 4376 4379 4347 4351 4402 4323 4371 4302 4194 4058 4080 3949 3784 3677 3551 3427 3292 3390 3335 3031 2874 3231 2542 2624 3192 2753 2024 1260 1146 1406 1555 1422 1279 1090 922 827
-9999 -9999 -9999 -9999 -9999 -9999 -9999 -9999 -9999 -9999 -9999 -9999 -9999 -9999 -9999 -9999 -9999 -9999 -9999 -9999 -9999 -9999 -9999 -9999 -9999 -9999 -9999 -9999 -9999 -9999 4644 4585 4545 4430 4353 4294 4258 4235 4204 4223 4209 4230 4197 4210 4156 4098 4151 4130 3979 4027 4006 3932 3769 3727 3592 3521 3441 3359 3393 3104 3179 2647 2935 3183 2070 2710 2951 2939 2079 1089 964 984 1097 1089 1010 966 799 761
-9999 -9999 -9999 -9999 -9999 -9999 -9999 -9999 -9999 -9999 -9999 -9999 -9999 -9999 -9999 -9999 -9999 -9999 -9999 -9999 -9999 -9999 -9999 -9999 -9999 -9999 4917 4836 4668 4575 4487 4427 4370 4299 4242 4183 4124 4070 4040 4071 4060 4036 4034 3998 3940 3985 3952 3963 4019 3986 3924 3797 3690 3511 3405 3388 3231 3077 3301 3003 2855 2291 2955 2412 1922 2648 2837 2694 2005 965 868 831 852 911 835 752 684 667
-9999 -9999 -9999 -9999 -9999 -9999 -9999 -9999 -9999 -9999 -9999 -9999 -9999 -9999 -9999 -9999 -9999 -9999 -9999 -9999 -9999 -9999 -9999 -9999 -9999 4909 4840 4734 4626 4492 4302 4173 4103 4105 4053 3993 3943 3933 3862 3888 3905 3864 3872 3850 3845 3786 3868 3741 3805 3552 3548 3721 3520 3349 3298 3233 2915 3097 3213 2981 2979 2164 2015 1671 2336 2619 2571 2158 1744 879 801 749 721 717 666 648 644 641
-9999 -9999 -9999 -9999 -9999 -9999 -9999 -9999 -9999 -9999 -9999 -9999 -9999 -9999 -9999 -9999 -9999 -9999 -9999 -9999 -9999 -9999 -9999 -9999 4855 4637 4592 4337 4218 4204 4253 4000 3956 3902 3840 3798 3834 3703 3648 3736 3720 3698 3680 3658 3616 3582 3595 3568 3455 3407 3586 3332 3278 3201 3095 2852 2880 3127 2984 2789 2782 2002 1486 1662 2724 2480 1979 1304 1206 808 747 700 692 638 624 624 632 638
-9999 -9999 -9999 -9999 -9999 -9999 -9999 -9999 -9999 -9999 -9999 -9999 -9999 -9999 -9999 -9999 -9999 -9999 -9999 -9999 -9999 -9999 -9999 4911 4722 4410 4175 4078 4015 3923 4001 3812 3744 3692 3658 3601 3594 3562 3634 3564 3486 3610 3511 3532 3495 3456 3369 3331 3382 3351 3277 3186 3121 3109 2824 2772 3119 2667 2967 2780 2326 1715 1283 1701 2452 1853 1161 927 829 750 702 658 694 619 614 618 629 642
-9999 -9999 -9999 -9999 -9999 -9999 -9999 -9999 -9999 -9999 -9999 -9999 -9999 -9999 -9999 -9999 -9999 -9999 -9999 -9999 -9999 5054 4718 4692 4468 4235 4031 3897 3929 3838 3666 3673 3699 3496 3478 3512 3328 3444 3477 3523 3462 3465 3376 3318 3320 3212 3186 3102 3087 3098 3096 3082 2889 2758 2573 2903 2785 2398 2692 2595 2152 1628 1149 1615 2248 1377 917 808 752 704 661 630 613 609 614 616 625 644
-9999 -9999 -9999 -9999 -9999 -9999 -9999 -9999 -9999 -9999 -9999 -9999 -9999 -9999 -9999 -9999 -9999 -9999 -9999 5341 5122 4737 4351 4168 4212 3855 3724 3717 3757 3563 3558 3516 3377 3364 3323 3447 3133 3458 3671 3404 3321 3323 3042 3011 3170 3109 2951 2697 3083 2963 3047 2812 2756 2409 2824 2744 2211 2518 2768 2309 2564 1416 1057 1500 1857 1186 806 752 713 676 654 628 608 620 610 609 623 635
-9999 -9999 -9999 -9999 -9999 -9999 -9999 -9999 -9999 -9999 -9999 -9999 -9999 -9999 -9999 -9999 -9999 -9999 -9999 5259 4886 4282 4010 3830 3916 3673 3581 3566 3548 3571 3463 3260 3287 3167 3060 3080 3047 3037 3445 3007 3015 2946 3066 3033 2767 2640 2341 2735 2933 2760 2742 2788 2368 2307 2758 2394 2046 2746 2329 2548 2332 1314 985 1153 1021 794 746 705 676 653 636 627 611 604 584 617 602 748
-9999 -9999 -9999 -9999 -9999 -9999 -9999 -9999 -9999 -9999 -9999 -9999 -9999 -9999 -9999 -9999 -9999 5538 5418 5254 5111 4936 4684 4361 3842 3513 3497 3374 3492 3421 3179 3177 3028 3235 2851 3310 2869 3239 3154 3228 2985 2921 2877 2874 2821 2418 2169 2796 2894 2822 2560 2275 1955 2490 2344 2379 1885 2149 2036 2402 2304 1342 976 864 806 753 711 666 734 641 618 616 604 595 580 576 666 996
-9999 -9999 -9999 -9999 -9999 -9999 -9999 -9999 -9999 -9999 -9999 -9999 -9999 -9999 -9999 -9999 -9999 5536 5182 4098 4318 3885 4152 3879 3450 3366 3339 3394 3398 3082 3047 3129 3305 2885 3050 3276 3177 3468 2789 3140 2782 2780 2663 2489 2296 1866 2170 2657 2738 2627 2381 1847 1981 2432 2011 2408 2009 1517 1851 2056 1650 1204 910 813 747 726 649 669 1300 956 597 596 585 578 581 573 673 791
-9999 -9999 -9999 -9999 -9999 -9999 -9999 -9999 -9999 -9999 -9999 -9999 -9999 -9999 -9999 5547 5437 4756 5125 4734 4067 3447 3553 3989 3322 3302 3549 3258 3087 2938 2954 2955 3177 2952 3210 3650 3055 2555 2672 3053 2969 2650 2830 2543 1809 1599 1830 2577 2409 2114 1868 1545 1965 1832 1997 2300 1869 1567 1373 1475 1975 1311 834 752 740 665 778 975 1835 959 576 575 560 567 576 707 636 784
-9999 -9999 -9999 -9999 -9999 -9999 -9999 -9999 -9999 -9999 -9999 -9999 -9999 -9999 5706 5031 4831 4633 4465 4633 3459 3407 3511 3765 3295 3293 3601 3478 2968 2902 3110 3401 3452 3070 2762 3468 2783 2250 2814 2946 2656 2723 2722 2360 1613 1411 1597 1734 1635 1431 1383 1502 1689 1949 2165 2224 1711 1519 1201 1305 1649 1152 733 729 636 604 615 913 1526 1130 597 550 561 734 690 1068 844 706
-9999 -9999 -9999 -9999 -9999 -9999 -9999 -9999 -9999 -9999 -9999 -9999 -9999 5886 5256 4182 4822 3966 3408 4646 3277 3242 3937 3170 3031 3167 3467 3163 3047 3461 3162 3327 3085 2610 2512 2634 2443 1935 1983 2385 2871 2542 2256 2337 1555 1253 1938 1644 1199 1330 1975 2097 2150 2016 2053 1671 1630 1862 1379 1221 1247 890 683 620 588 571 561 556 934 1174 556 602 674 1027 934 1532 1236 1028
-9999 -9999 -9999 -9999 -9999 -9999 -9999 -9999 -9999 -9999 -9999 -9999 -9999 5839 4779 4209 3566 3452 3309 4568 3251 3759 3232 3059 3148 3304 3027 2794 2691 2652 2754 2840 3332 3166 2562 2344 2448 2787 2215 1550 2226 2938 2289 1541 1231 1263 1889 1346 1044 1285 1456 1474 1688 1711 1733 1366 1272 1703 1225 1057 1221 717 628 579 573 930 744 531 603 608 528 590 891 621 814 1050 832 833
-9999 -9999 -9999 -9999 -9999 -9999 -9999 -9999 -9999 -9999 -9999 -9999 5654 5195 3624 3495 3364 3272 3288 3432 4376 3547 3021 3210 2942 2982 2526 3031 3225 2872 2673 3062 3064 2732 2474 2894 2525 2754 2333 1385 1810 2370 1697 1091 1069 1643 1714 1264 910 1031 1762 1711 1817 1889 1428 1100 1139 1328 1211 1763 1329 782 616 818 697 938 906 566 504 546 510 592 669 534 617 602 712 1017
-9999 -9999 -9999 -9999 -9999 -9999 -9999 -9999 -9999 -9999 4879 4586 4855 4035 3421 3257 3175 3143 3323 3126 4174 2990 2809 3073 2789 2681 2517 3394 2795 2229 2725 3074 2585 2158 2652 2278 2312 2712 2417 1503 1182 1161 1155 982 1141 967 1091 1276 799 892 1507 1584 1416 1229 1055 1131 1219 1285 1831 1754 1706 1081 725 868 1353 1059 894 564 539 540 503 513 510 518 537 564 730 935
-9999 -9999 -9999 -9999 -9999 -9999 -9999 -9999 4942 4658 3987 3574 4059 3241 3328 3556 3123 3169 2881 2980 3663 2809 2893 2835 2696 2252 2445 2964 2564 2114 2905 3159 2581 1859 2387 2116 2056 2452 2616 2307 1175 1040 939 886 915 799 776 757 723 865 1513 1597 1244 896 895 1131 1190 1481 1269 1576 1780 1190 1143 1261 1724 988 845 652 632 555 547 547 571 523 518 549 661 572
