Electronic Materials (Flash Drives)/data/NZclimate/current/bio13nz.asc
ncols        384
nrows        384
xllcorner    163.999999999999
yllcorner    -49.000000000001
cellsize     0.041666666667
NODATA_value -9999
[rows 105 to 139 of 384, columns 240 to 319 of 384]
-9999 -9999 -9999 -9999 -9999 -9999 -9999 -9999 -9999 -9999 -9999 -9999 -9999 -9999 -9999 -9999 140 152 173 165 159 149 142 141 132 125 122 117 117 124 128 145 186 180 132 118 120 124 129 138 159 246 229 230 224 241 216 -9999 -9999 -9999 -9999 -9999 -9999 -9999 -9999 -9999 -9999 -9999 -9999 -9999 -9999 -9999 -9999 -9999 -9999 -9999 -9999 -9999 -9999 -9999 -9999 -9999 -9999 -9999 -9999 -9999 -9999 -9999 -9999 -9999
-9999 -9999 -9999 -9999 -9999 -9999 -9999 -9999 -9999 -9999 -9999 -9999 -9999 -9999 -9999 -9999 146 154 166 163 160 153 152 137 131 125 119 117 117 125 141 140 163 195 185 132 118 121 127 145 189 233 211 225 227 228 193 182 -9999 -9999 -9999 -9999 -9999 -9999 -9999 -9999 -9999 -9999 -9999 -9999 -9999 -9999 -9999 -9999 -9999 -9999 -9999 -9999 -9999 -9999 -9999 -9999 -9999 -9999 -9999 -9999 -9999 -9999 -9999 -9999
-9999 -9999 -9999 -9999 -9999 -9999 -9999 -9999 -9999 -9999 -9999 -9999 -9999 -9999 -9999 -9999 -9999 153 151 150 159 152 149 139 132 126 124 121 121 121 127 133 192 160 151 138 116 118 123 131 161 251 251 286 256 232 184 179 182 -9999 -9999 -9999 -9999 -9999 -9999 -9999 -9999 -9999 -9999 -9999 -9999 -9999 -9999 -9999 -9999 -9999 -9999 -9999 -9999 -9999 -9999 -9999 -9999 -9999 -9999 -9999 -9999 -9999 -9999 -9999
-9999 -9999 -9999 -9999 -9999 -9999 -9999 -9999 -9999 -9999 -9999 -9999 -9999 -9999 -9999 -9999 -9999 145 148 161 164 158 148 141 139 132 130 127 127 134 124 121 126 122 124 128 114 115 119 127 144 254 297 290 253 202 181 175 176 173 -9999 -9999 -9999 -9999 -9999 -9999 -9999 -9999 -9999 -9999 -9999 -9999 -9999 -9999 -9999 -9999 -9999 -9999 -9999 -9999 -9999 -9999 -9999 -9999 -9999 158 174 -9999 -9999 -9999
-9999 -9999 -9999 -9999 -9999 -9999 -9999 -9999 -9999 -9999 -9999 -9999 -9999 -9999 -9999 -9999 -9999 -9999 156 164 163 161 147 152 159 142 133 133 139 131 124 122 121 121 140 134 113 113 116 127 142 179 215 297 249 187 173 170 170 168 167 -9999 -9999 -9999 -9999 -9999 -9999 -9999 -9999 -9999 -9999 -9999 -9999 -9999 -9999 -9999 -9999 -9999 -9999 -9999 -9999 -9999 -9999 -9999 -9999 -9999 -9999 -9999 -9999 -9999
-9999 -9999 -9999 -9999 -9999 -9999 -9999 -9999 -9999 -9999 -9999 -9999 -9999 -9999 -9999 -9999 -9999 -9999 157 155 161 159 157 168 171 152 147 151 140 130 126 123 121 120 123 120 114 112 115 126 140 154 164 217 246 189 172 167 165 164 160 155 -9999 -9999 -9999 -9999 -9999 156 164 -9999 -9999 -9999 -9999 -9999 -9999 -9999 -9999 -9999 -9999 -9999 -9999 -9999 -9999 -9999 -9999 -9999 -9999 -9999 -9999 -9999
-9999 -9999 -9999 -9999 -9999 -9999 -9999 -9999 -9999 -9999 -9999 -9999 -9999 -9999 -9999 -9999 -9999 -9999 -9999 155 154 157 165 165 163 166 164 153 136 132 128 124 122 121 119 119 119 116 119 125 136 149 159 191 267 212 182 170 164 158 154 149 147 145 -9999 -9999 -9999 159 163 -9999 -9999 -9999 -9999 -9999 -9999 -9999 -9999 -9999 -9999 -9999 -9999 -9999 -9999 -9999 -9999 -9999 -9999 -9999 -9999 -9999
-9999 -9999 -9999 -9999 -9999 -9999 -9999 -9999 -9999 -9999 -9999 -9999 -9999 -9999 -9999 -9999 -9999 -9999 -9999 159 155 156 163 161 169 178 164 143 138 133 129 125 123 121 120 120 127 122 127 130 135 145 153 159 246 250 217 196 177 163 154 150 144 145 149 152 -9999 -9999 -9999 -9999 -9999 -9999 -9999 -9999 -9999 -9999 -9999 -9999 -9999 -9999 -9999 -9999 -9999 -9999 -9999 -9999 -9999 -9999 -9999 -9999
-9999 -9999 -9999 -9999 -9999 -9999 -9999 -9999 -9999 -9999 -9999 -9999 -9999 -9999 -9999 -9999 -9999 -9999 -9999 157 156 162 155 156 173 182 153 141 138 134 130 125 123 122 121 136 132 128 130 133 138 142 148 154 173 252 244 223 206 186 157 152 155 162 169 152 152 151 -9999 147 -9999 -9999 -9999 -9999 -9999 -9999 -9999 -9999 -9999 -9999 -9999 -9999 -9999 -9999 -9999 -9999 -9999 -9999 -9999 -9999
-9999 -9999 -9999 -9999 -9999 -9999 -9999 -9999 -9999 -9999 -9999 -9999 -9999 -9999 -9999 -9999 -9999 -9999 -9999 -9999 163 154 148 158 192 184 148 142 138 135 130 126 124 122 122 130 148 150 137 137 140 140 142 148 154 243 248 233 207 167 168 170 200 208 188 154 151 149 147 148 144 -9999 -9999 -9999 -9999 -9999 -9999 -9999 -9999 -9999 -9999 -9999 -9999 -9999 -9999 -9999 -9999 -9999 -9999 -9999
-9999 -9999 -9999 -9999 -9999 -9999 -9999 -9999 -9999 -9999 -9999 -9999 -9999 -9999 -9999 -9999 -9999 -9999 151 163 156 157 155 157 179 183 159 143 140 137 132 127 124 123 123 135 161 163 178 151 145 139 138 143 154 229 247 207 200 192 193 202 225 239 197 175 160 150 145 143 144 143 143 -9999 -9999 -9999 -9999 -9999 -9999 -9999 -9999 -9999 -9999 -9999 -9999 -9999 -9999 -9999 -9999 -9999
-9999 -9999 -9999 -9999 -9999 -9999 -9999 -9999 -9999 -9999 -9999 -9999 -9999 -9999 -9999 -9999 -9999 -9999 221 231 182 175 182 191 164 183 181 146 142 140 135 129 125 125 124 124 144 152 168 175 149 136 138 140 146 189 240 209 203 209 217 225 230 220 214 194 171 154 150 151 151 154 146 143 142 137 -9999 -9999 -9999 -9999 -9999 139 -9999 -9999 -9999 -9999 -9999 -9999 -9999 -9999
-9999 -9999 -9999 -9999 -9999 -9999 -9999 -9999 -9999 -9999 -9999 -9999 -9999 -9999 -9999 -9999 -9999 -9999 180 192 186 204 215 241 182 182 169 150 145 141 138 132 128 127 125 125 125 134 150 147 140 136 138 142 145 165 226 227 220 225 228 233 239 237 224 201 172 167 166 167 165 163 163 155 166 177 140 136 135 135 -9999 -9999 -9999 -9999 -9999 -9999 -9999 -9999 -9999 -9999
-9999 -9999 -9999 -9999 -9999 -9999 -9999 -9999 -9999 -9999 -9999 -9999 -9999 -9999 -9999 -9999 -9999 -9999 167 170 169 193 199 224 211 220 195 166 148 145 139 135 133 130 127 128 140 129 135 142 143 143 139 141 146 168 226 222 227 230 239 235 232 227 218 201 188 192 191 181 188 179 171 175 201 161 141 138 136 137 140 144 149 -9999 -9999 -9999 -9999 -9999 -9999 -9999
-9999 -9999 -9999 -9999 -9999 -9999 -9999 -9999 -9999 -9999 -9999 -9999 -9999 -9999 -9999 -9999 -9999 -9999 178 167 157 177 215 242 245 274 283 227 156 147 144 139 135 132 128 130 153 146 149 140 146 152 143 142 150 167 201 227 231 232 233 228 224 217 212 210 202 210 211 210 222 221 218 229 216 160 146 144 142 142 145 150 163 152 151 150 152 147 144 146
-9999 -9999 -9999 -9999 -9999 -9999 -9999 -9999 -9999 -9999 -9999 -9999 -9999 -9999 -9999 -9999 -9999 -9999 158 168 168 198 216 209 241 278 272 231 169 149 144 141 138 134 133 156 174 227 192 146 147 157 148 147 154 165 185 211 224 226 225 221 210 206 206 205 202 207 217 231 233 239 239 230 182 156 152 151 151 160 158 155 176 160 157 154 151 152 145 146
-9999 -9999 -9999 -9999 -9999 -9999 -9999 -9999 -9999 -9999 -9999 -9999 -9999 -9999 -9999 -9999 -9999 -9999 163 167 161 163 174 201 237 250 230 185 156 157 153 143 137 136 137 148 171 179 161 146 148 151 153 155 160 169 187 206 213 217 214 199 183 176 177 180 194 212 217 229 240 235 229 191 166 164 157 154 166 171 163 160 169 173 172 162 161 169 151 149
-9999 -9999 -9999 -9999 -9999 -9999 -9999 -9999 -9999 -9999 -9999 -9999 -9999 -9999 -9999 -9999 165 206 163 160 163 170 175 209 232 228 207 181 163 156 147 145 144 135 135 143 152 152 150 152 152 156 159 161 162 166 176 195 206 210 208 184 199 168 165 168 200 221 220 240 228 220 218 182 164 180 167 161 174 163 162 163 169 173 173 166 171 198 165 175
-9999 -9999 -9999 -9999 -9999 -9999 -9999 -9999 -9999 -9999 -9999 -9999 -9999 -9999 -9999 -9999 180 184 188 172 184 215 203 231 243 215 191 188 165 153 150 151 148 140 145 149 147 152 156 152 160 160 162 161 161 166 169 173 196 208 212 189 175 159 160 176 196 186 218 244 193 175 165 160 169 180 179 167 184 167 162 164 173 173 170 172 180 210 182 198
-9999 -9999 -9999 -9999 -9999 -9999 -9999 -9999 -9999 -9999 -9999 -9999 -9999 -9999 -9999 -9999 161 182 203 233 212 234 223 254 259 225 213 203 159 152 148 148 144 152 151 153 150 158 163 165 160 165 164 164 162 165 172 181 195 210 216 199 179 165 163 191 183 167 170 185 192 178 171 170 185 186 175 162 179 181 176 167 179 179 173 196 195 234 187 189
-9999 -9999 -9999 -9999 -9999 -9999 -9999 -9999 -9999 -9999 -9999 -9999 -9999 -9999 -9999 -9999 -9999 201 218 234 240 250 248 263 253 223 198 172 157 149 148 147 161 154 161 168 173 168 184 177 162 169 170 167 161 161 163 174 187 198 190 187 162 155 162 169 183 166 160 204 239 202 182 180 188 181 165 153 166 196 210 180 189 202 180 208 196 220 196 186
-9999 -9999 -9999 -9999 -9999 -9999 -9999 -9999 -9999 -9999 -9999 -9999 -9999 -9999 -9999 -9999 -9999 210 192 208 224 237 242 243 242 208 187 168 160 162 160 180 163 159 175 187 186 184 186 170 156 164 170 171 161 160 162 166 173 176 162 164 145 147 157 178 173 157 152 161 176 176 175 176 175 165 153 149 175 198 207 191 178 196 176 209 211 237 202 189
-9999 -9999 -9999 -9999 -9999 -9999 -9999 -9999 -9999 -9999 -9999 -9999 -9999 -9999 -9999 -9999 166 196 227 243 250 247 247 247 240 215 188 171 175 176 181 192 163 179 216 211 208 199 179 165 151 154 161 160 154 157 168 153 145 148 145 140 137 135 140 152 161 150 149 155 158 161 160 164 161 149 138 146 187 199 204 172 167 179 183 188 197 246 225 189
-9999 -9999 -9999 -9999 -9999 -9999 -9999 -9999 -9999 -9999 -9999 -9999 -9999 -9999 -9999 169 233 205 254 269 255 252 250 250 237 212 177 184 176 187 188 183 173 202 239 247 234 207 176 158 152 150 144 138 147 174 163 137 133 131 143 139 129 140 153 148 137 136 148 156 159 155 155 154 148 134 128 134 210 207 196 171 168 188 194 205 215 258 217 207
-9999 -9999 -9999 -9999 -9999 -9999 -9999 -9999 -9999 -9999 -9999 -9999 -9999 -9999 -9999 189 238 237 279 274 258 253 247 244 229 211 195 185 185 179 177 175 181 197 216 223 233 206 178 160 150 143 137 146 170 171 135 132 129 129 133 132 136 163 163 127 123 128 143 149 155 154 148 147 134 128 126 129 199 211 188 171 167 194 194 202 247 247 213 218
-9999 -9999 -9999 -9999 -9999 -9999 -9999 -9999 -9999 -9999 -9999 -9999 -9999 -9999 -9999 207 233 262 280 272 258 249 239 233 215 192 191 184 183 181 178 175 189 188 198 198 206 202 188 169 151 141 138 138 148 138 132 131 155 138 139 129 144 147 129 120 119 126 141 148 153 151 141 135 131 128 131 193 182 200 168 182 174 206 192 216 248 229 222 225
-9999 -9999 -9999 -9999 -9999 -9999 -9999 -9999 -9999 -9999 -9999 -9999 -9999 -9999 -9999 198 216 251 285 260 252 244 225 220 194 191 190 181 177 174 174 174 177 176 181 186 199 197 194 179 160 151 147 148 163 153 144 140 167 159 154 125 128 130 120 116 117 123 135 146 149 144 138 136 131 132 148 226 185 205 183 181 189 201 220 217 258 257 240 241
-9999 -9999 -9999 -9999 -9999 -9999 -9999 -9999 -9999 -9999 -9999 -9999 -9999 -9999 -9999 202 241 267 292 249 238 221 218 210 187 188 181 187 189 183 182 172 168 190 179 181 193 199 215 213 215 171 151 153 159 159 146 147 161 152 135 127 118 117 119 116 118 127 138 144 141 139 141 137 142 141 157 191 194 192 180 176 213 210 208 221 277 284 276 255
-9999 -9999 -9999 -9999 -9999 -9999 -9999 -9999 -9999 -9999 -9999 -9999 -9999 -9999 -9999 197 238 253 278 242 205 189 187 184 176 178 173 172 182 184 180 173 178 172 166 187 192 204 249 246 194 165 155 156 171 178 157 156 150 146 133 124 122 119 119 118 124 139 153 144 137 137 139 141 153 154 154 194 218 213 205 184 213 220 213 258 269 264 255 241
-9999 -9999 -9999 -9999 -9999 -9999 -9999 -9999 -9999 -9999 -9999 -9999 -9999 -9999 162 208 218 233 202 199 198 173 172 178 171 171 187 168 170 184 177 159 147 149 159 171 181 221 253 230 189 161 155 159 165 158 162 157 144 132 127 124 121 120 117 121 138 152 156 145 140 142 140 160 153 150 151 188 192 206 187 195 234 251 271 291 268 242 238 239
-9999 -9999 -9999 -9999 -9999 -9999 -9999 -9999 -9999 -9999 -9999 -9999 -9999 -9999 160 187 202 213 220 244 235 175 186 177 191 197 191 184 186 192 167 148 148 155 168 170 212 259 261 221 183 166 152 149 146 141 136 150 144 131 125 128 122 122 125 140 147 153 152 147 146 147 154 167 155 148 174 193 207 198 188 207 252 262 291 278 250 241 236 195
-9999 -9999 -9999 -9999 -9999 -9999 -9999 -9999 -9999 -9999 -9999 -9999 -9999 -9999 160 182 177 177 197 191 211 192 211 209 206 181 186 176 174 165 157 156 158 175 182 204 225 242 201 178 165 160 142 131 126 127 138 132 132 122 126 151 132 131 139 154 154 149 149 152 154 161 174 170 156 183 217 222 224 205 236 260 262 236 275 274 274 252 233 199
-9999 -9999 -9999 -9999 -9999 -9999 -9999 -9999 -9999 -9999 -9999 -9999 -9999 -9999 163 178 190 201 212 217 201 211 219 206 194 175 170 168 162 162 154 152 146 171 215 242 265 225 202 182 169 150 130 127 124 123 122 124 124 120 129 140 144 143 155 155 152 150 152 159 168 178 195 175 171 214 213 210 193 214 251 249 234 219 237 251 239 237 228 198
-9999 -9999 -9999 -9999 -9999 -9999 -9999 -9999 -9999 -9999 -9999 -9999 -9999 -9999 176 191 189 197 215 240 247 241 225 192 184 165 163 161 173 156 159 158 149 171 235 250 240 254 238 202 165 142 129 128 125 124 123 123 122 121 129 136 149 158 157 154 155 155 159 165 181 189 204 184 199 222 204 226 205 236 220 222 207 209 206 219 236 209 177 181
-9999 -9999 -9999 -9999 -9999 -9999 -9999 -9999 -9999 -9999 -9999 -9999 -9999 159 170 181 188 208 234 251 251 236 211 189 172 176 194 189 179 150 156 146 140 166 168 180 217 262 259 218 169 157 154 142 126 125 125 124 124 131 132 139 153 165 165 157 159 162 164 175 188 196 211 209 221 236 239 238 178 218 207 220 229 239 209 182 186 179 171 168
