Electronic Materials (Flash Drives)/data/NZclimate/current/bio12nz.asc
ncols        384
nrows        384
xllcorner    163.999999999999
yllcorner    -49.000000000001
cellsize     0.041666666667
NODATA_value -9999
[rows 280 to 314 of 384, columns 78 to 155 of 384]
-9999 -9999 -9999 -9999 -9999 -9999 -9999 4588 4194 4108 3576 3357 3241 3275 3543 3777 3327 3111 2826 2926 3180 2761 2820 2900 2423 2111 2058 2523 2294 1984 2824 2941 2531 2205 1726 1641 1837 2209 2010 2449 1549 936 1144 1379 774 723 695 684 685 768 1252 1076 849 775 776 779 898 1087 1038 1719 1823 1316 1281 996 1520 1503 1260 904 754 576 746 861 1013 827 564 523 553 549
-9999 -9999 -9999 -9999 -9999 -9999 3915 4080 3760 3391 3215 3115 3506 3752 4005 3073 2840 2899 2867 2870 2689 2671 2749 2489 2398 1971 1848 1850 1816 2123 2809 2505 2164 2073 1661 1298 1895 2511 2170 1473 1234 1364 1693 1582 983 671 692 662 635 638 864 1082 1012 957 749 775 764 756 1090 1277 1976 1371 901 771 996 1782 1409 1166 900 684 624 851 1462 1293 674 538 537 533
-9999 -9999 -9999 -9999 3746 3592 3636 3189 3616 3605 3093 2951 3363 2946 2918 3105 2913 2855 2737 2757 2624 2472 2558 2682 2699 1970 1889 1578 1695 2368 2589 2519 2665 2149 1790 1392 2014 2324 1992 1365 1589 1967 1580 892 815 1402 1232 912 761 617 649 971 802 658 604 706 746 810 895 952 1402 1251 955 692 737 1538 1389 1129 826 1049 788 695 1121 1463 817 575 538 527
-9999 -9999 3684 3588 3448 3213 3561 3196 3283 3082 2964 2923 2903 2874 2775 2761 2729 2828 2709 2548 2302 2297 2407 2247 2822 2130 1615 1517 1893 2442 2449 2052 2143 1732 1377 1334 1965 1892 1550 1387 1761 1210 941 740 1282 1725 1690 1547 1431 765 569 583 577 589 608 693 895 1291 1194 1108 780 985 741 639 630 1107 1344 1055 1074 1199 1055 911 988 1396 1010 732 597 534
3610 3456 3504 3180 3273 3220 3264 2986 3010 3027 2864 2851 2795 2822 2774 2633 2566 2607 2674 2538 2239 2154 2438 1988 2215 2474 1549 1437 1783 2148 2448 1829 1683 1391 1235 1816 1899 1326 1768 1454 2107 1392 775 1122 1828 1957 2177 1706 999 602 544 550 550 590 868 1046 1383 1398 1513 1049 625 639 612 600 600 792 1301 1265 1238 1170 1062 814 797 1067 1171 1081 692 638
3347 3146 3146 3213 2980 2952 3014 3016 2896 2784 2758 2637 2622 2707 2619 2563 2430 2475 2337 2140 2180 2112 2423 2272 1783 1866 1505 1377 1716 2486 1856 1628 1538 1352 1155 1459 1490 1378 1216 1310 1646 1120 1216 1583 1914 2152 1793 858 555 528 533 535 560 700 1106 1247 1000 1225 916 645 556 582 553 601 688 638 844 1266 1217 1067 992 913 939 1047 1045 784 775 702
3081 3079 3043 3148 2961 2868 2769 2724 2733 2651 2631 2647 2542 2453 2464 2401 2339 2385 2072 2260 2320 2411 1947 2119 1922 1602 1414 1325 1469 1963 1775 1700 1255 1118 1318 1303 1058 913 931 1562 1574 1278 1517 1401 1782 1671 813 542 521 565 610 665 741 772 972 1030 797 739 598 539 521 529 538 590 595 631 693 886 1115 1116 1038 878 896 913 757 653 618 649
2978 2922 2869 2913 2889 2787 2701 2662 2648 2511 2448 2535 2495 2328 2264 2300 2100 2252 1941 2362 2104 2452 2156 1702 1716 2307 1637 1271 1232 1480 1801 1424 1261 1338 987 839 785 758 754 1020 1406 1480 1158 1018 1400 1020 548 518 545 736 993 1215 1215 978 859 763 574 525 508 499 493 569 641 556 546 561 595 668 680 658 596 562 582 660 888 761 707 620
2878 2812 2773 2715 2660 2592 2535 2501 2550 2448 2467 2248 2413 2226 2061 2004 2073 2189 1893 2035 2264 2407 2101 1803 1810 2219 1950 1228 1176 1871 1731 1140 1532 1134 940 834 871 1097 1090 935 735 804 751 769 759 720 523 517 658 1072 1472 1600 1280 834 597 526 504 496 486 479 515 619 504 533 612 545 536 562 559 544 529 514 523 647 1008 883 779 688
2800 2782 2664 2633 2664 2598 2511 2354 2545 2357 2201 2087 2170 2024 1868 1896 2174 1821 1793 2037 2178 2132 2236 1512 1961 1978 1697 1177 1107 1304 1095 993 924 864 820 798 995 2272 2063 1468 1116 939 672 932 738 527 506 562 830 1180 1470 1001 667 527 511 496 479 470 482 496 487 475 543 710 548 487 485 490 491 486 497 475 492 552 846 1050 887 712
2665 2669 2592 2565 2450 2417 2413 2237 2194 2341 2286 2068 1816 1693 1630 1607 1690 1620 2110 2112 1971 1941 2011 1444 1729 1906 1419 1154 1055 1015 969 1008 1206 1656 848 768 1155 2024 2056 1575 1202 901 966 1023 841 548 534 699 637 584 752 582 512 495 496 483 458 481 501 471 473 527 722 602 485 449 443 449 444 446 458 458 476 527 621 948 816 839
2679 2543 2493 2575 2460 2225 2139 2079 1954 1899 1968 2026 1769 1493 1437 1435 1444 1551 1829 1918 2149 1571 1603 1976 1510 1797 1284 1388 1344 1347 1542 1566 1699 1385 1070 761 1155 1956 2121 1715 1286 929 1098 1226 1066 626 569 762 875 506 512 486 480 469 460 489 534 522 470 469 500 672 743 565 454 434 423 421 414 420 431 443 462 509 579 735 945 833
2580 2433 2591 2462 2360 2343 2330 2240 2074 1778 1629 1540 1436 1345 1310 1317 1334 1462 1788 1629 2002 1428 1767 1849 1768 1231 1349 1639 1742 1593 1723 1399 1249 1008 914 756 1274 1985 1952 1774 1159 801 914 1272 1067 800 691 614 612 462 441 449 446 437 452 498 572 483 472 492 596 765 748 597 452 428 418 408 402 407 422 433 456 507 613 631 729 939
2584 2488 2437 2236 2384 2387 2306 2304 2272 2048 1566 1437 1355 1277 1248 1243 1347 1418 1756 1440 1916 1695 1499 1602 1510 1209 1338 1895 1623 1372 1221 1385 1284 1609 1326 762 1144 1622 1990 1633 958 965 1191 1692 1428 1117 818 722 539 445 431 437 435 447 475 526 521 493 491 533 595 699 784 550 443 427 422 421 432 480 576 543 481 552 675 622 611 679
2431 2438 2435 2078 2168 2115 2255 2261 2088 2040 1763 1363 1293 1231 1224 1215 1294 1289 1361 1700 1619 1781 1443 1513 1240 1404 1707 1796 1512 1560 1578 1599 1522 1391 1641 802 885 1682 1745 1297 1115 1462 1549 1823 1608 1348 1258 1008 598 482 450 467 486 480 496 527 564 568 583 644 700 743 744 517 443 433 444 469 586 743 736 620 489 542 617 673 627 588
2208 2313 2370 2185 1894 1993 1772 2098 2089 1991 1737 1316 1241 1184 1214 1178 1193 1420 1276 1389 1461 1490 1206 1183 1458 1945 1642 1696 1733 1786 1657 1400 1078 1246 1280 803 964 1619 1347 993 1427 1653 1718 1563 1581 1406 1534 1284 693 527 513 576 532 539 628 612 631 629 679 742 760 822 668 464 451 467 595 730 935 994 885 602 484 572 605 661 670 593
2363 2286 2288 2308 2287 2121 1861 1652 1504 1395 1310 1252 1191 1158 1137 1179 1149 1198 1191 1330 1177 1303 1284 1180 1600 1908 1530 1317 1299 1264 1081 1026 1022 1092 804 978 1513 1347 994 1321 1635 1737 1497 1461 1370 1586 1494 1275 651 535 584 708 664 710 678 672 702 729 792 803 908 865 633 492 501 515 732 908 1039 1032 734 495 504 589 652 616 620 651
2312 2300 2035 2123 2293 2055 1943 2144 1956 1514 1259 1204 1159 1137 1127 1110 1251 1206 1277 1200 1220 1331 1164 1629 1527 1700 1667 1244 1083 1302 1063 889 897 824 812 1004 1470 1113 1261 1460 1672 1660 1411 1188 1175 1329 1559 1201 663 522 621 707 772 757 747 725 724 736 840 967 911 762 605 581 581 658 938 1101 1052 719 503 499 577 629 620 634 651 669
2207 2090 2011 2021 2172 2072 1912 1684 1620 1362 1233 1174 1143 1121 1099 1093 1209 1164 1163 1059 1078 1135 1568 1524 1617 1747 1424 1445 1052 1204 1086 939 913 942 800 865 1107 1331 1481 1570 1536 1315 1281 1009 981 1211 1340 1238 715 525 537 646 811 792 773 771 745 767 836 828 747 629 581 607 715 876 1024 1109 700 496 494 552 651 616 616 681 695 714
2091 2134 1863 1835 1867 1592 1516 1397 1321 1289 1205 1172 1132 1112 1090 1077 1099 1069 1046 1051 1039 1178 1371 1237 1422 1428 1151 1158 1120 946 922 912 854 883 807 952 967 1178 1416 1513 1407 1209 1065 822 769 1085 1089 1123 694 522 544 654 770 832 851 813 791 768 754 717 664 602 660 784 881 1000 1059 769 503 493 532 610 636 624 657 699 770 758
1986 1842 1914 1802 1588 1496 1428 1360 1294 1234 1186 1144 1111 1088 1069 1068 1060 1027 1100 1108 1035 1057 1043 1152 1094 1038 1058 1035 963 935 890 855 875 914 846 878 1013 1067 1221 1151 1181 1132 854 762 896 979 981 964 700 544 599 648 663 701 803 848 769 742 763 697 706 788 869 838 835 905 909 544 501 513 546 598 636 644 699 771 807 766
2144 2078 1966 1688 1964 1790 1430 1332 1272 1222 1175 1142 1125 1091 1074 1058 1046 1095 1116 1040 1016 972 1079 1166 967 1034 968 920 914 909 996 978 900 856 953 1096 1026 1090 1008 831 817 818 749 1003 1238 1045 871 977 900 608 619 632 664 694 736 767 735 727 838 789 823 858 846 825 829 852 692 538 528 538 572 603 634 673 763 801 792 809
2074 1970 1705 2037 2028 2038 1585 1344 1318 1268 1174 1140 1133 1172 1236 1321 1258 1299 1425 1039 1014 958 969 1083 959 936 913 904 897 934 1223 1088 955 901 1082 969 972 932 877 791 773 759 894 1134 1134 983 844 982 935 656 631 647 647 704 803 824 801 850 949 919 880 954 913 809 692 624 587 582 575 576 598 626 670 718 780 832 815 837
2109 1878 1696 2167 1893 1813 1861 1473 1325 1341 1172 1144 1310 1642 1719 1683 1565 1158 1239 1022 972 958 943 932 926 917 912 904 905 991 1001 1057 1019 905 1011 924 897 901 836 806 799 848 909 1040 968 814 781 823 766 699 682 680 677 696 735 856 910 1011 1028 940 1007 1007 892 750 712 686 687 672 659 654 649 664 695 761 817 816 856 858
1974 1803 1857 2005 2006 1740 2028 1527 1259 1214 1176 1187 1603 1712 1747 1517 1245 1095 1190 1031 960 951 944 934 935 923 917 911 941 989 952 964 954 879 921 923 877 844 839 828 891 871 1014 903 855 834 845 841 775 749 734 730 726 716 712 740 836 1030 1040 1032 1050 990 868 741 736 699 684 708 693 693 688 704 732 766 822 898 920 934
2051 1860 1766 1993 1859 1534 1529 1363 1261 1241 1196 1232 1520 1703 1770 1569 1248 1105 1054 998 965 948 938 957 994 981 933 918 918 946 936 911 924 886 876 871 857 854 861 855 883 954 1020 913 881 849 858 851 827 794 781 791 780 767 741 748 804 902 989 1060 1046 973 839 839 814 794 779 790 800 794 772 763 779 819 843 929 960 988
1974 1703 1737 1973 1944 1491 1340 1299 1260 1221 1179 1228 1600 1663 1477 1440 1127 1199 1121 1089 1012 948 941 942 1000 986 944 926 918 919 929 914 896 877 870 860 853 881 936 889 919 921 987 942 879 839 841 848 834 824 816 809 809 818 784 787 778 861 882 937 980 971 884 854 824 808 780 783 814 814 808 818 832 833 889 972 1014 1030
1997 1943 1639 1945 1671 1387 1344 1327 1261 1214 1173 1148 1221 1287 1218 1138 1107 1160 1161 1097 990 953 967 965 950 980 953 939 939 927 918 921 900 881 865 855 846 868 878 928 916 918 933 905 893 887 888 868 862 856 850 840 839 834 823 788 803 848 861 866 870 850 832 835 849 849 840 843 847 831 812 826 830 869 915 980 1056 1050
1928 1868 1548 1840 1519 1426 1506 1337 1289 1208 1169 1136 1112 1105 1106 1130 1115 1082 1145 1038 970 955 1015 1053 952 941 932 966 995 960 934 925 910 892 865 849 836 832 850 897 874 900 949 901 905 892 878 874 881 883 875 913 900 862 832 797 778 784 840 887 886 854 853 868 887 904 906 924 978 921 695 697 741 732 750 860 1077 1043
1804 1928 1758 1533 1552 1569 1380 1336 1243 1202 1164 1131 1102 1076 1079 1084 1050 1024 1052 1050 964 959 1016 1038 945 931 938 995 1070 1052 1002 943 928 909 878 854 840 834 857 887 885 882 897 890 902 894 893 896 907 903 945 990 911 866 839 827 780 743 744 787 849 856 845 898 936 912 947 959 962 748 634 648 678 741 840 807 888 875
1674 1603 1820 1653 1487 1371 1341 1290 1238 1200 1168 1130 1100 1081 1064 1045 1032 1026 1021 996 966 964 1018 1053 977 933 950 1029 1098 1085 1120 1062 965 909 894 886 865 851 856 894 889 892 893 908 914 914 916 918 925 996 1059 966 904 846 826 812 760 734 755 752 767 780 842 942 974 939 830 772 694 663 654 731 816 801 844 777 813 -9999
1977 1538 1558 1461 1413 1364 1316 1277 1236 1204 1169 1135 1103 1090 1082 1127 1057 1027 1006 988 965 953 975 1001 1010 939 938 1031 1109 1069 1144 1166 1153 1105 1041 992 918 886 885 899 913 921 915 928 928 934 945 924 952 1006 954 936 862 808 781 765 740 788 812 734 720 751 902 943 947 918 800 726 695 686 715 776 759 -9999 -9999 -9999 -9999 -9999
1684 1537 1508 1452 1408 1363 1322 1293 1253 1214 1175 1151 1122 1110 1092 1112 1077 1041 1015 988 963 946 938 932 938 935 939 979 1057 1154 1186 1193 1182 1140 1119 1083 1036 1052 1010 934 933 951 942 948 957 960 961 934 967 949 914 858 812 773 735 719 756 789 746 743 755 808 861 868 854 825 752 713 745 792 749 742 -9999 -9999 -9999 -9999 -9999 -9999
1575 1579 1506 1449 1418 1362 1326 1290 1263 1220 1187 1166 1144 1128 1114 1098 1078 1059 1030 994 962 941 932 927 924 921 933 949 984 1046 1070 1182 1214 1201 1194 1164 1153 1097 1100 1014 960 969 969 984 973 1007 995 964 956 930 882 829 789 745 710 695 718 721 747 797 850 758 759 800 751 745 751 828 834 847 749 715 -9999 -9999 -9999 -9999 -9999 -9999
1576 1716 1559 1444 1404 1363 1330 1291 1262 1227 1201 1180 1162 1152 1159 1128 1104 1086 1057 1013 968 947 934 927 916 917 935 973 968 992 1057 1169 1209 1221 1227 1202 1129 1072 1037 1018 998 1027 1039 1009 1001 1009 991 977 968 925 888 833 774 729 693 675 684 708 745 802 816 741 702 705 708 713 766 912 885 780 753 -9999 -9999 -9999 -9999 -9999 -9999 -9999
