Electronic Materials (Flash Drives)/data/NZclimate/current/bio14nz.asc
ncols        384
nrows        384
xllcorner    163.999999999999
yllcorner    -49.000000000001
cellsize     0.041666666667
NODATA_value -9999
[rows 144 to 179 of 384, columns 243 to 323 of 384]
98 98 101 107 109 109 118 121 119 123 130 132 126 125 124 115 111 105 103 104 99 93 90 87 92 97 96 90 92 94 94 113 104 98 105 104 104 108 122 120 102 101 106 111 114 114 122 127 137 131 126 117 124 129 128 134 145 128 108 108 119 126 114 97 89 91 90 87 84 81 76 82 83 78 78 79 80 81 79 78 75
108 109 112 110 118 118 119 127 120 128 125 125 122 123 121 115 107 103 102 100 98 96 90 96 96 88 86 89 89 96 100 124 111 113 115 117 117 105 104 123 102 101 111 125 133 146 140 132 139 142 132 115 120 129 129 142 148 131 107 103 118 107 92 99 97 100 95 89 82 77 75 74 75 77 76 77 79 79 78 76 73
120 125 126 123 118 118 124 122 125 125 120 122 125 122 117 111 106 99 103 97 95 95 89 89 86 86 86 84 87 94 99 106 115 125 133 151 176 158 122 106 102 110 127 148 151 157 153 159 146 149 124 122 126 119 130 127 136 123 107 112 99 91 103 118 115 92 77 74 71 72 72 72 72 72 74 75 76 -9999 -9999 -9999 -9999
139 138 134 124 123 119 119 121 122 115 116 120 123 117 111 113 108 99 99 97 94 100 97 97 88 97 94 85 93 102 110 114 117 125 142 173 205 175 146 123 110 136 161 162 164 163 165 155 146 136 146 132 129 125 119 134 114 108 105 104 93 99 141 120 98 88 76 73 69 67 67 68 70 69 -9999 -9999 -9999 -9999 -9999 -9999 -9999
156 148 140 133 128 126 117 117 115 112 115 115 115 113 109 109 110 101 102 97 100 100 101 99 98 99 99 91 94 106 114 119 125 136 151 168 163 152 140 128 133 148 162 167 154 147 152 158 145 136 146 159 150 136 122 110 102 99 104 97 93 118 130 92 78 76 72 73 67 66 66 64 -9999 -9999 -9999 -9999 -9999 -9999 -9999 -9999 -9999
177 157 145 138 131 122 119 114 114 115 112 111 112 118 122 108 98 98 95 98 94 100 98 103 100 94 96 98 96 103 111 156 146 164 188 181 158 142 133 129 136 151 162 161 141 153 146 152 139 148 140 145 152 148 153 121 103 105 109 104 118 103 90 78 76 72 71 77 74 72 -9999 -9999 -9999 -9999 -9999 -9999 -9999 -9999 -9999 -9999 -9999
207 170 149 138 130 119 116 117 114 106 105 110 108 111 113 108 95 96 92 94 90 93 90 94 96 88 89 94 97 101 107 120 148 197 258 213 168 144 132 138 155 166 164 148 128 135 143 155 125 142 153 148 139 164 161 128 106 103 102 101 92 87 83 74 81 82 72 68 66 65 -9999 -9999 -9999 -9999 -9999 -9999 -9999 -9999 -9999 -9999 -9999
216 175 150 132 123 118 111 109 108 103 110 105 103 107 111 115 117 97 95 94 87 87 93 92 91 85 85 86 93 97 103 115 137 177 219 186 151 131 126 141 156 146 137 138 144 119 126 117 112 132 137 124 136 155 129 118 107 100 99 92 81 80 77 69 69 73 65 63 61 -9999 -9999 -9999 -9999 -9999 -9999 -9999 -9999 -9999 -9999 -9999 -9999
178 157 138 123 115 110 105 102 102 102 108 113 126 128 120 120 118 127 109 99 92 85 89 84 79 82 85 86 89 91 95 101 112 128 137 130 119 109 113 122 122 129 137 133 125 105 110 110 109 125 129 116 124 116 109 96 100 86 84 81 76 72 69 63 63 64 57 57 -9999 -9999 -9999 -9999 -9999 -9999 -9999 -9999 -9999 -9999 -9999 -9999 -9999
132 124 116 110 107 105 104 97 96 100 110 114 123 126 111 110 112 117 114 101 91 85 83 83 88 93 92 85 82 80 81 83 83 89 94 88 89 90 91 92 101 116 143 121 117 107 108 101 105 108 120 118 103 102 102 100 89 79 76 70 71 66 64 64 60 56 54 -9999 -9999 -9999 -9999 -9999 -9999 -9999 -9999 -9999 -9999 -9999 -9999 -9999 -9999
101 101 100 98 99 100 101 97 89 96 99 99 106 102 101 102 100 102 99 91 88 79 86 88 88 90 82 82 78 76 75 74 73 72 72 71 72 77 86 81 85 117 108 80 91 88 91 101 106 105 97 97 100 99 100 94 78 71 66 63 61 60 58 63 55 50 -9999 -9999 -9999 -9999 -9999 -9999 -9999 -9999 -9999 -9999 -9999 -9999 -9999 -9999 -9999
85 87 88 89 95 91 93 91 88 90 91 95 97 96 89 97 94 93 95 101 97 84 80 89 88 89 83 83 78 79 77 72 68 67 67 66 67 69 83 94 81 76 70 72 86 79 85 98 105 104 94 101 93 85 88 82 75 68 63 63 58 55 55 55 51 47 47 -9999 -9999 -9999 -9999 -9999 -9999 -9999 -9999 -9999 -9999 -9999 -9999 -9999 -9999
75 77 77 81 83 87 85 87 95 87 86 87 84 93 89 88 90 100 91 88 98 91 81 81 80 83 78 77 74 73 74 70 68 68 67 66 71 68 78 92 86 77 68 78 80 76 81 87 100 124 85 100 94 79 77 72 71 66 63 58 54 51 50 48 48 46 45 -9999 -9999 -9999 -9999 -9999 -9999 -9999 -9999 -9999 -9999 -9999 -9999 -9999 -9999
69 70 72 74 75 76 85 88 96 91 81 91 83 92 99 87 80 83 81 91 100 92 75 73 78 81 77 72 73 76 72 68 67 65 64 63 64 65 77 76 70 60 63 69 74 72 79 104 114 107 110 132 115 90 75 62 60 56 55 53 50 47 46 46 46 45 44 45 -9999 -9999 -9999 -9999 -9999 -9999 -9999 -9999 -9999 -9999 -9999 -9999 -9999
-9999 69 70 72 71 71 76 82 86 85 81 83 86 92 95 89 81 78 86 88 91 85 84 77 73 74 79 74 71 71 69 67 66 66 65 63 63 62 61 61 61 58 60 67 68 71 86 115 125 110 120 135 105 77 71 68 69 57 50 48 48 46 45 44 44 44 44 45 -9999 -9999 -9999 -9999 -9999 -9999 -9999 -9999 -9999 -9999 -9999 -9999 -9999
-9999 -9999 -9999 -9999 70 68 71 76 81 85 76 78 90 83 79 77 78 74 74 78 82 79 76 83 75 71 77 78 69 69 70 67 68 68 65 65 64 63 62 60 59 60 58 61 66 73 78 114 117 129 132 133 90 85 75 71 65 58 49 47 46 44 43 43 43 43 44 46 47 53 53 -9999 -9999 -9999 -9999 -9999 -9999 -9999 -9999 -9999 -9999
-9999 -9999 -9999 -9999 -9999 65 68 70 71 73 75 78 81 77 70 72 75 70 76 80 80 79 76 71 70 76 78 76 69 69 68 67 70 67 67 66 64 64 66 62 60 59 60 59 65 70 94 88 114 135 118 105 90 92 84 86 78 67 52 55 47 44 43 42 43 44 47 46 49 54 54 -9999 -9999 -9999 -9999 -9999 -9999 -9999 -9999 -9999 -9999
-9999 -9999 -9999 -9999 -9999 -9999 64 65 64 67 67 69 71 70 68 74 67 71 77 87 84 75 72 72 67 72 75 71 68 72 70 68 69 66 69 68 65 66 66 67 63 60 60 63 70 79 124 118 122 124 100 90 104 92 86 83 75 72 58 60 47 49 45 47 49 57 47 51 53 52 -9999 -9999 -9999 -9999 -9999 -9999 -9999 -9999 -9999 -9999 -9999
-9999 -9999 -9999 -9999 -9999 -9999 -9999 -9999 62 63 64 66 66 66 64 68 67 74 77 78 78 75 72 66 65 66 68 66 65 67 66 68 68 65 66 65 66 67 67 68 62 61 62 67 75 80 116 133 130 117 91 87 94 85 79 74 68 70 67 62 59 46 44 52 47 52 62 61 57 51 -9999 -9999 -9999 -9999 -9999 -9999 -9999 -9999 -9999 -9999 -9999
-9999 -9999 -9999 -9999 -9999 -9999 -9999 -9999 -9999 60 62 61 62 63 62 66 69 69 70 70 69 69 69 64 64 66 69 65 68 64 65 67 64 64 66 69 70 68 65 64 63 64 67 68 71 80 129 141 142 102 93 87 82 79 74 67 63 64 66 69 49 46 53 50 50 63 75 73 54 -9999 -9999 -9999 -9999 -9999 -9999 -9999 -9999 -9999 -9999 -9999 -9999
-9999 -9999 -9999 -9999 -9999 -9999 -9999 -9999 -9999 -9999 -9999 -9999 60 59 60 62 62 62 62 63 65 66 64 60 62 64 66 65 64 64 65 64 61 62 64 66 66 62 61 62 66 67 67 70 75 88 117 135 139 107 94 88 84 73 67 63 59 58 64 57 48 52 51 61 59 74 90 68 55 -9999 -9999 -9999 -9999 -9999 -9999 -9999 -9999 -9999 -9999 -9999 -9999
-9999 -9999 -9999 -9999 -9999 -9999 -9999 -9999 -9999 -9999 -9999 -9999 -9999 -9999 -9999 -9999 -9999 -9999 60 60 62 63 60 59 63 65 67 64 64 64 63 63 63 62 65 64 61 61 63 64 66 69 72 75 86 122 136 142 113 95 92 82 77 69 64 60 58 57 64 55 50 52 55 58 61 79 83 66 62 -9999 -9999 -9999 -9999 -9999 -9999 -9999 -9999 -9999 -9999 -9999 -9999
-9999 -9999 -9999 -9999 -9999 -9999 -9999 -9999 -9999 -9999 -9999 -9999 -9999 -9999 -9999 -9999 -9999 -9999 -9999 -9999 58 58 58 61 61 63 66 61 63 63 65 64 66 66 65 67 60 63 64 67 69 70 73 79 85 107 109 133 107 97 88 77 68 64 61 58 56 56 58 54 53 56 57 62 61 67 61 58 -9999 -9999 -9999 -9999 -9999 -9999 -9999 -9999 -9999 -9999 -9999 -9999 -9999
-9999 -9999 -9999 -9999 -9999 -9999 -9999 -9999 -9999 -9999 -9999 -9999 -9999 -9999 -9999 -9999 -9999 -9999 -9999 -9999 -9999 57 58 60 61 62 60 60 61 65 69 69 67 63 62 60 62 69 70 69 72 71 75 77 83 98 131 117 100 95 85 73 65 60 57 56 57 56 55 54 53 55 60 65 67 63 57 -9999 -9999 -9999 -9999 -9999 -9999 -9999 -9999 -9999 -9999 -9999 -9999 -9999 -9999
-9999 -9999 -9999 -9999 -9999 -9999 -9999 -9999 -9999 -9999 -9999 -9999 -9999 -9999 -9999 -9999 -9999 -9999 -9999 -9999 -9999 -9999 57 58 57 59 59 60 64 66 66 66 62 59 61 67 70 73 71 73 71 75 74 77 84 112 112 106 101 95 83 72 65 60 57 56 60 53 52 54 61 56 60 66 66 61 62 -9999 -9999 -9999 -9999 -9999 -9999 -9999 -9999 -9999 -9999 -9999 -9999 -9999 -9999
-9999 -9999 -9999 -9999 -9999 -9999 -9999 -9999 -9999 -9999 -9999 -9999 -9999 -9999 -9999 -9999 -9999 -9999 -9999 -9999 -9999 -9999 -9999 56 57 57 58 60 62 64 63 61 58 61 64 66 67 68 72 74 72 76 74 79 95 103 107 99 96 91 80 73 66 68 60 63 55 55 55 60 61 59 61 63 68 61 58 -9999 -9999 -9999 -9999 -9999 -9999 -9999 -9999 -9999 -9999 -9999 -9999 -9999 -9999
-9999 -9999 -9999 -9999 -9999 -9999 -9999 -9999 -9999 -9999 -9999 -9999 -9999 -9999 -9999 -9999 -9999 -9999 -9999 -9999 -9999 -9999 -9999 -9999 56 57 58 59 60 61 60 58 59 62 64 65 65 67 70 70 75 71 75 88 106 109 96 93 86 79 74 68 76 87 77 68 55 58 60 63 60 62 60 67 63 58 56 -9999 -9999 -9999 -9999 -9999 -9999 -9999 -9999 -9999 -9999 -9999 -9999 -9999 -9999
-9999 -9999 -9999 -9999 -9999 -9999 -9999 -9999 -9999 -9999 -9999 -9999 -9999 -9999 -9999 -9999 -9999 -9999 -9999 -9999 -9999 -9999 -9999 -9999 -9999 56 57 57 58 59 57 56 60 59 62 63 63 66 70 74 72 73 84 99 106 91 85 79 77 73 69 76 81 81 62 54 52 51 53 59 59 60 59 62 60 59 -9999 -9999 -9999 -9999 -9999 -9999 -9999 -9999 -9999 -9999 -9999 -9999 -9999 -9999 -9999
-9999 -9999 -9999 -9999 -9999 -9999 -9999 -9999 -9999 -9999 -9999 -9999 -9999 -9999 -9999 -9999 -9999 -9999 -9999 -9999 -9999 -9999 -9999 -9999 -9999 56 56 56 57 56 56 57 59 58 61 60 63 67 72 72 73 84 101 100 90 84 79 72 72 69 72 83 77 82 68 59 57 52 51 52 54 57 58 57 59 -9999 -9999 -9999 -9999 -9999 -9999 -9999 -9999 -9999 -9999 -9999 -9999 -9999 -9999 -9999 -9999
-9999 -9999 -9999 -9999 -9999 -9999 -9999 -9999 -9999 -9999 -9999 -9999 -9999 -9999 -9999 -9999 -9999 -9999 -9999 -9999 -9999 -9999 -9999 -9999 -9999 -9999 56 56 55 55 55 56 59 57 57 58 62 68 74 72 80 99 97 90 83 77 72 67 66 66 68 72 77 75 75 66 56 52 52 52 56 54 54 54 -9999 -9999 -9999 -9999 -9999 -9999 -9999 -9999 -9999 -9999 -9999 -9999 -9999 -9999 -9999 -9999 -9999
-9999 -9999 -9999 -9999 -9999 -9999 -9999 -9999 -9999 -9999 -9999 -9999 -9999 -9999 -9999 -9999 -9999 -9999 -9999 -9999 -9999 -9999 -9999 -9999 -9999 -9999 55 55 55 55 55 55 57 55 56 58 62 71 74 74 86 93 85 81 79 72 70 70 72 71 68 78 77 81 76 68 56 53 53 59 56 52 -9999 -9999 -9999 -9999 -9999 -9999 -9999 -9999 -9999 -9999 -9999 -9999 -9999 -9999 -9999 -9999 -9999 -9999 -9999
-9999 -9999 -9999 -9999 -9999 -9999 -9999 -9999 -9999 -9999 -9999 -9999 -9999 -9999 -9999 -9999 -9999 -9999 -9999 -9999 -9999 -9999 -9999 -9999 -9999 -9999 54 55 56 56 55 55 55 56 58 61 66 69 71 79 86 79 77 76 76 70 73 83 84 73 75 73 74 87 75 62 56 55 60 55 55 54 -9999 -9999 -9999 -9999 -9999 -9999 -9999 -9999 -9999 -9999 -9999 -9999 -9999 -9999 -9999 -9999 -9999 -9999 -9999
-9999 -9999 -9999 -9999 -9999 -9999 -9999 -9999 -9999 -9999 -9999 -9999 -9999 -9999 -9999 -9999 -9999 -9999 -9999 -9999 -9999 -9999 -9999 -9999 -9999 -9999 55 55 55 56 56 56 57 58 60 63 66 71 83 90 79 75 75 75 75 75 80 89 85 87 83 69 68 73 69 61 59 61 61 59 59 -9999 -9999 -9999 -9999 -9999 -9999 -9999 -9999 -9999 -9999 -9999 -9999 -9999 -9999 -9999 -9999 -9999 -9999 -9999 -9999
-9999 -9999 -9999 -9999 -9999 -9999 -9999 -9999 -9999 -9999 -9999 -9999 -9999 -9999 -9999 -9999 -9999 -9999 -9999 -9999 -9999 -9999 -9999 -9999 -9999 -9999 55 55 56 57 58 57 58 60 63 67 73 82 92 86 76 76 72 73 76 81 89 94 90 91 78 71 65 68 71 75 64 63 61 64 58 -9999 -9999 -9999 -9999 -9999 -9999 -9999 -9999 -9999 -9999 -9999 -9999 -9999 -9999 -9999 -9999 -9999 -9999 -9999 -9999
-9999 -9999 -9999 -9999 -9999 -9999 -9999 -9999 -9999 -9999 -9999 -9999 -9999 -9999 -9999 -9999 -9999 -9999 -9999 -9999 -9999 -9999 -9999 -9999 -9999 -9999 56 56 58 59 59 59 60 62 66 75 86 91 89 82 77 74 75 72 80 85 100 95 90 72 66 66 62 63 67 67 64 62 63 61 56 -9999 -9999 -9999 -9999 -9999 -9999 -9999 -9999 -9999 -9999 -9999 -9999 -9999 -9999 -9999 -9999 -9999 -9999 -9999 -9999
-9999 -9999 -9999 -9999 -9999 -9999 -9999 -9999 -9999 -9999 -9999 -9999 -9999 -9999 -9999 -9999 -9999 -9999 -9999 -9999 -9999 -9999 -9999 -9999 -9999 -9999 56 57 59 59 59 60 61 67 84 91 94 90 82 77 75 73 73 76 88 88 90 94 77 70 69 64 59 61 61 66 68 62 59 61 56 -9999 -9999 -9999 -9999 -9999 -9999 -9999 -9999 -9999 -9999 -9999 -9999 -9999 -9999 -9999 -9999 -9999 -9999 -9999 -9999
