Electronic Materials (Flash Drives)/data/NZclimate/LGM/Miroc_LGM/bio06nz.asc
ncols         384
nrows         384
xllcorner     164
yllcorner     -49
cellsize      0.041666666666667
NODATA_value  -9999
[rows 148 to 184 of 384, columns 168 to 251 of 384]
-9999 -9999 -9999 -9999 -9999 -9999 -9999 -9999 -9999 -9999 -9999 -9999 -9999 -9999 -9999 -9999 -9999 -9999 -9999 -9999 -9999 -9999 -9999 -9999 -9999 -9999 -9999 -9999 -9999 -9999 -9999 -9999 -9999 -9999 43 41 42 42 40 38 36 36 37 38 38 38 37 37 36 37 37 37 37 36 36 36 36 36 36 36 35 35 35 36 35 35 34 28 27 24 18 10 7 9 13 14 14 17 19 19 18 20 18 18
-9999 -9999 -9999 -9999 -9999 -9999 -9999 -9999 -9999 -9999 -9999 -9999 -9999 -9999 -9999 -9999 -9999 -9999 -9999 -9999 -9999 -9999 -9999 -9999 -9999 -9999 -9999 -9999 -9999 -9999 -9999 -9999 -9999 -9999 42 40 41 42 41 39 38 37 36 36 37 37 36 37 35 35 36 36 36 36 36 36 36 36 36 36 35 35 35 34 34 34 28 27 24 21 15 0 -19 -10 1 6 10 13 15 17 18 19 18 17
-9999 -9999 -9999 -9999 -9999 -9999 -9999 -9999 -9999 -9999 -9999 -9999 -9999 -9999 -9999 -9999 -9999 -9999 -9999 -9999 -9999 -9999 -9999 -9999 -9999 -9999 -9999 -9999 -9999 -9999 -9999 -9999 -9999 -9999 -9999 42 41 40 40 40 40 38 37 36 36 37 36 35 34 35 34 34 35 35 36 36 35 35 35 36 35 35 34 34 33 33 28 26 20 17 11 1 -15 -30 -15 -1 4 9 11 14 17 17 15 15
-9999 -9999 -9999 -9999 -9999 -9999 -9999 -9999 -9999 -9999 -9999 -9999 -9999 -9999 -9999 -9999 -9999 -9999 -9999 -9999 -9999 -9999 -9999 -9999 -9999 -9999 -9999 -9999 -9999 -9999 -9999 -9999 -9999 -9999 -9999 -9999 42 39 37 38 39 39 37 36 38 39 37 36 35 35 35 35 34 35 34 35 35 35 35 35 34 34 34 34 33 33 27 26 21 17 10 1 -17 -46 -21 -5 1 7 10 13 15 17 16 16
-9999 -9999 -9999 -9999 -9999 -9999 -9999 -9999 -9999 -9999 -9999 -9999 -9999 -9999 -9999 -9999 -9999 -9999 -9999 -9999 -9999 -9999 -9999 -9999 -9999 -9999 -9999 -9999 -9999 -9999 -9999 -9999 -9999 -9999 -9999 -9999 -9999 42 39 38 37 36 35 36 37 38 37 35 34 34 34 34 34 34 34 34 34 34 34 34 34 34 34 33 33 32 28 26 22 18 14 8 0 -5 -4 0 4 8 11 14 15 17 17 17
-9999 -9999 -9999 -9999 -9999 -9999 -9999 -9999 -9999 -9999 -9999 -9999 -9999 -9999 -9999 -9999 -9999 -9999 -9999 -9999 -9999 -9999 -9999 -9999 -9999 -9999 -9999 42 42 -9999 -9999 -9999 -9999 -9999 -9999 -9999 -9999 -9999 -9999 39 36 34 34 36 37 37 36 34 32 33 33 33 34 34 34 34 34 34 34 33 34 33 33 33 33 31 28 26 23 21 18 15 11 8 8 8 10 12 14 15 15 15 17 18
-9999 -9999 -9999 -9999 -9999 -9999 -9999 -9999 -9999 -9999 -9999 -9999 -9999 -9999 -9999 -9999 -9999 -9999 -9999 -9999 -9999 -9999 -9999 -9999 42 42 40 41 40 41 41 41 40 39 40 -9999 -9999 -9999 -9999 39 35 34 34 35 35 35 35 35 34 33 33 33 33 33 33 33 33 34 33 33 33 33 33 33 32 32 31 27 25 23 21 18 16 15 14 14 15 15 17 17 15 15 15 19
-9999 -9999 -9999 -9999 -9999 -9999 -9999 -9999 -9999 -9999 -9999 -9999 -9999 -9999 -9999 -9999 -9999 -9999 -9999 -9999 -9999 -9999 -9999 -9999 -9999 40 41 40 38 39 40 40 40 39 38 39 40 40 39 38 35 34 34 35 34 34 34 35 34 34 33 33 33 33 33 33 33 33 32 32 32 33 33 32 32 32 31 31 26 24 23 22 20 20 18 18 18 18 18 16 17 16 17 18
-9999 -9999 -9999 -9999 -9999 -9999 -9999 -9999 -9999 -9999 -9999 -9999 -9999 -9999 -9999 -9999 -9999 -9999 -9999 -9999 -9999 42 41 -9999 -9999 -9999 40 39 39 38 39 39 39 40 39 39 38 37 37 37 36 33 33 33 33 33 33 33 33 33 33 33 32 32 32 32 32 32 31 32 32 32 32 32 32 32 30 30 29 25 24 23 23 23 22 21 20 21 19 18 17 18 17 14
-9999 -9999 -9999 -9999 -9999 -9999 -9999 -9999 -9999 -9999 -9999 -9999 -9999 -9999 -9999 -9999 -9999 -9999 -9999 -9999 -9999 40 40 40 -9999 -9999 -9999 -9999 40 39 38 37 38 39 39 39 38 36 36 37 36 33 32 33 34 34 32 33 33 33 32 32 32 32 32 32 32 32 31 31 31 31 31 32 31 32 30 29 29 29 29 24 24 24 23 23 23 22 20 20 20 16 15 11
-9999 -9999 -9999 -9999 -9999 -9999 -9999 -9999 -9999 -9999 -9999 -9999 -9999 -9999 -9999 -9999 -9999 -9999 -9999 -9999 -9999 40 41 -9999 -9999 -9999 -9999 -9999 -9999 -9999 39 38 38 38 39 38 38 37 37 37 36 34 32 33 33 33 32 32 32 32 32 31 30 31 32 31 30 31 31 31 31 31 31 31 32 31 30 29 29 29 29 28 27 27 27 27 23 23 20 21 22 19 15 14
-9999 -9999 -9999 -9999 -9999 -9999 -9999 -9999 -9999 -9999 -9999 -9999 -9999 -9999 -9999 -9999 -9999 -9999 -9999 -9999 -9999 -9999 -9999 -9999 -9999 -9999 -9999 -9999 -9999 -9999 -9999 -9999 -9999 38 38 38 37 37 37 36 36 35 34 33 33 32 32 32 32 32 32 31 30 31 31 31 30 30 30 30 30 30 30 30 31 31 30 29 29 28 28 28 27 27 27 27 27 27 26 21 23 21 17 15
-9999 -9999 -9999 -9999 -9999 -9999 -9999 -9999 -9999 -9999 -9999 -9999 -9999 -9999 -9999 -9999 -9999 -9999 -9999 -9999 -9999 -9999 -9999 -9999 -9999 -9999 -9999 -9999 -9999 -9999 -9999 -9999 -9999 38 37 37 36 37 36 36 35 35 33 33 32 32 32 32 32 31 31 31 30 31 31 30 30 29 30 30 30 30 30 30 30 30 29 29 28 28 28 27 27 27 27 27 27 27 26 26 23 22 19 19
-9999 -9999 -9999 -9999 -9999 -9999 -9999 -9999 -9999 -9999 -9999 -9999 -9999 -9999 -9999 -9999 -9999 -9999 -9999 -9999 -9999 -9999 -9999 -9999 -9999 -9999 -9999 -9999 -9999 -9999 -9999 -9999 -9999 -9999 37 38 36 36 36 35 35 34 33 32 32 32 32 32 31 31 31 30 30 30 30 30 29 29 29 29 29 29 29 29 29 30 29 29 28 28 28 27 27 26 26 27 26 26 25 25 25 24 22 22
-9999 -9999 -9999 -9999 -9999 -9999 -9999 -9999 -9999 -9999 -9999 -9999 -9999 -9999 -9999 -9999 -9999 -9999 -9999 -9999 -9999 -9999 -9999 -9999 -9999 39 39 -9999 -9999 -9999 -9999 -9999 -9999 -9999 -9999 37 37 35 35 34 32 33 32 32 32 31 32 31 31 30 30 30 30 29 28 28 28 28 28 29 29 29 28 28 28 28 28 28 29 28 28 27 26 26 26 27 26 26 25 25 25 25 25 23
-9999 -9999 -9999 -9999 -9999 -9999 -9999 -9999 -9999 -9999 -9999 -9999 -9999 -9999 -9999 -9999 -9999 -9999 -9999 -9999 -9999 -9999 -9999 -9999 -9999 -9999 -9999 -9999 -9999 -9999 -9999 -9999 -9999 -9999 -9999 36 36 35 34 33 32 31 32 31 31 30 31 30 30 30 30 29 29 29 28 28 28 28 28 28 27 28 28 28 27 28 28 28 27 28 28 27 26 26 27 26 26 26 25 25 25 26 25 25
-9999 -9999 -9999 -9999 -9999 -9999 -9999 -9999 -9999 -9999 -9999 -9999 -9999 -9999 -9999 -9999 -9999 -9999 -9999 -9999 -9999 -9999 -9999 -9999 -9999 -9999 -9999 -9999 -9999 -9999 37 -9999 -9999 37 36 36 35 34 34 33 31 31 31 30 30 30 30 29 29 29 30 29 28 29 28 27 27 27 27 27 27 28 27 28 27 27 27 27 27 27 27 27 26 26 26 26 25 25 25 25 25 26 25 25
-9999 -9999 -9999 -9999 -9999 -9999 -9999 -9999 -9999 -9999 -9999 -9999 -9999 -9999 -9999 -9999 -9999 -9999 -9999 -9999 -9999 -9999 -9999 -9999 -9999 -9999 -9999 -9999 -9999 -9999 -9999 -9999 -9999 36 36 35 34 33 33 32 31 30 30 30 29 29 29 28 28 28 28 28 28 28 27 27 27 27 27 27 27 28 26 26 27 27 27 27 27 27 28 28 26 26 26 26 24 25 25 25 25 25 25 25
-9999 -9999 -9999 -9999 -9999 -9999 -9999 -9999 -9999 -9999 -9999 -9999 -9999 -9999 -9999 -9999 -9999 -9999 -9999 -9999 -9999 -9999 -9999 -9999 -9999 -9999 -9999 -9999 -9999 -9999 -9999 -9999 -9999 36 35 34 33 32 32 32 30 30 30 29 29 28 28 28 28 27 27 27 27 27 26 27 27 27 27 27 26 26 26 26 26 27 27 27 27 27 26 26 27 26 26 26 25 25 25 25 26 26 25 25
-9999 -9999 -9999 -9999 -9999 -9999 -9999 -9999 -9999 -9999 -9999 -9999 -9999 -9999 -9999 -9999 -9999 -9999 -9999 -9999 -9999 -9999 -9999 -9999 -9999 -9999 -9999 -9999 -9999 -9999 -9999 -9999 -9999 35 34 33 31 31 31 31 30 29 29 29 28 28 27 27 27 27 27 26 26 26 25 25 26 26 26 26 26 26 26 25 24 26 27 27 27 27 26 26 27 27 27 26 25 25 25 26 26 26 25 26
-9999 -9999 -9999 -9999 -9999 -9999 -9999 -9999 -9999 -9999 -9999 -9999 -9999 -9999 -9999 -9999 -9999 -9999 -9999 -9999 -9999 -9999 -9999 -9999 -9999 -9999 -9999 -9999 -9999 -9999 -9999 -9999 35 35 33 32 31 31 30 30 29 28 28 27 27 27 27 26 26 26 26 26 25 25 25 25 25 26 26 26 26 25 24 24 24 24 25 27 27 27 26 26 27 27 27 26 25 25 26 26 26 26 26 26
-9999 -9999 -9999 -9999 -9999 -9999 -9999 -9999 -9999 -9999 -9999 -9999 -9999 -9999 -9999 -9999 -9999 -9999 -9999 -9999 -9999 -9999 -9999 -9999 -9999 -9999 -9999 -9999 -9999 -9999 -9999 -9999 35 34 33 32 31 31 30 29 28 27 27 26 26 26 25 26 26 26 26 26 24 24 24 24 24 24 24 25 25 25 24 24 24 24 24 26 26 27 26 26 26 27 27 27 26 27 26 27 26 26 26 26
-9999 -9999 -9999 -9999 -9999 -9999 -9999 -9999 -9999 -9999 -9999 -9999 -9999 -9999 -9999 -9999 -9999 -9999 -9999 -9999 -9999 -9999 -9999 -9999 -9999 -9999 -9999 -9999 -9999 -9999 -9999 34 34 33 32 32 30 30 28 27 27 26 26 26 25 25 25 25 25 25 25 25 23 24 24 24 24 24 24 24 24 24 24 24 24 24 24 24 26 26 26 26 26 27 27 27 26 26 27 26 26 26 26 26
-9999 -9999 -9999 -9999 -9999 -9999 -9999 -9999 -9999 -9999 -9999 -9999 -9999 -9999 -9999 -9999 -9999 -9999 -9999 -9999 -9999 -9999 -9999 -9999 -9999 -9999 -9999 -9999 -9999 -9999 -9999 33 32 32 31 31 29 29 27 26 25 26 25 24 25 24 24 24 24 24 24 24 23 23 23 23 23 23 23 23 23 24 23 23 23 23 24 24 26 25 25 26 26 26 27 27 26 26 26 26 26 26 26 26
-9999 -9999 -9999 -9999 -9999 -9999 -9999 -9999 -9999 -9999 -9999 -9999 -9999 -9999 -9999 -9999 -9999 -9999 -9999 -9999 -9999 -9999 -9999 -9999 -9999 -9999 -9999 -9999 -9999 34 33 32 31 30 29 29 27 27 26 25 25 24 24 24 24 24 24 23 23 23 23 23 22 22 22 22 22 22 22 22 23 23 22 22 22 23 23 24 24 25 25 25 26 26 27 27 26 26 26 26 26 26 26 27
-9999 -9999 -9999 -9999 -9999 -9999 -9999 -9999 -9999 -9999 -9999 -9999 -9999 -9999 -9999 -9999 -9999 -9999 -9999 -9999 -9999 -9999 -9999 -9999 -9999 -9999 -9999 -9999 34 33 31 31 30 29 28 27 27 26 25 25 24 24 24 24 23 23 23 22 22 22 22 22 21 21 21 21 22 22 22 22 22 22 21 23 23 23 23 24 24 24 25 26 25 25 25 27 26 26 26 26 26 26 26 27
-9999 -9999 -9999 -9999 -9999 -9999 -9999 -9999 -9999 -9999 -9999 -9999 -9999 -9999 -9999 -9999 -9999 -9999 -9999 -9999 -9999 -9999 -9999 -9999 -9999 -9999 -9999 33 31 31 31 29 29 28 27 27 26 25 24 24 24 23 23 23 23 22 22 21 21 21 21 21 20 20 20 20 20 20 20 21 21 22 21 21 21 22 23 23 24 24 25 24 25 25 25 26 27 26 26 26 26 26 26 26
-9999 -9999 -9999 -9999 -9999 -9999 -9999 -9999 -9999 -9999 -9999 -9999 -9999 -9999 -9999 -9999 -9999 -9999 -9999 -9999 -9999 -9999 -9999 -9999 -9999 -9999 34 32 31 30 29 29 27 27 26 26 25 24 23 23 23 22 22 22 22 21 21 20 20 20 20 20 19 20 20 20 20 20 20 20 21 21 20 20 21 21 22 23 23 24 24 24 24 25 25 27 26 26 26 27 27 27 26 26
-9999 -9999 -9999 -9999 -9999 -9999 -9999 -9999 -9999 -9999 -9999 -9999 -9999 -9999 -9999 -9999 -9999 -9999 -9999 -9999 -9999 -9999 -9999 -9999 34 33 32 31 30 29 28 27 26 26 25 25 23 23 23 22 22 21 21 21 20 20 20 19 19 19 19 19 19 19 19 19 19 19 19 20 21 21 20 20 20 20 22 21 23 23 23 24 25 26 25 25 25 26 26 27 27 27 27 27
-9999 -9999 -9999 -9999 -9999 -9999 -9999 -9999 -9999 -9999 -9999 -9999 -9999 -9999 -9999 -9999 -9999 -9999 -9999 -9999 -9999 -9999 -9999 33 31 30 30 29 28 27 27 26 25 25 25 24 22 22 21 21 21 21 20 20 19 19 19 19 19 19 17 17 17 17 18 18 18 18 18 19 19 19 19 20 20 20 20 22 21 22 22 23 24 26 26 26 24 26 27 27 27 26 27 27
-9999 -9999 -9999 -9999 -9999 -9999 -9999 -9999 -9999 -9999 -9999 -9999 -9999 -9999 -9999 -9999 -9999 -9999 -9999 -9999 -9999 34 32 31 30 29 29 29 28 27 26 25 25 24 23 23 21 21 21 20 20 19 19 19 19 18 18 18 18 18 17 17 17 17 17 17 17 17 18 18 17 18 18 18 19 20 20 20 21 21 21 22 24 25 25 25 25 26 26 27 26 27 28 28
-9999 -9999 -9999 -9999 -9999 -9999 -9999 -9999 -9999 -9999 -9999 -9999 -9999 -9999 -9999 -9999 -9999 -9999 -9999 -9999 33 32 31 30 29 29 28 26 27 26 25 25 24 23 22 22 21 20 20 19 19 18 18 17 17 17 17 17 17 18 17 16 16 16 16 16 16 16 17 18 17 17 17 18 18 19 20 20 19 21 21 21 23 24 23 25 25 25 27 28 27 28 28 28
-9999 -9999 -9999 -9999 -9999 -9999 -9999 -9999 -9999 -9999 -9999 -9999 -9999 -9999 -9999 -9999 -9999 -9999 -9999 -9999 33 31 30 29 28 28 27 25 26 24 24 23 22 22 21 20 20 19 12 12 10 13 14 14 13 13 13 13 14 16 16 16 16 16 16 15 16 16 16 17 17 17 17 17 17 19 19 20 19 19 21 21 22 22 23 25 25 26 26 27 26 27 27 27
-9999 -9999 -9999 -9999 -9999 -9999 -9999 -9999 -9999 -9999 -9999 -9999 -9999 -9999 -9999 -9999 -9999 -9999 -9999 32 31 30 29 28 28 27 26 24 24 24 22 22 21 21 19 19 18 13 14 10 9 13 19 15 14 14 13 12 12 13 13 13 15 15 15 16 16 16 15 15 15 15 17 17 17 17 19 19 18 20 19 20 21 23 23 24 25 25 26 27 26 27 27 27
-9999 -9999 -9999 -9999 -9999 -9999 -9999 -9999 -9999 -9999 -9999 -9999 -9999 -9999 -9999 -9999 -9999 -9999 32 30 29 28 28 27 27 26 25 24 23 22 21 21 20 19 18 10 12 13 9 4 11 17 22 15 15 14 14 13 13 13 12 12 14 13 14 15 15 15 15 15 14 16 15 17 17 17 18 19 18 18 20 20 20 21 22 23 24 26 26 26 26 28 27 28
-9999 -9999 -9999 -9999 -9999 -9999 -9999 -9999 -9999 -9999 -9999 -9999 -9999 -9999 -9999 -9999 33 32 30 29 28 27 27 27 26 25 24 23 23 22 20 19 19 13 11 11 8 0 -5 2 13 17 18 16 15 14 13 13 12 12 11 11 12 13 13 13 13 13 15 15 14 14 15 15 16 17 17 19 18 18 18 22 22 20 21 22 23 24 26 27 27 27 27 27
-9999 -9999 -9999 -9999 -9999 -9999 -9999 -9999 -9999 -9999 -9999 -9999 -9999 34 33 33 32 31 29 28 28 27 26 26 25 24 23 23 22 21 20 18 14 13 9 6 0 -2 2 12 11 12 14 17 15 14 13 12 12 12 11 11 12 12 12 12 13 13 13 13 13 14 14 14 16 16 17 17 16 16 16 12 16 18 22 22 22 23 25 26 26 27 27 27
