Electronic Materials (Flash Drives)/data/NZclimate/LGM/Miroc_LGM/bio05nz.asc
ncols         384
nrows         384
xllcorner     164
yllcorner     -49
cellsize      0.041666666666667
NODATA_value  -9999
[rows 252 to 287 of 384, columns 162 to 242 of 384]
175 181 185 170 150 164 158 165 163 174 178 174 161 129 137 151 170 154 159 166 181 184 184 184 185 186 188 188 190 191 192 192 192 193 194 193 194 195 197 198 199 200 201 202 202 203 203 203 202 202 203 203 203 202 202 202 200 200 200 201 200 200 200 200 200 200 203 206 204 200 199 199 199 199 200 200 201 202 205 -9999 -9999
155 159 184 187 183 179 176 168 171 179 178 173 170 154 162 164 171 171 175 181 183 184 186 188 187 188 189 190 191 192 193 193 194 194 195 194 195 197 197 198 199 200 201 202 202 202 201 197 201 202 202 202 201 201 201 201 201 201 200 200 200 199 200 200 200 200 200 200 200 199 199 199 199 199 198 198 199 200 202 -9999 -9999
151 163 178 188 187 173 179 178 178 180 178 165 175 173 158 163 175 180 184 184 185 186 186 187 189 190 190 190 191 192 193 194 195 195 196 196 196 197 198 199 200 201 201 202 197 192 194 194 199 197 197 200 202 201 201 201 200 201 200 200 200 200 200 200 200 200 200 200 199 199 199 199 198 197 196 197 199 200 203 -9999 -9999
159 149 179 187 190 180 163 163 178 177 178 178 182 179 175 179 185 187 185 186 187 187 188 188 189 190 191 191 191 192 193 194 195 196 197 197 197 198 198 200 200 201 202 201 191 197 200 194 189 193 189 194 193 195 199 200 200 201 200 200 200 200 199 200 200 200 200 200 200 199 199 199 197 195 195 197 198 199 202 -9999 -9999
157 142 175 184 188 188 180 176 172 178 169 179 178 184 185 186 187 188 188 188 188 188 189 189 190 190 191 192 193 193 194 195 196 196 197 198 197 198 199 200 201 201 201 200 193 197 190 179 181 188 185 195 182 188 188 196 196 200 199 201 201 201 200 199 199 200 200 200 200 199 199 198 198 197 197 198 199 198 201 -9999 -9999
146 159 175 164 156 159 172 179 183 186 181 175 179 184 185 188 187 189 189 189 190 190 190 190 191 191 191 192 193 194 195 195 196 197 198 198 198 198 199 200 201 201 201 202 201 195 192 187 179 185 182 189 186 183 187 188 195 199 200 201 201 201 199 199 199 199 200 200 198 199 198 198 198 198 198 199 199 198 200 203 -9999
152 142 147 152 166 172 172 177 167 171 182 185 187 187 185 188 189 189 190 190 191 191 191 192 191 192 192 193 194 195 195 196 196 197 198 198 198 199 199 200 200 201 201 201 201 201 196 189 190 195 181 194 199 193 180 189 192 199 200 200 201 201 199 199 199 199 199 199 199 198 198 198 198 198 198 199 198 199 201 -9999 -9999
142 141 161 174 170 169 182 184 176 168 169 184 188 188 189 189 190 190 191 191 192 192 193 192 193 193 193 194 193 195 196 196 197 197 198 199 198 199 199 200 200 200 200 200 200 201 200 196 187 184 179 192 196 190 180 189 194 199 199 201 201 201 200 200 199 199 199 199 199 198 197 198 198 198 198 199 200 200 202 -9999 -9999
135 159 181 180 175 182 184 185 185 169 169 182 190 189 190 190 190 191 191 192 193 193 193 193 193 194 194 195 194 196 196 196 198 197 199 199 200 200 199 199 199 199 199 200 200 200 203 198 195 192 185 187 191 182 189 195 199 198 199 200 201 201 201 200 199 199 199 199 199 199 198 198 198 198 198 198 199 199 202 -9999 -9999
155 184 188 189 185 186 173 176 180 184 181 182 190 191 190 191 191 192 192 193 193 193 194 194 194 195 194 195 196 196 196 198 197 199 198 199 200 200 199 199 200 200 200 201 201 201 203 204 205 200 195 193 193 198 197 199 199 200 201 201 200 201 199 199 199 199 199 199 199 197 198 199 199 199 198 199 199 203 -9999 -9999 -9999
181 189 192 190 183 179 171 167 179 183 190 191 193 191 192 192 192 192 193 194 193 194 194 195 195 195 195 195 196 196 197 197 199 198 201 202 200 201 199 199 199 200 200 201 202 201 201 202 203 202 201 202 202 201 200 200 200 200 200 200 200 200 199 199 198 199 199 198 199 199 199 200 200 199 199 201 202 -9999 -9999 -9999 -9999
192 193 194 192 184 177 170 175 184 184 190 193 193 193 193 192 193 193 194 194 194 194 195 195 195 196 196 196 197 197 197 199 198 199 200 200 200 200 199 199 199 199 200 200 201 201 201 200 201 201 201 200 200 200 200 200 200 200 200 200 200 199 199 199 198 198 198 198 198 198 198 199 200 199 200 203 -9999 -9999 -9999 -9999 -9999
194 194 195 193 189 183 185 187 190 192 193 193 194 194 193 193 194 193 195 194 195 195 195 196 196 196 197 197 197 199 200 198 200 202 203 202 201 200 199 199 199 199 199 200 200 201 201 200 200 200 200 199 199 201 200 200 200 200 200 200 199 199 199 199 198 198 198 198 197 197 198 199 200 200 203 -9999 -9999 -9999 -9999 -9999 -9999
195 195 195 193 195 190 186 186 189 194 194 194 195 194 194 195 195 194 195 195 196 196 196 196 196 197 198 197 198 198 199 201 202 203 203 202 201 200 199 199 199 199 200 200 200 200 200 200 200 199 198 199 200 200 200 200 200 200 200 199 199 199 199 199 198 198 199 198 198 198 199 201 -9999 -9999 -9999 -9999 -9999 -9999 -9999 -9999 -9999
195 196 196 192 193 195 193 191 189 194 195 195 195 195 195 194 196 195 195 196 196 196 196 196 199 199 199 199 198 198 198 200 202 202 202 200 200 200 199 199 199 199 199 199 199 199 199 200 199 198 198 200 200 200 200 200 200 200 199 199 199 199 199 199 199 199 198 199 201 203 -9999 -9999 -9999 -9999 -9999 -9999 -9999 -9999 -9999 -9999 -9999
192 195 196 192 194 197 195 194 196 196 196 196 196 196 195 195 195 196 196 196 196 198 200 200 201 200 199 198 198 198 199 199 200 201 200 200 200 200 199 198 198 198 198 199 199 199 199 199 198 199 199 200 200 199 200 200 200 200 199 199 199 199 199 200 200 199 199 202 -9999 -9999 -9999 -9999 -9999 -9999 -9999 -9999 -9999 -9999 -9999 -9999 -9999
195 196 196 190 195 196 196 196 195 195 196 197 197 196 196 196 196 196 196 196 198 202 202 201 200 199 198 197 197 197 197 199 198 198 200 199 200 201 198 198 198 198 198 199 199 199 199 198 198 199 199 199 199 199 199 199 200 199 199 199 199 199 -9999 -9999 201 200 201 -9999 -9999 -9999 -9999 -9999 -9999 -9999 -9999 -9999 -9999 -9999 -9999 -9999 -9999
195 196 196 192 194 197 197 196 197 196 196 197 196 196 196 196 196 196 198 197 198 200 200 200 199 198 197 197 197 197 198 198 199 200 200 200 200 199 199 198 198 198 198 199 199 199 198 199 199 199 199 199 199 199 199 200 199 199 199 200 200 200 -9999 -9999 203 204 -9999 -9999 -9999 -9999 -9999 -9999 -9999 -9999 -9999 -9999 -9999 -9999 -9999 -9999 -9999
194 194 195 195 193 196 196 196 195 196 196 196 196 196 196 195 198 199 198 198 198 198 198 197 197 197 197 197 197 197 197 198 199 199 200 200 199 198 198 198 198 198 197 198 198 199 199 199 199 199 199 199 199 199 200 199 199 199 200 200 200 200 -9999 -9999 -9999 -9999 -9999 -9999 -9999 -9999 -9999 -9999 -9999 -9999 -9999 -9999 -9999 -9999 -9999 -9999 -9999
189 187 193 194 196 194 194 194 195 195 195 196 196 196 196 198 197 199 198 197 197 196 196 196 196 196 196 196 196 196 197 198 198 198 198 198 197 198 199 200 198 197 197 198 198 199 199 199 199 199 200 200 200 199 199 199 199 200 200 200 200 202 -9999 -9999 -9999 -9999 -9999 -9999 -9999 -9999 -9999 -9999 -9999 -9999 -9999 -9999 -9999 -9999 -9999 -9999 -9999
184 185 190 195 195 193 192 194 192 195 195 196 196 196 200 200 197 196 196 196 197 197 196 196 196 196 196 196 196 196 196 197 198 198 198 198 197 198 200 200 199 197 196 198 199 199 199 199 199 199 200 200 200 199 199 199 200 201 200 202 -9999 -9999 -9999 -9999 -9999 -9999 -9999 -9999 -9999 -9999 -9999 -9999 -9999 -9999 -9999 -9999 -9999 -9999 -9999 -9999 -9999
175 178 186 193 194 195 192 192 193 194 193 195 194 197 195 195 195 196 196 196 196 197 196 196 196 196 197 197 197 197 197 197 197 198 198 198 198 198 199 200 199 198 198 198 198 199 199 199 199 200 199 199 199 199 200 201 202 202 203 -9999 -9999 -9999 -9999 -9999 -9999 -9999 -9999 -9999 -9999 -9999 -9999 -9999 -9999 -9999 -9999 -9999 -9999 -9999 -9999 -9999 -9999
165 168 186 192 193 193 193 195 195 195 194 195 194 196 197 195 195 196 196 196 196 196 196 196 197 197 197 197 197 197 198 197 197 197 197 198 199 199 199 199 198 199 199 199 198 198 198 199 199 199 199 199 199 201 202 202 -9999 -9999 -9999 -9999 -9999 -9999 -9999 -9999 -9999 -9999 -9999 -9999 -9999 -9999 -9999 -9999 -9999 -9999 -9999 -9999 -9999 -9999 -9999 -9999 -9999
175 166 185 192 193 193 194 194 194 195 195 195 198 198 199 196 195 195 196 195 196 196 197 196 197 197 197 196 196 197 196 197 197 198 196 196 197 198 199 198 198 198 199 198 198 198 198 198 198 199 199 200 201 -9999 -9999 -9999 -9999 -9999 -9999 -9999 -9999 -9999 -9999 -9999 -9999 -9999 -9999 -9999 -9999 -9999 -9999 -9999 -9999 -9999 -9999 -9999 -9999 -9999 -9999 -9999 -9999
182 176 178 188 191 192 194 194 194 194 195 196 199 202 199 196 194 195 195 195 195 195 196 196 196 196 196 196 196 195 195 196 195 197 197 197 197 196 196 197 197 197 198 198 198 198 198 198 199 200 202 -9999 -9999 -9999 -9999 -9999 -9999 -9999 -9999 -9999 -9999 -9999 -9999 -9999 -9999 -9999 -9999 -9999 -9999 -9999 -9999 -9999 -9999 -9999 -9999 -9999 -9999 -9999 -9999 -9999 -9999
180 184 180 183 183 191 192 194 194 194 195 200 202 201 197 195 194 194 194 195 194 195 195 195 195 196 196 196 197 197 197 197 198 200 200 200 198 197 197 197 197 198 198 198 199 199 198 199 201 -9999 -9999 -9999 -9999 -9999 -9999 -9999 -9999 -9999 -9999 -9999 -9999 -9999 -9999 -9999 -9999 -9999 -9999 -9999 -9999 -9999 -9999 -9999 -9999 -9999 -9999 -9999 -9999 -9999 -9999 -9999 -9999
176 186 183 180 181 191 193 194 193 195 198 197 197 196 195 195 194 194 194 194 194 195 195 195 195 195 196 196 196 196 197 199 199 200 201 199 197 197 197 197 197 198 198 198 199 199 200 202 -9999 -9999 -9999 -9999 -9999 -9999 -9999 -9999 -9999 -9999 -9999 -9999 -9999 -9999 -9999 -9999 -9999 -9999 -9999 -9999 -9999 -9999 -9999 -9999 -9999 -9999 -9999 -9999 -9999 -9999 -9999 -9999 -9999
183 185 187 180 181 191 193 194 194 194 198 196 197 194 195 195 194 194 194 194 195 195 195 195 195 195 196 197 197 196 196 197 198 200 200 199 196 197 197 197 197 197 199 200 200 200 -9999 -9999 -9999 -9999 -9999 -9999 -9999 -9999 -9999 -9999 -9999 -9999 -9999 -9999 -9999 -9999 -9999 -9999 -9999 -9999 -9999 -9999 -9999 -9999 -9999 -9999 -9999 -9999 -9999 -9999 -9999 -9999 -9999 -9999 -9999
186 189 185 186 179 189 193 193 194 194 194 194 194 194 193 194 194 194 194 194 195 196 196 196 196 196 198 199 198 197 194 196 197 199 199 197 196 196 196 197 198 198 200 -9999 -9999 -9999 -9999 -9999 -9999 -9999 -9999 -9999 -9999 -9999 -9999 -9999 -9999 -9999 -9999 -9999 -9999 -9999 -9999 -9999 -9999 -9999 -9999 -9999 -9999 -9999 -9999 -9999 -9999 -9999 -9999 -9999 -9999 -9999 -9999 -9999 -9999
189 190 189 190 185 188 192 194 194 194 194 194 194 193 194 193 193 194 194 194 194 195 195 196 195 196 198 199 199 198 195 195 195 196 197 196 196 196 196 199 -9999 -9999 -9999 -9999 -9999 -9999 -9999 -9999 -9999 -9999 -9999 -9999 -9999 -9999 -9999 -9999 -9999 -9999 -9999 -9999 -9999 -9999 -9999 -9999 -9999 -9999 -9999 -9999 -9999 -9999 -9999 -9999 -9999 -9999 -9999 -9999 -9999 -9999 -9999 -9999 -9999
186 189 192 193 192 191 191 193 193 193 193 194 193 193 193 193 193 194 194 194 194 195 194 195 195 195 198 200 -9999 197 196 195 195 195 195 196 196 196 198 -9999 -9999 -9999 -9999 -9999 -9999 -9999 -9999 -9999 -9999 -9999 -9999 -9999 -9999 -9999 -9999 -9999 -9999 -9999 -9999 -9999 -9999 -9999 -9999 -9999 -9999 -9999 -9999 -9999 -9999 -9999 -9999 -9999 -9999 -9999 -9999 -9999 -9999 -9999 -9999 -9999 -9999
187 190 191 190 191 191 191 192 193 193 193 193 192 192 192 193 193 193 193 193 194 194 194 194 194 195 197 200 -9999 199 196 194 195 195 196 197 -9999 -9999 -9999 -9999 -9999 -9999 -9999 -9999 -9999 -9999 -9999 -9999 -9999 -9999 -9999 -9999 -9999 -9999 -9999 -9999 -9999 -9999 -9999 -9999 -9999 -9999 -9999 -9999 -9999 -9999 -9999 -9999 -9999 -9999 -9999 -9999 -9999 -9999 -9999 -9999 -9999 -9999 -9999 -9999 -9999
192 191 192 192 191 192 191 192 192 192 193 192 192 192 192 192 193 193 192 192 192 192 194 195 193 193 195 196 198 197 196 195 195 196 197 -9999 -9999 -9999 -9999 -9999 -9999 -9999 -9999 -9999 -9999 -9999 -9999 -9999 -9999 -9999 -9999 -9999 -9999 -9999 -9999 -9999 -9999 -9999 -9999 -9999 -9999 -9999 -9999 -9999 -9999 -9999 -9999 -9999 -9999 -9999 -9999 -9999 -9999 -9999 -9999 -9999 -9999 -9999 -9999 -9999 -9999
192 192 193 193 192 192 193 192 192 192 193 192 192 191 192 192 193 193 191 191 191 191 192 194 193 193 193 193 194 195 195 196 197 -9999 -9999 -9999 -9999 -9999 -9999 -9999 -9999 -9999 -9999 -9999 -9999 -9999 -9999 -9999 -9999 -9999 -9999 -9999 -9999 -9999 -9999 -9999 -9999 -9999 -9999 -9999 -9999 -9999 -9999 -9999 -9999 -9999 -9999 -9999 -9999 -9999 -9999 -9999 -9999 -9999 -9999 -9999 -9999 -9999 -9999 -9999 -9999
190 189 190 191 192 192 192 192 192 192 192 192 192 191 192 192 192 192 192 193 192 191 190 191 191 192 192 193 193 194 197 -9999 -9999 -9999 -9999 -9999 -9999 -9999 -9999 -9999 -9999 -9999 -9999 -9999 -9999 -9999 -9999 -9999 -9999 -9999 -9999 -9999 -9999 -9999 -9999 -9999 -9999 -9999 -9999 -9999 -9999 -9999 -9999 -9999 -9999 -9999 -9999 -9999 -9999 -9999 -9999 -9999 -9999 -9999 -9999 -9999 -9999 -9999 -9999 -9999 -9999
191 190 189 189 189 192 191 191 191 191 192 192 191 192 191 191 191 191 192 193 193 192 189 188 189 191 193 195 195 -9999 -9999 -9999 -9999 -9999 -9999 -9999 -9999 -9999 -9999 -9999 -9999 -9999 -9999 -9999 -9999 -9999 -9999 -9999 -9999 -9999 -9999 -9999 -9999 -9999 -9999 -9999 -9999 -9999 -9999 -9999 -9999 -9999 -9999 -9999 -9999 -9999 -9999 -9999 -9999 -9999 -9999 -9999 -9999 -9999 -9999 -9999 -9999 -9999 -9999 -9999 -9999
