Electronic Materials (Flash Drives)/data/NZclimate/LGM/Miroc_LGM/bio01nz.asc
ncols         384
nrows         384
xllcorner     164
yllcorner     -49
cellsize      0.041666666666667
NODATA_value  -9999
[rows 222 to 258 of 384, columns 164 to 245 of 384]
114 113 113 112 111 110 108 106 105 105 108 89 66 60 78 89 95 94 96 97 97 94 89 81 71 66 64 72 51 49 52 47 78 74 59 57 31 41 26 17 32 53 44 49 32 30 47 30 28 36 39 44 53 55 43 51 39 29 61 69 58 54 63 42 36 28 36 52 76 89 94 94 107 113 110 109 111 113 114 -9999 -9999 -9999
114 113 112 111 110 109 107 106 105 105 93 78 64 73 85 95 98 98 98 95 92 94 91 85 83 69 67 59 54 53 58 59 81 73 65 58 49 35 37 37 34 38 60 50 43 32 46 42 33 35 41 51 55 38 48 38 49 60 62 60 55 57 48 42 53 70 54 73 97 102 -9999 116 112 108 109 111 -9999 -9999 -9999 -9999 -9999 -9999
113 112 111 110 109 108 107 105 104 102 92 76 69 91 96 100 99 97 95 91 88 92 92 89 87 78 77 58 47 49 52 73 77 68 59 43 45 47 36 42 47 46 60 47 36 32 48 49 50 49 46 57 42 47 44 44 64 48 54 47 51 65 75 80 86 92 95 101 103 111 -9999 108 107 109 113 -9999 -9999 -9999 -9999 -9999 -9999 -9999
112 112 110 109 109 108 107 105 104 98 97 83 74 97 100 98 94 92 91 92 91 88 86 83 77 66 76 73 50 54 72 77 60 57 49 53 38 49 35 42 32 40 58 51 45 49 56 58 53 53 59 60 57 65 61 63 48 56 60 54 71 82 92 95 97 99 102 104 104 111 107 107 111 117 -9999 -9999 -9999 -9999 -9999 -9999 -9999 -9999
112 111 109 108 108 107 106 104 102 100 99 96 98 99 95 95 94 93 89 88 89 92 90 76 51 64 57 78 65 69 57 54 41 45 46 39 43 51 35 39 33 48 64 52 50 38 53 55 48 53 52 37 52 54 39 39 55 69 80 81 83 80 81 76 86 96 104 108 102 105 108 109 -9999 -9999 -9999 -9999 -9999 -9999 -9999 -9999 -9999 -9999
111 110 109 108 107 105 104 104 100 96 99 97 98 98 93 89 89 89 90 86 87 89 93 81 49 57 58 72 73 59 53 46 42 38 39 45 47 60 36 52 51 64 53 35 36 39 52 58 57 58 43 51 59 50 59 60 74 76 83 86 87 81 76 74 92 106 117 -9999 -9999 -9999 -9999 -9999 -9999 -9999 -9999 -9999 -9999 -9999 -9999 -9999 -9999 -9999
110 109 108 107 106 104 104 101 100 94 94 94 93 96 94 92 90 89 90 87 82 86 91 89 77 78 64 50 48 55 52 49 41 51 53 45 53 59 46 48 46 65 48 48 64 73 79 83 82 76 65 69 68 76 79 77 73 71 82 89 89 78 79 94 101 111 114 -9999 -9999 -9999 -9999 -9999 -9999 -9999 -9999 -9999 -9999 -9999 -9999 -9999 -9999 -9999
110 109 107 105 104 104 102 101 98 97 95 93 89 90 95 96 93 91 80 82 89 88 90 89 85 80 78 78 55 53 51 36 45 41 35 48 66 41 46 60 62 65 68 72 80 85 87 85 83 74 73 74 80 84 86 77 79 76 86 91 87 81 92 99 99 110 112 -9999 -9999 -9999 -9999 -9999 -9999 -9999 -9999 -9999 -9999 -9999 -9999 -9999 -9999 -9999
109 108 106 104 103 104 99 99 97 93 93 91 91 93 96 97 96 94 84 75 85 84 67 57 62 56 60 69 54 41 40 46 43 54 51 58 65 71 72 72 72 70 62 52 63 71 82 73 74 79 86 89 91 91 90 88 90 90 93 95 94 97 98 102 108 110 -9999 -9999 -9999 -9999 -9999 -9999 -9999 -9999 -9999 -9999 -9999 -9999 -9999 -9999 -9999 -9999
107 106 105 103 101 100 97 95 96 97 94 90 86 82 95 81 87 95 86 72 54 52 75 50 52 61 46 38 46 45 40 49 48 59 42 45 54 57 51 55 55 62 51 52 70 72 84 78 84 91 93 94 95 93 93 91 86 94 97 95 91 87 99 107 105 109 -9999 -9999 -9999 -9999 -9999 -9999 -9999 -9999 -9999 -9999 -9999 -9999 -9999 -9999 -9999 -9999
106 106 105 100 100 99 95 91 93 96 96 71 57 60 88 85 86 73 54 67 51 47 53 42 44 54 39 51 56 64 66 59 67 65 36 35 46 42 52 40 42 70 58 55 77 71 86 88 91 92 93 93 92 96 91 93 82 95 99 99 86 95 100 109 105 108 -9999 -9999 111 116 -9999 -9999 -9999 -9999 -9999 -9999 -9999 -9999 -9999 -9999 -9999 -9999
107 107 100 100 98 94 96 95 93 93 92 85 66 80 89 93 80 58 51 56 44 47 52 54 49 40 43 41 38 43 48 53 59 62 66 60 57 52 63 48 67 77 67 67 81 83 86 85 90 91 93 94 94 89 82 91 95 100 101 101 88 95 108 105 107 112 -9999 -9999 114 -9999 -9999 -9999 -9999 -9999 -9999 -9999 -9999 -9999 -9999 -9999 -9999 -9999
109 101 100 98 100 97 94 92 94 81 73 77 85 77 75 72 59 64 79 78 79 73 57 47 40 37 43 43 43 38 41 55 60 64 68 70 61 47 70 68 74 79 74 79 84 88 90 91 93 93 93 90 78 78 86 89 94 99 100 97 95 98 107 105 107 111 116 -9999 113 -9999 -9999 -9999 -9999 -9999 -9999 -9999 -9999 -9999 -9999 -9999 -9999 -9999
101 100 100 97 99 97 85 93 76 87 77 59 44 45 58 74 50 67 61 50 54 48 35 44 40 48 37 43 34 32 42 52 66 63 58 64 67 48 75 75 77 84 86 87 88 90 91 92 93 94 90 80 77 86 89 88 92 98 99 92 92 105 104 105 106 108 109 110 111 -9999 -9999 -9999 -9999 -9999 -9999 -9999 -9999 -9999 -9999 -9999 -9999 -9999
100 98 100 100 100 99 85 93 73 70 71 65 61 46 62 41 39 59 46 35 43 47 46 51 64 43 51 43 36 24 37 45 45 35 39 59 65 63 74 76 78 85 87 88 89 90 91 91 90 89 90 88 89 91 89 86 95 99 96 98 114 104 105 105 106 108 108 109 112 -9999 -9999 -9999 -9999 -9999 -9999 -9999 -9999 -9999 -9999 -9999 -9999 -9999
96 89 95 94 99 98 96 92 81 67 58 52 50 37 50 23 25 42 35 26 32 42 30 44 59 49 48 56 36 37 46 46 40 32 48 64 68 72 74 72 78 86 87 89 89 88 80 76 84 89 88 91 91 91 93 94 96 100 99 97 106 104 104 105 106 107 108 109 115 -9999 -9999 -9999 -9999 -9999 -9999 -9999 -9999 -9999 -9999 -9999 -9999 -9999
81 81 84 91 97 89 73 67 59 56 38 31 31 26 39 28 29 46 35 37 27 46 44 51 42 69 54 46 56 54 54 57 42 34 47 63 61 67 74 79 81 86 84 88 88 87 85 88 91 93 94 89 88 91 90 94 96 96 100 108 103 104 105 105 106 107 108 109 -9999 -9999 -9999 -9999 -9999 -9999 -9999 -9999 -9999 -9999 -9999 -9999 -9999 -9999
88 70 76 80 84 62 39 62 35 52 24 34 35 16 41 45 50 42 55 35 39 60 61 54 42 67 39 36 53 63 48 34 38 46 56 56 61 66 75 78 84 85 79 85 87 86 88 90 92 94 87 90 91 89 93 96 95 99 108 104 104 105 105 105 106 107 108 112 -9999 -9999 -9999 -9999 -9999 -9999 -9999 -9999 -9999 -9999 -9999 -9999 -9999 -9999
84 79 62 55 77 68 55 51 42 22 40 47 27 21 20 34 48 55 64 66 66 67 67 69 38 65 53 42 62 54 35 41 52 39 53 67 70 71 72 79 86 78 76 82 89 91 95 95 96 90 88 94 93 95 98 112 103 110 106 104 105 105 105 105 106 107 108 110 113 -9999 -9999 -9999 -9999 -9999 -9999 -9999 -9999 -9999 -9999 -9999 -9999 -9999
58 54 37 38 72 61 45 35 27 27 51 55 44 22 30 42 25 32 39 36 30 56 69 71 67 72 72 69 56 32 45 58 58 65 72 65 67 69 78 80 80 87 90 89 94 96 97 89 85 87 89 91 93 99 106 108 103 103 104 104 105 105 105 106 107 108 108 109 111 -9999 -9999 -9999 -9999 -9999 -9999 -9999 -9999 -9999 -9999 -9999 -9999 -9999
36 28 25 53 62 29 23 36 17 32 42 55 56 26 27 50 28 18 41 34 30 31 59 48 67 64 72 61 25 51 60 65 75 75 66 66 70 69 69 69 70 79 88 92 96 97 96 89 92 95 96 101 102 101 102 103 103 104 104 104 105 105 105 106 107 108 108 108 110 -9999 -9999 -9999 -9999 -9999 -9999 -9999 -9999 -9999 -9999 -9999 -9999 -9999
40 27 19 51 32 24 31 50 18 34 43 51 67 53 35 42 51 38 48 32 38 53 53 59 66 64 66 60 38 53 59 77 79 68 63 62 72 84 83 84 80 83 90 93 96 97 98 97 95 101 102 102 102 102 103 103 103 104 104 104 104 105 105 106 106 107 108 108 110 -9999 -9999 -9999 -9999 -9999 -9999 -9999 -9999 -9999 -9999 -9999 -9999 -9999
37 20 15 40 21 27 39 58 20 39 23 26 55 74 68 50 64 64 27 21 54 63 61 63 68 71 70 54 60 67 71 76 66 63 74 79 78 88 91 90 88 85 90 94 97 99 100 112 103 103 102 102 102 103 103 103 103 103 103 104 104 104 105 105 106 107 108 113 -9999 -9999 -9999 -9999 -9999 -9999 -9999 -9999 -9999 -9999 -9999 -9999 -9999 -9999
32 10 13 25 31 24 22 47 65 64 55 39 46 71 66 67 53 60 38 15 51 63 53 42 37 56 71 68 65 57 58 70 76 80 86 89 90 92 93 93 93 90 93 97 98 99 105 102 101 102 102 102 103 103 103 103 103 103 103 103 104 104 105 105 106 107 110 -9999 -9999 -9999 -9999 -9999 -9999 -9999 -9999 -9999 -9999 -9999 -9999 -9999 -9999 -9999
12 24 41 46 55 49 43 50 59 74 76 77 76 72 60 71 63 66 43 31 50 43 34 41 57 64 78 76 78 79 81 79 83 88 90 91 90 91 93 95 95 96 97 99 99 100 100 101 101 102 102 102 102 103 102 102 102 103 103 103 104 104 105 105 106 107 112 -9999 -9999 -9999 -9999 -9999 -9999 -9999 -9999 -9999 -9999 -9999 -9999 -9999 -9999 -9999
24 27 24 9 12 41 62 66 60 62 67 71 76 79 77 68 73 69 62 43 51 54 62 65 75 78 80 83 82 83 85 86 88 89 90 91 92 93 94 95 96 97 98 99 100 100 102 101 101 101 102 102 102 102 102 102 102 102 103 103 104 105 105 105 106 110 -9999 -9999 -9999 110 108 110 -9999 -9999 -9999 -9999 -9999 -9999 -9999 -9999 -9999 -9999
5 27 34 -2 16 23 47 57 33 27 26 26 41 43 59 80 76 73 70 62 44 33 57 67 70 75 81 82 84 85 85 87 88 89 90 91 92 93 94 95 97 98 99 99 100 101 101 101 101 101 101 102 101 102 102 102 102 102 103 103 104 104 105 107 110 -9999 -9999 -9999 -9999 111 107 110 -9999 -9999 -9999 -9999 -9999 -9999 -9999 -9999 -9999 -9999
16 46 19 25 30 40 35 62 61 38 34 31 40 22 30 62 63 79 77 66 44 57 67 74 74 76 80 81 84 86 87 87 88 89 90 92 93 94 95 96 97 98 99 99 99 99 101 101 101 101 101 101 101 102 101 102 102 102 102 103 104 104 108 -9999 -9999 -9999 -9999 113 107 106 105 110 -9999 -9999 -9999 -9999 -9999 -9999 -9999 -9999 -9999 -9999
50 38 28 22 22 42 46 61 65 49 19 30 39 26 36 47 23 62 81 73 70 73 74 73 76 80 82 85 85 86 87 88 89 90 91 91 92 94 95 96 97 98 98 99 99 99 103 102 101 101 101 101 101 101 101 101 102 102 102 103 103 104 106 -9999 -9999 111 107 106 105 105 105 107 109 -9999 -9999 -9999 -9999 -9999 -9999 -9999 -9999 -9999
65 24 30 41 15 43 33 63 65 59 41 6 22 46 54 34 17 50 79 74 71 66 73 75 78 83 84 87 88 88 88 89 90 91 92 92 93 94 95 96 96 97 98 99 99 99 100 100 101 101 101 101 101 101 101 101 101 101 102 103 103 103 104 105 109 111 108 104 104 105 105 105 107 -9999 -9999 -9999 -9999 -9999 -9999 -9999 -9999 -9999
73 52 28 46 38 47 46 61 67 62 44 8 17 33 58 38 44 53 75 80 80 79 81 83 85 85 88 88 89 89 89 90 91 91 92 93 94 94 95 96 97 97 98 99 99 99 99 100 101 101 101 101 101 101 100 100 101 102 103 103 103 103 104 104 108 111 109 105 104 105 105 105 106 107 108 108 113 -9999 -9999 -9999 -9999 -9999
70 76 70 65 60 50 56 66 66 60 56 36 47 49 60 61 66 75 78 79 82 85 84 84 86 87 89 90 90 91 91 91 92 92 93 94 94 95 96 96 97 98 98 97 97 93 97 100 100 100 100 100 100 101 100 101 100 101 102 102 103 103 104 104 104 105 105 104 104 104 104 104 103 104 105 106 109 -9999 -9999 -9999 -9999 -9999
62 77 76 55 64 63 64 68 65 49 63 61 41 47 65 72 78 79 80 82 82 83 86 87 86 87 88 89 90 91 92 93 93 93 94 94 95 96 96 97 97 98 92 86 88 89 95 93 93 98 100 100 100 100 101 101 100 101 101 102 103 103 103 104 104 104 103 104 104 104 103 102 101 103 104 106 109 -9999 -9999 -9999 -9999 -9999
62 75 78 64 43 44 64 62 65 66 72 69 64 69 80 80 80 81 82 83 84 85 86 87 88 88 89 90 91 91 93 93 94 94 95 96 96 97 97 97 98 97 86 93 96 90 83 89 85 90 89 91 97 99 101 100 100 101 102 102 102 103 103 103 104 104 103 104 104 104 102 100 100 102 104 105 109 -9999 -9999 -9999 -9999 -9999
55 69 75 77 65 60 56 64 53 66 67 76 78 79 82 83 83 84 84 85 85 86 87 87 88 90 90 90 91 92 93 94 94 95 95 96 97 97 98 98 98 96 88 92 85 72 75 84 80 91 76 83 84 95 94 99 100 102 102 102 102 103 103 103 103 104 104 104 104 104 103 102 102 103 104 105 107 -9999 -9999 -9999 -9999 -9999
53 41 33 37 53 63 70 76 70 60 67 76 77 81 82 84 85 86 86 87 87 87 88 88 89 90 90 91 92 93 93 94 95 95 96 96 97 97 98 98 98 98 97 91 87 81 73 79 76 84 82 79 84 84 94 99 100 101 102 102 102 103 103 103 103 104 103 104 103 103 103 103 104 104 104 105 106 110 -9999 -9999 -9999 -9999
23 28 45 52 52 61 47 53 70 76 79 79 77 83 84 85 86 87 88 88 88 89 89 89 90 90 91 92 93 93 94 94 95 96 96 97 97 98 98 98 98 98 98 97 92 83 86 91 75 90 97 90 76 86 90 98 99 101 102 102 102 102 102 103 103 103 103 103 102 103 103 103 104 104 105 106 107 -9999 -9999 -9999 -9999 -9999
