Electronic Materials (Flash Drives)/data/NZclimate/LGM/Miroc_LGM/bio05nz.asc
ncols         384
nrows         384
xllcorner     164
yllcorner     -49
cellsize      0.041666666666667
NODATA_value  -9999
[rows 324 to 359 of 384, columns 81 to 161 of 384]
176 176 176 175 176 175 175 175 175 175 175 175 175 175 175 176 176 175 176 178 169 172 173 173 173 173 174 175 174 175 176 176 176 176 176 176 176 175 174 175 176 175 175 174 167 166 169 173 176 176 174 171 173 173 169 172 176 176 176 177 177 177 177 177 177 176 175 175 175 178 -9999 -9999 -9999 -9999 -9999 -9999 -9999 -9999 -9999 -9999 -9999
176 176 175 175 175 175 175 174 174 174 174 174 174 174 174 174 174 174 175 176 171 172 172 173 173 173 173 174 174 175 174 175 176 176 176 175 173 174 173 170 170 172 175 170 170 171 170 171 172 175 177 174 174 172 176 178 177 177 178 177 177 177 177 176 177 175 175 175 175 -9999 -9999 -9999 -9999 -9999 -9999 -9999 -9999 -9999 -9999 -9999 -9999
175 176 175 175 175 174 174 174 174 174 174 173 174 174 173 174 174 174 174 174 174 169 170 169 172 172 173 173 173 174 174 175 177 178 175 175 175 172 171 171 170 171 175 173 172 173 174 175 174 176 176 175 176 177 178 177 178 177 177 177 177 177 176 176 177 176 175 175 177 -9999 -9999 -9999 -9999 -9999 -9999 -9999 -9999 -9999 -9999 -9999 -9999
175 175 175 174 174 174 173 173 174 173 173 172 172 172 172 173 173 173 172 172 172 172 172 173 173 173 173 172 173 173 174 174 176 177 173 174 175 174 172 174 173 173 175 174 174 175 174 173 177 177 177 177 177 177 178 178 177 177 177 177 177 176 176 176 176 175 175 178 -9999 -9999 -9999 -9999 -9999 -9999 -9999 -9999 -9999 -9999 -9999 -9999 -9999
176 175 174 174 173 173 172 171 170 165 166 167 168 169 170 171 171 172 173 173 172 172 172 172 172 172 172 172 172 172 173 173 175 175 175 176 176 176 176 174 175 175 175 176 176 176 177 177 177 177 178 177 177 177 178 178 177 177 177 176 176 176 176 177 177 177 -9999 -9999 -9999 -9999 -9999 -9999 -9999 -9999 -9999 -9999 -9999 -9999 -9999 -9999 -9999
177 176 175 173 172 171 171 170 167 163 156 156 150 157 167 170 170 171 171 171 171 171 171 171 171 171 171 170 172 172 172 173 173 174 174 174 175 175 175 175 176 176 176 176 177 177 177 178 177 176 177 177 177 177 176 176 177 176 176 176 176 177 179 -9999 -9999 -9999 -9999 -9999 -9999 -9999 -9999 -9999 -9999 -9999 -9999 -9999 -9999 -9999 -9999 -9999 -9999
-9999 177 174 172 170 164 165 169 163 167 164 165 158 154 163 169 169 170 170 170 171 171 171 170 170 170 170 170 170 171 171 172 172 173 174 174 175 175 175 175 176 176 176 177 177 177 177 177 177 176 176 176 176 175 175 175 176 176 176 178 179 -9999 -9999 -9999 -9999 -9999 -9999 -9999 -9999 -9999 -9999 -9999 -9999 -9999 -9999 -9999 -9999 -9999 -9999 -9999 -9999
-9999 176 173 169 168 169 169 168 163 165 167 166 166 162 155 163 165 169 169 170 170 170 170 170 170 170 170 170 171 172 172 172 172 173 172 173 173 174 174 175 175 175 176 176 176 176 176 175 175 176 176 176 175 175 175 175 175 176 178 -9999 -9999 -9999 -9999 -9999 -9999 -9999 -9999 -9999 -9999 -9999 -9999 -9999 -9999 -9999 -9999 -9999 -9999 -9999 -9999 -9999 -9999
-9999 -9999 173 169 170 171 170 169 166 164 165 166 166 156 154 158 162 165 166 169 169 169 169 170 170 170 170 170 171 171 172 172 172 172 172 172 173 174 174 174 174 174 174 175 175 174 175 175 175 176 176 175 175 175 175 175 175 177 -9999 -9999 -9999 -9999 -9999 -9999 -9999 -9999 -9999 -9999 -9999 -9999 -9999 -9999 -9999 -9999 -9999 -9999 -9999 -9999 -9999 -9999 -9999
-9999 -9999 176 175 174 173 172 170 168 162 163 164 164 166 164 165 165 164 166 168 167 170 169 170 169 170 171 172 172 172 172 172 172 171 171 172 173 173 174 174 174 174 174 174 175 174 175 175 174 174 174 175 175 175 174 175 177 178 -9999 -9999 -9999 -9999 -9999 -9999 -9999 -9999 -9999 -9999 -9999 -9999 -9999 -9999 -9999 -9999 -9999 -9999 -9999 -9999 -9999 -9999 -9999
-9999 -9999 -9999 -9999 -9999 175 172 167 165 164 161 160 155 160 163 164 163 166 166 167 168 168 168 169 169 170 171 172 172 173 172 172 172 172 172 172 173 173 173 172 173 173 174 174 174 174 175 174 174 174 174 174 174 173 173 176 -9999 -9999 -9999 -9999 -9999 -9999 -9999 -9999 -9999 -9999 -9999 -9999 -9999 -9999 -9999 -9999 -9999 -9999 -9999 -9999 -9999 -9999 -9999 -9999 -9999
-9999 -9999 -9999 -9999 -9999 174 172 164 160 159 160 163 161 157 154 158 159 162 163 164 166 168 167 168 168 170 170 170 171 171 171 172 172 172 172 172 172 172 172 172 173 173 173 174 174 173 174 174 174 174 174 173 174 174 175 -9999 -9999 -9999 -9999 -9999 -9999 -9999 -9999 -9999 -9999 -9999 -9999 -9999 -9999 -9999 -9999 -9999 -9999 -9999 -9999 -9999 -9999 -9999 -9999 -9999 -9999
-9999 -9999 -9999 -9999 -9999 173 165 161 155 156 153 150 153 153 155 158 159 161 160 162 165 167 166 167 168 169 169 170 170 170 170 171 171 171 171 171 172 172 172 171 173 173 172 172 173 173 173 173 173 173 174 173 175 -9999 -9999 -9999 -9999 -9999 -9999 -9999 -9999 -9999 -9999 -9999 -9999 -9999 -9999 -9999 -9999 -9999 -9999 -9999 -9999 -9999 -9999 -9999 -9999 -9999 -9999 -9999 -9999
-9999 -9999 -9999 -9999 172 157 154 157 160 157 147 148 157 159 161 163 162 161 163 163 165 166 166 167 167 169 169 169 170 170 170 170 171 171 171 171 170 172 172 172 171 173 172 172 172 172 173 173 172 172 172 173 175 -9999 -9999 -9999 -9999 -9999 -9999 -9999 -9999 -9999 -9999 -9999 -9999 -9999 -9999 -9999 -9999 -9999 -9999 -9999 -9999 -9999 -9999 -9999 -9999 -9999 -9999 -9999 -9999
-9999 -9999 -9999 171 162 156 154 153 155 150 149 153 156 158 162 162 162 162 163 163 164 165 166 167 168 169 169 169 169 170 170 170 170 170 171 171 170 170 170 172 171 171 172 172 172 171 172 172 172 172 172 173 -9999 -9999 -9999 -9999 -9999 -9999 -9999 -9999 -9999 -9999 -9999 -9999 -9999 -9999 -9999 -9999 -9999 -9999 -9999 -9999 -9999 -9999 -9999 -9999 -9999 -9999 -9999 -9999 -9999
160 164 165 167 160 157 158 158 156 157 154 155 157 161 160 163 164 164 164 165 166 166 167 168 169 169 169 169 169 169 169 170 169 169 170 170 171 170 170 170 171 171 171 171 171 172 171 172 172 172 174 -9999 -9999 -9999 -9999 -9999 -9999 -9999 -9999 -9999 -9999 -9999 -9999 -9999 -9999 -9999 -9999 -9999 -9999 -9999 -9999 -9999 -9999 -9999 -9999 -9999 -9999 -9999 -9999 -9999 -9999
162 164 162 161 159 158 160 160 159 160 158 159 159 163 164 165 165 166 166 166 167 167 167 167 167 167 168 169 169 169 168 169 169 169 169 169 169 169 170 170 170 170 171 170 170 171 171 171 171 173 -9999 -9999 -9999 -9999 -9999 -9999 -9999 -9999 -9999 -9999 -9999 -9999 -9999 -9999 -9999 -9999 -9999 -9999 -9999 -9999 -9999 -9999 -9999 -9999 -9999 -9999 -9999 -9999 -9999 -9999 -9999
158 158 156 152 159 161 161 162 163 167 170 170 168 166 166 166 166 166 166 166 166 167 167 167 167 168 167 168 168 168 168 168 168 169 169 169 169 169 169 170 169 169 170 170 170 171 172 172 174 -9999 -9999 -9999 -9999 -9999 -9999 -9999 -9999 -9999 -9999 -9999 -9999 -9999 -9999 -9999 -9999 -9999 -9999 -9999 -9999 -9999 -9999 -9999 -9999 -9999 -9999 -9999 -9999 -9999 -9999 -9999 -9999
157 160 155 150 154 160 159 162 164 167 167 167 166 166 166 166 166 166 166 166 166 166 167 166 167 167 168 168 167 167 167 167 167 167 168 169 169 169 168 168 169 168 169 169 170 171 172 -9999 -9999 -9999 -9999 -9999 -9999 -9999 -9999 -9999 -9999 -9999 -9999 -9999 -9999 -9999 -9999 -9999 -9999 -9999 -9999 -9999 -9999 -9999 -9999 -9999 -9999 -9999 -9999 -9999 -9999 -9999 -9999 -9999 -9999
165 166 165 163 163 164 165 165 165 165 166 166 165 164 164 163 164 164 165 165 164 164 164 164 165 165 166 167 166 166 167 167 166 167 167 168 167 168 168 168 168 168 169 169 170 171 -9999 -9999 -9999 -9999 -9999 -9999 -9999 -9999 -9999 -9999 -9999 -9999 -9999 -9999 -9999 -9999 -9999 -9999 -9999 -9999 -9999 -9999 -9999 -9999 -9999 -9999 -9999 -9999 -9999 -9999 -9999 -9999 -9999 -9999 -9999
165 164 165 166 166 166 165 164 165 165 164 164 163 163 162 161 161 161 162 162 162 163 163 163 164 165 165 166 167 167 167 167 166 167 167 167 167 167 167 167 168 168 169 168 169 170 -9999 -9999 -9999 -9999 -9999 -9999 -9999 -9999 -9999 -9999 -9999 -9999 -9999 -9999 -9999 -9999 -9999 -9999 -9999 -9999 -9999 -9999 -9999 -9999 -9999 -9999 -9999 -9999 -9999 -9999 -9999 -9999 -9999 -9999 -9999
165 165 165 165 164 166 164 165 163 164 162 163 162 161 160 160 161 161 162 163 164 164 164 164 164 165 166 167 167 167 166 166 166 166 167 167 167 167 167 167 168 168 169 169 169 170 -9999 -9999 -9999 -9999 -9999 -9999 -9999 -9999 -9999 -9999 -9999 -9999 -9999 -9999 -9999 -9999 -9999 -9999 -9999 -9999 -9999 -9999 -9999 -9999 -9999 -9999 -9999 -9999 -9999 -9999 -9999 -9999 -9999 -9999 -9999
163 163 163 165 164 164 163 162 162 163 162 160 161 160 160 160 160 162 163 164 165 165 165 165 165 165 166 166 166 166 166 166 166 166 166 166 166 166 167 168 169 170 171 -9999 -9999 -9999 -9999 -9999 -9999 -9999 -9999 -9999 -9999 -9999 -9999 -9999 -9999 -9999 -9999 -9999 -9999 -9999 -9999 -9999 -9999 -9999 -9999 -9999 -9999 -9999 -9999 -9999 -9999 -9999 -9999 -9999 -9999 -9999 -9999 -9999 -9999
163 163 163 163 163 162 162 161 162 160 160 160 160 160 160 161 161 163 164 164 164 164 165 165 164 165 165 165 165 165 165 165 165 165 165 166 166 167 168 169 170 -9999 -9999 -9999 -9999 -9999 -9999 -9999 -9999 -9999 -9999 -9999 -9999 -9999 -9999 -9999 -9999 -9999 -9999 -9999 -9999 -9999 -9999 -9999 -9999 -9999 -9999 -9999 -9999 -9999 -9999 -9999 -9999 -9999 -9999 -9999 -9999 -9999 -9999 -9999 -9999
164 164 163 161 160 161 161 160 160 160 160 160 160 159 160 161 163 163 163 163 163 163 163 164 164 164 164 164 164 164 165 165 165 165 165 165 166 167 169 169 -9999 -9999 -9999 -9999 -9999 -9999 -9999 -9999 -9999 -9999 -9999 -9999 -9999 -9999 -9999 -9999 -9999 -9999 -9999 -9999 -9999 -9999 -9999 -9999 -9999 -9999 -9999 -9999 -9999 -9999 -9999 -9999 -9999 -9999 -9999 -9999 -9999 -9999 -9999 -9999 -9999
163 163 161 159 159 161 162 163 162 162 162 161 159 159 160 162 162 163 163 163 163 163 163 164 163 163 164 164 164 164 164 164 164 164 164 165 166 168 169 -9999 -9999 -9999 -9999 -9999 -9999 -9999 -9999 -9999 -9999 -9999 -9999 -9999 -9999 -9999 -9999 -9999 -9999 -9999 -9999 -9999 -9999 -9999 -9999 -9999 -9999 -9999 -9999 -9999 -9999 -9999 -9999 -9999 -9999 -9999 -9999 -9999 -9999 -9999 -9999 -9999 -9999
162 161 160 159 159 159 162 163 164 162 162 162 161 161 162 162 162 163 163 163 163 163 163 163 163 163 164 163 163 163 164 164 164 164 164 164 165 167 -9999 -9999 -9999 -9999 -9999 -9999 -9999 -9999 -9999 -9999 -9999 -9999 -9999 -9999 -9999 -9999 -9999 -9999 -9999 -9999 -9999 -9999 -9999 -9999 -9999 -9999 -9999 -9999 -9999 -9999 -9999 -9999 -9999 -9999 -9999 -9999 -9999 -9999 -9999 -9999 -9999 -9999 -9999
161 161 160 160 159 159 160 162 162 162 162 163 163 163 163 162 162 162 162 162 162 162 162 163 163 163 163 163 163 163 163 163 163 163 163 163 164 167 -9999 -9999 -9999 -9999 -9999 -9999 -9999 -9999 -9999 -9999 -9999 -9999 -9999 -9999 -9999 -9999 -9999 -9999 -9999 -9999 -9999 -9999 -9999 -9999 -9999 -9999 -9999 -9999 -9999 -9999 -9999 -9999 -9999 -9999 -9999 -9999 -9999 -9999 -9999 -9999 -9999 -9999 -9999
160 160 160 160 160 160 160 161 162 162 162 162 162 162 162 162 162 162 162 162 162 162 162 162 162 163 163 163 163 162 163 162 161 161 161 162 164 166 -9999 -9999 -9999 -9999 -9999 -9999 -9999 -9999 -9999 -9999 -9999 -9999 -9999 -9999 -9999 -9999 -9999 -9999 -9999 -9999 -9999 -9999 -9999 -9999 -9999 -9999 -9999 -9999 -9999 -9999 -9999 -9999 -9999 -9999 -9999 -9999 -9999 -9999 -9999 -9999 -9999 -9999 -9999
161 161 161 161 160 160 160 161 161 161 161 161 161 162 162 162 162 162 162 162 162 162 162 162 161 161 162 162 162 162 162 161 161 160 162 164 -9999 -9999 -9999 -9999 -9999 -9999 -9999 -9999 -9999 -9999 -9999 -9999 -9999 -9999 -9999 -9999 -9999 -9999 -9999 -9999 -9999 -9999 -9999 -9999 -9999 -9999 -9999 -9999 -9999 -9999 -9999 -9999 -9999 -9999 -9999 -9999 -9999 -9999 -9999 -9999 -9999 -9999 -9999 -9999 -9999
160 161 160 160 160 160 160 160 160 161 161 161 161 161 161 161 161 161 160 161 161 161 161 162 162 161 161 162 162 162 161 160 159 160 164 -9999 -9999 -9999 -9999 -9999 -9999 -9999 -9999 -9999 -9999 -9999 -9999 -9999 -9999 -9999 -9999 -9999 -9999 -9999 -9999 -9999 -9999 -9999 -9999 -9999 -9999 -9999 -9999 -9999 -9999 -9999 -9999 -9999 -9999 -9999 -9999 -9999 -9999 -9999 -9999 -9999 -9999 -9999 -9999 -9999 -9999
159 159 159 159 159 159 159 160 160 161 161 159 159 159 161 161 161 161 160 160 160 161 161 161 161 161 160 160 161 161 161 161 160 160 164 -9999 -9999 -9999 -9999 -9999 -9999 -9999 -9999 -9999 -9999 -9999 -9999 -9999 -9999 -9999 -9999 -9999 -9999 -9999 -9999 -9999 -9999 -9999 -9999 -9999 -9999 -9999 -9999 -9999 -9999 -9999 -9999 -9999 -9999 -9999 -9999 -9999 -9999 -9999 -9999 -9999 -9999 -9999 -9999 -9999 -9999
157 156 155 155 156 158 159 159 159 159 159 159 159 159 159 159 160 160 160 160 161 161 162 162 162 162 161 161 162 163 163 163 163 163 -9999 -9999 -9999 -9999 -9999 -9999 -9999 -9999 -9999 -9999 -9999 -9999 -9999 -9999 -9999 -9999 -9999 -9999 -9999 -9999 -9999 -9999 -9999 -9999 -9999 -9999 -9999 -9999 -9999 -9999 -9999 -9999 -9999 -9999 -9999 -9999 -9999 -9999 -9999 -9999 -9999 -9999 -9999 -9999 -9999 -9999 -9999
156 155 155 155 156 157 158 158 158 158 158 159 159 159 159 159 160 160 160 161 161 162 163 162 163 163 163 164 -9999 -9999 -9999 -9999 -9999 -9999 -9999 -9999 -9999 -9999 -9999 -9999 -9999 -9999 -9999 -9999 -9999 -9999 -9999 -9999 -9999 -9999 -9999 -9999 -9999 -9999 -9999 -9999 -9999 -9999 -9999 -9999 -9999 -9999 -9999 -9999 -9999 -9999 -9999 -9999 -9999 -9999 -9999 -9999 -9999 -9999 -9999 -9999 -9999 -9999 -9999 -9999 -9999
156 156 157 158 158 157 158 157 158 158 158 158 158 159 159 160 160 160 161 161 161 163 164 164 -9999 -9999 -9999 -9999 -9999 -9999 -9999 -9999 -9999 -9999 -9999 -9999 -9999 -9999 -9999 -9999 -9999 -9999 -9999 -9999 -9999 -9999 -9999 -9999 -9999 -9999 -9999 -9999 -9999 -9999 -9999 -9999 -9999 -9999 -9999 -9999 -9999 -9999 -9999 -9999 -9999 -9999 -9999 -9999 -9999 -9999 -9999 -9999 -9999 -9999 -9999 -9999 -9999 -9999 -9999 -9999 -9999
157 157 157 157 157 156 155 155 155 156 157 157 158 158 159 160 160 161 161 161 162 162 -9999 -9999 -9999 -9999 -9999 -9999 -9999 -9999 -9999 -9999 -9999 -9999 -9999 -9999 -9999 -9999 -9999 -9999 -9999 -9999 -9999 -9999 -9999 -9999 -9999 -9999 -9999 -9999 -9999 -9999 -9999 -9999 -9999 -9999 -9999 -9999 -9999 -9999 -9999 -9999 -9999 -9999 -9999 -9999 -9999 -9999 -9999 -9999 -9999 -9999 -9999 -9999 -9999 -9999 -9999 -9999 -9999 -9999 -9999
