Electronic Materials (Flash Drives)/data/NZclimate/LGM/Miroc_LGM/bio06nz.asc
ncols         384
nrows         384
xllcorner     164
yllcorner     -49
cellsize      0.041666666666667
NODATA_value  -9999
[rows 259 to 295 of 384, columns 84 to 167 of 384]
-9999 -9999 -9999 -9999 -9999 -9999 -9999 -9999 -9999 -9999 -9999 -9999 -9999 -9999 -9999 -9999 -9999 -9999 -9999 -9999 -9999 -9999 -9999 -9999 -9999 -9999 -9999 -9999 7 4 2 0 0 0 0 0 0 -4 -4 -5 -13 -26 -42 -43 -32 -36 -43 -47 -30 -43 -76 -75 -62 -82 -69 -49 -65 -83 -80 -67 -86 -76 -41 -35 -64 -58 -87 -89 -74 -58 -71 -66 -42 -41 -49 -65 -79 -96 -84 -85 -66 -52 -56 -56
-9999 -9999 -9999 -9999 -9999 -9999 -9999 -9999 -9999 -9999 -9999 -9999 -9999 -9999 -9999 -9999 -9999 -9999 -9999 -9999 -9999 -9999 -9999 -9999 -9999 -9999 -9999 -9999 -9999 6 0 -1 -1 -1 -3 -4 -4 -5 -5 -11 -35 -46 -37 -45 -56 -60 -66 -67 -58 -57 -62 -57 -67 -51 -39 -81 -86 -73 -87 -56 -91 -73 -42 -33 -41 -61 -76 -84 -67 -68 -46 -44 -40 -42 -52 -78 -84 -91 -91 -69 -45 -45 -51 -40
-9999 -9999 -9999 -9999 -9999 -9999 -9999 -9999 -9999 -9999 -9999 -9999 -9999 -9999 -9999 -9999 -9999 -9999 -9999 -9999 -9999 -9999 -9999 -9999 -9999 -9999 -9999 -9999 -9999 8 1 0 0 -4 -4 -5 -5 -6 -12 -41 -30 -40 -50 -47 -66 -67 -60 -60 -31 -33 -41 -58 -41 -42 -77 -71 -63 -67 -77 -57 -100 -85 -46 -32 -38 -54 -61 -62 -58 -52 -46 -42 -41 -44 -57 -80 -77 -67 -73 -42 -36 -33 -38 -34
-9999 -9999 -9999 -9999 -9999 -9999 -9999 -9999 -9999 -9999 -9999 -9999 -9999 -9999 -9999 -9999 -9999 -9999 -9999 -9999 -9999 -9999 -9999 -9999 -9999 -9999 -9999 -9999 -9999 2 0 -4 -5 -5 -5 -6 -14 -32 -29 -15 -29 -35 -21 -27 -32 -53 -43 -28 -18 -37 -53 -56 -53 -80 -81 -64 -59 -88 -54 -64 -96 -78 -53 -33 -34 -47 -53 -52 -51 -49 -44 -42 -41 -46 -66 -84 -74 -53 -47 -34 -30 -31 -42 -45
-9999 -9999 -9999 -9999 -9999 -9999 -9999 -9999 -9999 -9999 -9999 -9999 -9999 -9999 -9999 -9999 -9999 -9999 -9999 -9999 -9999 5 2 3 -3 -8 -8 -8 -4 -5 -5 -5 -6 -15 -22 -33 -36 -24 -57 -52 -23 -34 -59 -54 -47 -22 -15 -31 -61 -78 -78 -76 -85 -66 -79 -51 -74 -91 -44 -75 -89 -91 -61 -33 -33 -41 -46 -48 -48 -49 -45 -43 -43 -48 -63 -66 -54 -41 -32 -28 -26 -29 -40 -47
-9999 -9999 -9999 -9999 -9999 -9999 -9999 -9999 -9999 -9999 -9999 -9999 -9999 -9999 -9999 -9999 -9999 -9999 -9999 -9999 -2 -6 -14 -15 -17 -16 -13 -16 -9 -7 -9 -8 -13 -32 -61 -29 -53 -43 -31 -50 -53 -52 -46 -44 -30 -33 -49 -60 -66 -75 -66 -60 -86 -71 -67 -44 -82 -62 -46 -78 -88 -84 -64 -33 -34 -40 -43 -47 -46 -45 -43 -43 -45 -55 -71 -55 -33 -31 -27 -26 -25 -26 -30 -40
-9999 -9999 -9999 -9999 -9999 -9999 -9999 -9999 -9999 -9999 -9999 -9999 -9999 -9999 -9999 -9999 -9999 -9999 -9999 -3 -3 -3 -4 -8 -20 -27 -33 -16 -13 -8 -22 -39 -27 -44 -47 -53 -45 -55 -42 -37 -46 -59 -51 -64 -59 -46 -82 -74 -75 -77 -47 -76 -88 -78 -82 -48 -48 -39 -67 -81 -82 -69 -60 -34 -33 -37 -41 -43 -41 -41 -40 -41 -43 -47 -53 -48 -38 -33 -25 -23 -23 -25 -21 -29
-9999 -9999 -9999 -9999 -9999 -9999 -9999 -9999 -9999 -9999 -9999 -9999 -9999 -9999 -9999 -9999 -9999 2 -8 -16 -13 -23 -27 -21 -7 -27 -23 -22 -30 -15 -60 -28 -23 -57 -54 -60 -61 -55 -62 -64 -54 -54 -68 -59 -46 -73 -73 -73 -66 -43 -60 -86 -81 -74 -77 -48 -35 -45 -87 -80 -66 -49 -49 -34 -34 -38 -41 -37 -38 -38 -37 -38 -38 -41 -46 -36 -45 -45 -28 -22 -21 -27 -23 -18
-9999 -9999 -9999 -9999 -9999 -9999 -9999 -9999 -9999 -9999 -9999 -9999 -9999 -9999 -9999 -9999 3 -5 -11 -20 -29 -31 -30 -34 -16 -28 -40 -44 -27 -19 -42 -36 -61 -53 -48 -73 -60 -70 -62 -62 -64 -58 -42 -39 -58 -65 -66 -78 -50 -55 -89 -67 -86 -80 -63 -45 -34 -52 -81 -63 -45 -40 -38 -34 -34 -36 -43 -35 -35 -35 -35 -36 -36 -42 -58 -40 -40 -55 -35 -24 -21 -28 -22 -16
-9999 -9999 -9999 -9999 -9999 -9999 -9999 -9999 -9999 -9999 -9999 -9999 -9999 -9999 -9999 -7 -16 -14 -17 -21 -28 -33 -23 -23 -41 -56 -66 -31 -15 -49 -25 -54 -62 -71 -67 -71 -64 -60 -64 -51 -53 -40 -40 -64 -73 -76 -65 -54 -40 -79 -77 -58 -77 -77 -62 -48 -34 -54 -77 -52 -39 -35 -35 -34 -34 -35 -36 -34 -33 -34 -34 -34 -35 -41 -53 -42 -33 -41 -28 -23 -21 -30 -20 -15
-9999 -9999 -9999 -9999 -9999 -9999 -9999 -9999 -9999 -9999 -9999 -9999 -9999 -4 -8 -16 -24 -27 -21 -34 -43 -35 -25 -49 -56 -57 -33 -19 -36 -64 -31 -71 -90 -71 -68 -70 -48 -48 -65 -64 -51 -28 -72 -70 -80 -65 -63 -34 -76 -78 -52 -72 -87 -69 -84 -44 -34 -54 -67 -49 -35 -33 -32 -32 -31 -32 -33 -35 -32 -35 -33 -37 -39 -43 -60 -48 -38 -31 -25 -23 -21 -26 -21 -14
-9999 -9999 -9999 -9999 -9999 -9999 -9999 -9999 -9999 -9999 -9999 -9999 4 -8 -14 -26 -33 -38 -28 -39 -54 -38 -57 -66 -60 -36 -13 -29 -32 -41 -42 -47 -82 -52 -56 -52 -64 -65 -47 -37 -24 -52 -74 -64 -64 -74 -45 -45 -81 -65 -52 -88 -74 -85 -79 -45 -35 -44 -41 -35 -34 -32 -32 -31 -30 -29 -30 -33 -38 -44 -37 -50 -60 -48 -68 -55 -44 -36 -28 -26 -22 -20 -23 -17
-9999 -9999 -9999 -9999 -9999 -9999 -9999 -9999 -9999 -9999 -9999 -4 -6 -6 -5 -7 -9 -14 -29 -40 -61 -46 -68 -66 -44 -16 -33 -64 -34 -74 -45 -74 -71 -79 -65 -63 -62 -64 -63 -39 -28 -69 -79 -75 -63 -47 -29 -69 -67 -71 -51 -66 -66 -82 -80 -50 -40 -38 -38 -38 -36 -33 -41 -31 -29 -28 -29 -29 -33 -37 -47 -61 -78 -60 -67 -49 -62 -44 -35 -39 -24 -22 -19 -19
-9999 -9999 -9999 -9999 -9999 -9999 -9999 -9999 -9999 -9999 -9999 -5 -11 -31 -22 -35 -21 -28 -60 -43 -58 -66 -71 -44 -33 -56 -73 -50 -61 -79 -76 -94 -58 -79 -61 -63 -58 -52 -44 -24 -40 -68 -77 -73 -63 -33 -44 -74 -56 -78 -64 -47 -63 -74 -61 -49 -40 -39 -38 -39 -34 -39 -65 -54 -29 -27 -28 -29 -39 -40 -48 -54 -75 -66 -46 -41 -58 -59 -43 -40 -30 -20 -18 -19
-9999 -9999 -9999 -9999 -9999 -9999 -9999 -9999 -9999 -9 -10 -20 -11 -16 -27 -53 -36 -19 -51 -61 -82 -65 -53 -40 -52 -58 -75 -62 -80 -104 -75 -52 -59 -81 -78 -63 -75 -62 -30 -21 -34 -72 -66 -52 -42 -28 -53 -50 -62 -76 -63 -54 -49 -56 -75 -55 -40 -39 -41 -36 -44 -55 -82 -55 -34 -27 -31 -37 -40 -49 -46 -54 -58 -48 -44 -39 -43 -67 -54 -49 -38 -21 -19 -16
-9999 -9999 -9999 -9999 -9999 -9999 -9999 -9999 -8 -18 -19 -20 -21 -17 -49 -51 -40 -21 -67 -71 -92 -87 -57 -54 -70 -89 -94 -76 -62 -100 -69 -43 -73 -81 -69 -74 -75 -61 -30 -22 -33 -41 -37 -29 -28 -36 -47 -62 -74 -78 -61 -56 -46 -53 -68 -52 -37 -40 -33 -32 -35 -52 -74 -63 -37 -29 -38 -51 -50 -66 -57 -50 -57 -52 -41 -37 -36 -51 -63 -59 -36 -23 -19 -20
-9999 -9999 -9999 -9999 -9999 -9999 -9999 -6 -14 -27 -19 -31 -48 -14 -52 -48 -17 -52 -51 -68 -89 -74 -70 -95 -81 -91 -80 -58 -56 -65 -57 -33 -38 -61 -84 -71 -60 -66 -35 -23 -54 -43 -27 -33 -62 -69 -73 -70 -74 -61 -62 -72 -57 -53 -55 -44 -37 -34 -32 -32 -30 -31 -56 -66 -36 -39 -49 -64 -61 -82 -72 -65 -80 -67 -42 -34 -31 -39 -52 -61 -37 -23 -19 -19
-9999 -9999 -9999 -9999 -9999 -9999 -9999 -7 -20 -27 -41 -49 -55 -15 -45 -24 -43 -62 -72 -84 -70 -59 -56 -58 -65 -72 -97 -91 -64 -56 -63 -80 -56 -27 -62 -93 -68 -38 -27 -30 -56 -38 -26 -37 -46 -48 -59 -63 -66 -53 -52 -70 -54 -49 -57 -39 -36 -35 -35 -54 -46 -29 -38 -40 -32 -43 -59 -45 -57 -65 -57 -57 -80 -55 -37 -31 -31 -34 -42 -50 -46 -28 -21 -18
-9999 -9999 -9999 -9999 -9999 -9999 -8 -14 -44 -65 -51 -63 -68 -42 -13 -27 -65 -79 -66 -72 -43 -77 -89 -75 -67 -87 -88 -77 -67 -86 -72 -83 -67 -26 -50 -74 -49 -23 -26 -51 -54 -40 -27 -33 -63 -62 -69 -73 -57 -46 -50 -59 -56 -77 -64 -44 -38 -49 -46 -56 -56 -38 -31 -40 -28 -41 -47 -35 -45 -43 -49 -65 -70 -40 -31 -27 -33 -42 -43 -36 -42 -35 -35 -20
-9999 -9999 -9999 -9999 -14 -20 -17 -32 -52 -54 -56 -50 -79 -63 -14 -44 -52 -77 -63 -58 -50 -100 -74 -49 -74 -91 -72 -56 -78 -64 -68 -84 -75 -39 -26 -28 -30 -23 -35 -29 -37 -45 -29 -33 -58 -62 -57 -52 -46 -51 -56 -60 -81 -78 -79 -59 -45 -53 -72 -62 -57 -40 -39 -39 -25 -32 -25 -24 -35 -38 -53 -63 -43 -31 -28 -25 -37 -45 -48 -34 -35 -41 -37 -19
-9999 -9999 -7 -15 -26 -39 -29 -49 -38 -30 -47 -43 -53 -61 -22 -44 -69 -69 -64 -33 -55 -84 -67 -48 -86 -99 -77 -48 -71 -63 -62 -79 -85 -75 -32 -28 -23 -25 -29 -25 -29 -29 -29 -36 -61 -66 -54 -41 -42 -54 -58 -69 -63 -75 -83 -64 -63 -69 -85 -60 -56 -48 -47 -41 -40 -40 -40 -30 -25 -32 -47 -32 -29 -24 -22 -24 -32 -42 -36 -33 -30 -39 -35 -19
-9999 -10 -20 -22 -36 -40 -50 -42 -38 -34 -39 -40 -58 -67 -31 -41 -71 -78 -56 -34 -37 -69 -60 -48 -86 -93 -78 -66 -49 -48 -57 -72 -66 -84 -52 -29 -39 -50 -27 -28 -27 -29 -30 -35 -55 -50 -41 -38 -39 -41 -48 -57 -57 -81 -86 -70 -70 -61 -80 -80 -72 -60 -54 -44 -53 -59 -66 -57 -38 -24 -30 -25 -22 -24 -28 -29 -35 -43 -31 -25 -31 -26 -36 -20
-20 -17 -27 -41 -48 -47 -31 -29 -23 -63 -47 -59 -69 -70 -44 -37 -73 -61 -58 -31 -30 -38 -41 -58 -90 -79 -67 -65 -51 -37 -63 -86 -76 -52 -45 -51 -63 -60 -42 -29 -32 -32 -28 -30 -42 -53 -51 -49 -40 -43 -44 -45 -60 -67 -93 -73 -57 -52 -62 -90 -79 -71 -61 -50 -47 -59 -84 -77 -49 -33 -28 -20 -27 -37 -41 -42 -43 -34 -26 -21 -23 -20 -26 -21
-25 -46 -29 -27 -46 -46 -32 -59 -44 -41 -72 -71 -65 -70 -62 -33 -68 -76 -79 -38 -40 -26 -40 -74 -83 -83 -89 -71 -59 -45 -71 -83 -72 -52 -62 -76 -63 -41 -38 -60 -56 -45 -39 -31 -33 -50 -44 -37 -32 -42 -45 -49 -54 -57 -75 -71 -60 -49 -52 -83 -79 -70 -58 -68 -58 -51 -71 -84 -57 -39 -30 -22 -19 -23 -31 -29 -30 -32 -30 -22 -17 -14 -14 -15
-23 -40 -34 -40 -47 -61 -59 -57 -53 -63 -64 -70 -68 -61 -39 -52 -64 -59 -88 -57 -23 -27 -55 -79 -81 -68 -72 -59 -46 -47 -71 -70 -59 -55 -70 -52 -44 -37 -57 -74 -73 -70 -66 -42 -27 -32 -32 -34 -36 -43 -54 -70 -67 -64 -52 -61 -52 -47 -46 -69 -78 -68 -69 -75 -69 -62 -67 -82 -66 -51 -38 -25 -21 -18 -16 -19 -25 -30 -25 -21 -17 -17 -14 -13
-29 -43 -44 -41 -50 -63 -54 -53 -54 -54 -57 -60 -73 -68 -50 -53 -69 -46 -64 -77 -26 -26 -54 -71 -83 -61 -58 -48 -43 -67 -73 -53 -70 -61 -84 -61 -40 -53 -78 -83 -92 -76 -53 -34 -27 -30 -30 -36 -52 -61 -74 -75 -80 -63 -44 -45 -44 -43 -43 -55 -77 -77 -76 -74 -69 -59 -57 -70 -74 -71 -48 -40 -25 -21 -21 -18 -15 -17 -17 -16 -13 -13 -13 -12
-37 -33 -36 -51 -57 -46 -48 -63 -57 -39 -45 -64 -56 -46 -55 -55 -72 -68 -44 -52 -29 -23 -52 -86 -64 -57 -54 -49 -42 -57 -60 -58 -53 -58 -70 -53 -57 -71 -84 -92 -81 -48 -32 -27 -30 -31 -35 -46 -64 -69 -61 -70 -59 -45 -40 -41 -39 -44 -50 -48 -59 -77 -76 -70 -68 -64 -65 -70 -70 -56 -53 -45 -34 -30 -21 -19 -19 -18 -15 -14 -11 -10 -9 -9
-42 -51 -57 -54 -57 -60 -47 -35 -41 -33 -39 -64 -38 -61 -68 -74 -53 -65 -58 -42 -28 -22 -41 -70 -63 -62 -47 -42 -53 -52 -43 -39 -42 -69 -69 -61 -69 -67 -81 -77 -47 -32 -27 -34 -39 -43 -49 -50 -60 -63 -53 -50 -42 -38 -37 -37 -38 -42 -44 -48 -52 -61 -72 -73 -69 -61 -62 -63 -54 -45 -40 -40 -37 -27 -21 -21 -20 -19 -16 -18 -16 -12 -10 -9
-46 -54 -58 -48 -37 -61 -62 -55 -49 -21 -47 -61 -35 -72 -62 -79 -68 -47 -52 -79 -49 -22 -30 -52 -67 -53 -49 -53 -38 -30 -29 -30 -33 -50 -66 -69 -59 -54 -69 -56 -33 -29 -34 -48 -59 -68 -69 -60 -56 -51 -41 -37 -35 -35 -35 -42 -48 -41 -41 -42 -46 -51 -52 -50 -45 -42 -42 -48 -62 -52 -47 -36 -30 -26 -24 -21 -21 -19 -14 -15 -16 -14 -13 -9
-43 -45 -57 -54 -53 -41 -62 -54 -33 -24 -53 -59 -43 -59 -72 -79 -68 -58 -59 -78 -68 -27 -29 -72 -67 -44 -63 -44 -35 -30 -34 -49 -51 -46 -37 -41 -41 -42 -43 -43 -30 -30 -44 -63 -77 -83 -72 -54 -43 -37 -36 -36 -35 -33 -39 -46 -37 -41 -47 -41 -41 -44 -43 -42 -40 -38 -38 -46 -68 -61 -51 -43 -37 -33 -28 -23 -19 -16 -14 -12 -9 -12 -14 -12
-52 -34 -62 -52 -44 -31 -48 -43 -21 -44 -64 -41 -44 -62 -71 -71 -77 -47 -69 -71 -60 -30 -24 -46 -36 -31 -27 -25 -25 -29 -43 -96 -90 -69 -58 -50 -36 -52 -44 -29 -29 -36 -53 -67 -78 -62 -47 -38 -34 -34 -34 -33 -35 -37 -37 -36 -42 -53 -42 -38 -38 -38 -38 -37 -37 -34 -34 -38 -58 -68 -58 -44 -38 -36 -32 -28 -20 -14 -10 -10 -8 -11 -10 -9
-54 -38 -37 -58 -58 -48 -28 -23 -23 -30 -38 -36 -67 -69 -64 -64 -70 -46 -62 -71 -50 -35 -27 -25 -25 -32 -47 -72 -30 -25 -52 -89 -91 -74 -62 -50 -54 -57 -51 -34 -35 -47 -42 -41 -52 -43 -37 -34 -35 -35 -33 -36 -39 -36 -36 -41 -53 -47 -38 -35 -35 -35 -34 -34 -34 -32 -32 -35 -41 -63 -54 -54 -45 -40 -39 -29 -20 -16 -10 -8 -8 -9 -8 -7
-33 -33 -25 -31 -43 -51 -40 -21 -22 -23 -28 -41 -58 -64 -74 -51 -53 -72 -55 -69 -44 -54 -53 -54 -65 -67 -73 -61 -48 -26 -54 -88 -94 -81 -67 -53 -61 -67 -62 -41 -39 -51 -57 -36 -38 -36 -35 -33 -32 -38 -42 -40 -36 -37 -39 -51 -56 -44 -36 -34 -33 -32 -31 -31 -31 -30 -30 -32 -38 -48 -62 -53 -57 -48 -37 -28 -25 -17 -9 -7 -7 -6 -6 0
-57 -56 -49 -28 -21 -24 -21 -21 -24 -24 -28 -40 -59 -53 -71 -46 -65 -71 -67 -44 -53 -66 -72 -68 -74 -62 -56 -45 -39 -27 -62 -90 -90 -84 -62 -48 -54 -70 -62 -51 -47 -43 -44 -33 -32 -33 -31 -29 -33 -39 -45 -38 -37 -38 -47 -56 -55 -46 -35 -33 -31 -31 -29 -29 -29 -28 -28 -31 -39 -39 -45 -60 -57 -46 -37 -34 -28 -19 -10 -7 -6 -6 0 1
-60 -63 -64 -55 -30 -21 -20 -21 -25 -26 -35 -41 -60 -46 -69 -61 -54 -61 -59 -46 -55 -78 -69 -60 -54 -62 -59 -74 -62 -28 -58 -78 -93 -81 -54 -55 -66 -86 -77 -65 -53 -49 -39 -31 -29 -31 -30 -32 -36 -42 -41 -39 -38 -42 -47 -53 -58 -43 -34 -32 -32 -31 -32 -35 -41 -38 -30 -36 -44 -37 -33 -37 -39 -37 -38 -33 -26 -21 -10 -8 -6 -5 -3 -3
-60 -63 -56 -56 -46 -23 -21 -25 -28 -29 -36 -37 -44 -61 -60 -67 -54 -59 -48 -57 -71 -76 -65 -69 -71 -72 -71 -67 -77 -33 -42 -81 -85 -69 -62 -76 -81 -91 -84 -75 -72 -63 -43 -35 -32 -34 -37 -37 -38 -42 -45 -45 -45 -50 -53 -55 -55 -39 -32 -32 -33 -35 -42 -52 -51 -42 -29 -33 -38 -42 -34 -26 -29 -34 -36 -34 -25 -20 -10 -6 -5 0 0 -3
-31 -58 -60 -57 -48 -25 -22 -25 -31 -30 -33 -47 -42 -49 -55 -57 -45 -45 -59 -81 -71 -73 -76 -80 -75 -66 -51 -61 -63 -33 -48 -81 -70 -56 -75 -85 -87 -82 -84 -78 -83 -74 -48 -39 -38 -45 -41 -42 -48 -47 -48 -48 -51 -54 -56 -58 -50 -35 -33 -34 -43 -51 -63 -67 -60 -39 -25 -34 -36 -38 -38 -23 -20 -20 -25 -28 -25 -22 -12 -6 -2 5 1 0
