Electronic Materials (Flash Drives)/data/NZclimate/LGM/Miroc_LGM/bio06nz.asc
ncols         384
nrows         384
xllcorner     164
yllcorner     -49
cellsize      0.041666666666667
NODATA_value  -9999
[rows 222 to 258 of 384, columns 168 to 251 of 384]
21 19 19 17 15 15 19 0 -24 -30 -12 0 4 3 5 6 5 2 -2 -11 -21 -25 -28 -20 -40 -42 -39 -44 -14 -19 -32 -35 -59 -49 -63 -72 -57 -38 -46 -41 -57 -59 -43 -59 -62 -54 -51 -45 -37 -35 -46 -38 -49 -59 -27 -20 -29 -33 -24 -43 -49 -58 -50 -34 -10 2 9 8 20 26 23 23 23 24 27 -9999 -9999 -9999 -9999 -9999 -9999 -9999 -9999 -9999
20 18 18 15 15 15 3 -12 -26 -17 -4 5 7 7 6 3 0 2 0 -7 -9 -22 -24 -33 -37 -38 -34 -32 -11 -20 -26 -33 -42 -56 -53 -53 -55 -52 -31 -40 -47 -57 -43 -48 -57 -55 -49 -39 -35 -52 -40 -51 -39 -28 -26 -28 -32 -30 -38 -45 -33 -16 -32 -13 11 17 -9999 28 25 22 24 25 -9999 -9999 -9999 -9999 -9999 -9999 -9999 -9999 -9999 -9999 -9999 -9999
19 18 16 16 14 12 2 -14 -22 0 4 8 7 5 3 0 -4 0 0 -3 -6 -15 -15 -34 -45 -43 -39 -21 -16 -23 -32 -48 -46 -44 -54 -48 -44 -45 -31 -43 -53 -58 -42 -41 -40 -41 -44 -34 -47 -42 -45 -45 -24 -40 -34 -40 -36 -23 -12 -7 0 6 10 16 18 24 -9999 22 23 23 26 -9999 -9999 -9999 -9999 -9999 -9999 -9999 -9999 -9999 -9999 -9999 -9999 -9999
18 17 16 14 14 7 6 -7 -16 6 8 6 2 0 -1 0 -1 -4 -6 -9 -15 -26 -16 -20 -42 -38 -20 -16 -32 -35 -43 -38 -52 -42 -55 -48 -58 -51 -33 -39 -45 -40 -34 -32 -38 -38 -31 -31 -33 -25 -28 -26 -40 -32 -28 -34 -17 -5 4 9 12 14 16 18 19 25 23 22 25 29 -9999 -9999 -9999 -9999 -9999 -9999 -9999 -9999 -9999 -9999 -9999 -9999 -9999 -9999
17 16 14 13 11 9 8 4 6 6 3 2 2 1 -3 -5 -4 0 -2 -17 -41 -28 -35 -15 -27 -22 -36 -38 -51 -47 -46 -52 -49 -40 -56 -52 -57 -43 -27 -38 -41 -52 -38 -35 -42 -37 -38 -52 -37 -35 -50 -50 -34 -20 -9 -7 -5 -7 -6 -10 1 12 20 23 18 21 23 24 -9999 -9999 -9999 -9999 -9999 -9999 -9999 -9999 -9999 -9999 -9999 -9999 -9999 -9999 -9999 -9999
15 14 12 12 8 5 8 5 5 5 0 -3 -3 -3 -2 -7 -5 -4 0 -12 -43 -35 -35 -21 -20 -34 -39 -46 -50 -54 -52 -47 -44 -33 -55 -40 -40 -27 -38 -55 -54 -51 -39 -32 -34 -32 -47 -39 -31 -39 -30 -29 -15 -13 -5 -2 0 -5 -11 -12 7 21 29 -9999 -9999 -9999 -9999 -9999 -9999 -9999 -9999 -9999 -9999 -9999 -9999 -9999 -9999 -9999 -9999 -9999 -9999 -9999 -9999 -9999
14 13 12 9 7 2 1 2 1 3 1 0 -2 -3 -3 -6 -11 -8 -2 -4 -17 -16 -29 -42 -45 -38 -40 -43 -50 -41 -39 -47 -39 -34 -45 -44 -45 -26 -43 -42 -27 -20 -13 -10 -12 -16 -26 -22 -22 -14 -11 -14 -17 -17 -7 0 1 -9 -8 8 15 24 27 -9999 -9999 -9999 -9999 -9999 -9999 -9999 -9999 -9999 -9999 -9999 -9999 -9999 -9999 -9999 -9999 -9999 -9999 -9999 -9999 -9999
12 12 9 8 5 5 3 0 -3 -2 2 2 0 -2 -13 -10 -4 -6 -3 -4 -8 -14 -15 -16 -38 -40 -41 -56 -47 -51 -57 -44 -27 -50 -46 -32 -30 -26 -24 -21 -13 -8 -6 -7 -10 -18 -19 -17 -12 -7 -5 -13 -11 -13 -3 2 -1 -6 6 13 13 24 25 -9999 -9999 -9999 -9999 -9999 -9999 -9999 -9999 -9999 -9999 -9999 -9999 -9999 -9999 -9999 -9999 -9999 -9999 -9999 -9999 -9999
10 11 7 6 6 1 0 -2 -2 0 3 3 2 0 -9 -19 -9 -10 -26 -36 -31 -37 -33 -24 -39 -51 -53 -47 -50 -38 -41 -34 -27 -22 -21 -21 -21 -22 -29 -39 -28 -21 -11 -18 -19 -13 -7 -3 -1 -1 -1 -2 0 0 3 7 5 9 11 15 21 23 -9999 -9999 -9999 -9999 -9999 -9999 -9999 -9999 -9999 -9999 -9999 -9999 -9999 -9999 -9999 -9999 -9999 -9999 -9999 -9999 -9999 -9999
9 8 4 2 3 4 1 -3 -8 -12 1 -13 -7 0 -8 -22 -39 -42 -20 -44 -42 -33 -48 -55 -47 -48 -53 -44 -45 -34 -50 -48 -38 -35 -41 -38 -37 -30 -40 -39 -22 -20 -10 -14 -9 -2 0 1 2 0 1 0 -4 4 8 6 2 0 11 19 19 23 -9999 -9999 -9999 -9999 -9999 -9999 -9999 -9999 -9999 -9999 -9999 -9999 -9999 -9999 -9999 -9999 -9999 -9999 -9999 -9999 -9999 -9999
8 6 2 -1 0 1 1 -23 -37 -34 -6 -9 -8 -22 -39 -27 -43 -47 -41 -51 -49 -39 -54 -43 -37 -30 -28 -34 -27 -29 -57 -58 -46 -50 -41 -52 -49 -22 -34 -36 -17 -21 -8 -5 -3 -2 -1 0 0 4 0 2 -8 5 9 10 -2 7 13 21 18 22 -9999 -9999 25 30 -9999 -9999 -9999 -9999 -9999 -9999 -9999 -9999 -9999 -9999 -9999 -9999 -9999 -9999 -9999 -9999 -9999 -9999
5 0 2 1 -1 0 -2 -9 -28 -15 -6 -1 -14 -36 -44 -39 -50 -47 -42 -40 -45 -53 -51 -52 -56 -50 -46 -41 -35 -32 -28 -33 -37 -41 -30 -44 -26 -17 -25 -26 -13 -11 -7 -9 -4 -2 -1 1 1 -2 -8 0 4 10 11 11 0 6 19 17 19 24 -9999 -9999 27 -9999 -9999 -9999 -9999 -9999 -9999 -9999 -9999 -9999 -9999 -9999 -9999 -9999 -9999 -9999 -9999 -9999 -9999 -9999
7 4 0 -1 -1 -14 -22 -18 -10 -17 -20 -22 -36 -30 -15 -18 -16 -22 -38 -47 -54 -57 -51 -51 -50 -55 -52 -39 -34 -31 -26 -24 -33 -46 -24 -26 -21 -16 -19 -16 -10 -5 -3 -2 -1 -1 -1 -2 -14 -14 -6 -2 3 8 9 8 6 9 19 17 19 23 28 -9999 26 -9999 -9999 -9999 -9999 -9999 -9999 -9999 -9999 -9999 -9999 -9999 -9999 -9999 -9999 -9999 -9999 -9999 -9999 -9999
5 3 -10 -1 -19 -8 -19 -37 -52 -51 -38 -21 -45 -27 -34 -45 -41 -46 -59 -50 -54 -46 -57 -51 -59 -62 -51 -42 -29 -31 -36 -31 -27 -44 -21 -21 -19 -12 -9 -8 -7 -4 -3 -1 -1 0 -3 -13 -15 -6 -3 -4 1 7 8 2 3 16 15 16 18 20 22 24 24 -9999 -9999 -9999 -9999 -9999 -9999 -9999 -9999 -9999 -9999 -9999 -9999 -9999 -9999 -9999 -9999 -9999 -9999 -9999
4 4 -11 -3 -22 -25 -25 -31 -35 -51 -33 -55 -56 -36 -49 -60 -52 -48 -48 -45 -32 -51 -44 -51 -58 -69 -57 -50 -48 -59 -54 -35 -29 -31 -21 -19 -17 -10 -9 -8 -6 -5 -2 -3 -5 -5 -4 -5 -5 -2 -3 -5 3 7 6 8 23 14 16 16 18 19 21 21 25 -9999 -9999 -9999 -9999 -9999 -9999 -9999 -9999 -9999 -9999 -9999 -9999 -9999 -9999 -9999 -9999 -9999 -9999 -9999
4 2 0 -3 -15 -30 -38 -45 -46 -58 -46 -72 -70 -53 -60 -69 -62 -54 -65 -51 -36 -45 -47 -38 -58 -57 -49 -48 -53 -62 -46 -31 -27 -23 -22 -22 -18 -11 -9 -7 -7 -6 -14 -17 -10 -6 -6 -3 -2 -2 0 2 4 8 7 6 16 13 15 16 18 19 20 21 27 -9999 -9999 -9999 -9999 -9999 -9999 -9999 -9999 -9999 -9999 -9999 -9999 -9999 -9999 -9999 -9999 -9999 -9999 -9999
0 -7 -24 -30 -39 -41 -59 -66 -66 -70 -58 -67 -66 -50 -60 -58 -68 -49 -51 -45 -53 -27 -41 -49 -39 -41 -42 -38 -51 -59 -47 -32 -34 -28 -22 -17 -15 -11 -12 -8 -8 -9 -9 -6 -3 -1 -1 -5 -6 -2 -3 2 5 4 8 16 13 14 15 16 17 19 20 21 -9999 -9999 -9999 -9999 -9999 -9999 -9999 -9999 -9999 -9999 -9999 -9999 -9999 -9999 -9999 -9999 -9999 -9999 -9999 -9999
-12 -35 -59 -36 -63 -46 -73 -63 -61 -79 -56 -51 -46 -54 -42 -60 -56 -36 -35 -41 -54 -29 -56 -59 -42 -33 -46 -60 -56 -48 -39 -39 -34 -29 -21 -18 -13 -12 -17 -11 -9 -10 -7 -5 -2 0 -8 -4 -2 -3 0 2 3 7 15 13 13 14 15 16 17 18 20 24 -9999 -9999 -9999 -9999 -9999 -9999 -9999 -9999 -9999 -9999 -9999 -9999 -9999 -9999 -9999 -9999 -9999 -9999 -9999 -9999
-20 -29 -43 -46 -56 -75 -57 -51 -69 -74 -75 -63 -48 -41 -32 -31 -31 -29 -30 -27 -57 -32 -43 -53 -34 -42 -59 -54 -42 -54 -42 -28 -27 -25 -24 -18 -12 -19 -20 -14 -7 -5 -2 0 0 -4 -7 -1 -1 1 4 18 9 17 13 13 14 14 14 16 17 18 20 22 25 -9999 -9999 -9999 -9999 -9999 -9999 -9999 -9999 -9999 -9999 -9999 -9999 -9999 -9999 -9999 -9999 -9999 -9999 -9999
-26 -36 -53 -63 -70 -69 -47 -42 -53 -74 -67 -55 -71 -64 -58 -60 -65 -41 -28 -26 -30 -25 -26 -28 -40 -63 -50 -38 -37 -30 -24 -30 -29 -27 -20 -18 -17 -12 -8 -7 -3 -1 0 -6 -10 -8 -6 -3 -1 4 11 13 10 10 11 12 13 14 15 16 17 18 19 20 22 -9999 -9999 -9999 -9999 -9999 -9999 -9999 -9999 -9999 -9999 -9999 -9999 -9999 -9999 -9999 -9999 -9999 -9999 -9999
-38 -69 -75 -63 -80 -66 -57 -43 -42 -71 -70 -48 -68 -78 -56 -63 -66 -64 -37 -48 -30 -33 -25 -35 -70 -46 -37 -31 -23 -22 -30 -30 -26 -27 -27 -27 -25 -19 -10 -6 -2 -1 -1 -6 -5 0 0 5 5 6 8 8 9 11 11 12 12 14 14 15 16 17 19 19 22 -9999 -9999 -9999 -9999 -9999 -9999 -9999 -9999 -9999 -9999 -9999 -9999 -9999 -9999 -9999 -9999 -9999 -9999 -9999
-67 -75 -68 -49 -79 -64 -56 -48 -32 -45 -62 -55 -46 -59 -49 -64 -59 -45 -44 -39 -31 -33 -31 -36 -58 -43 -38 -21 -20 -29 -34 -34 -24 -15 -16 -14 -18 -15 -8 -5 -2 0 0 0 -1 4 5 5 5 7 8 9 9 11 11 11 12 14 14 15 16 17 18 19 21 -9999 -9999 -9999 -9999 -9999 -9999 -9999 -9999 -9999 -9999 -9999 -9999 -9999 -9999 -9999 -9999 -9999 -9999 -9999
-78 -72 -60 -42 -78 -60 -75 -71 -43 -25 -31 -48 -34 -34 -70 -75 -44 -35 -37 -35 -30 -27 -28 -43 -37 -31 -27 -22 -31 -33 -24 -19 -21 -12 -9 -9 -11 -14 -9 -4 -2 0 1 13 4 5 5 6 6 6 7 8 9 9 10 11 11 12 14 14 15 17 18 24 -9999 -9999 -9999 -9999 -9999 -9999 -9999 -9999 -9999 -9999 -9999 -9999 -9999 -9999 -9999 -9999 -9999 -9999 -9999 -9999
-69 -75 -77 -52 -35 -35 -44 -60 -53 -27 -33 -32 -46 -39 -60 -81 -46 -35 -44 -55 -59 -42 -27 -29 -32 -40 -39 -28 -22 -20 -14 -11 -10 -8 -7 -7 -7 -9 -7 -3 0 0 6 3 3 4 4 6 6 6 6 8 8 8 10 10 11 12 14 14 15 17 20 -9999 -9999 -9999 -9999 -9999 -9999 -9999 -9999 -9999 -9999 -9999 -9999 -9999 -9999 -9999 -9999 -9999 -9999 -9999 -9999 -9999
-46 -52 -57 -50 -41 -26 -24 -22 -23 -27 -39 -28 -35 -33 -54 -67 -48 -54 -63 -56 -41 -34 -21 -23 -22 -21 -19 -21 -17 -12 -11 -10 -10 -9 -7 -6 -6 -4 -3 -1 0 0 1 1 2 4 4 5 5 5 6 7 7 8 9 10 11 12 13 13 15 16 22 -9999 -9999 -9999 -9999 -9999 -9999 -9999 -9999 -9999 -9999 -9999 -9999 -9999 -9999 -9999 -9999 -9999 -9999 -9999 -9999 -9999
-86 -59 -40 -34 -41 -39 -33 -29 -23 -22 -23 -32 -27 -30 -36 -55 -47 -44 -36 -33 -25 -22 -19 -17 -18 -17 -15 -14 -13 -12 -11 -9 -9 -8 -8 -6 -5 -4 -3 -1 0 0 2 1 3 3 4 4 5 5 6 6 7 7 8 10 11 12 12 13 15 19 -9999 -9999 -9999 21 19 21 -9999 -9999 -9999 -9999 -9999 -9999 -9999 -9999 -9999 -9999 -9999 -9999 -9999 -9999 -9999 -9999
-83 -76 -55 -45 -68 -72 -73 -73 -59 -55 -41 -21 -23 -27 -29 -37 -54 -65 -42 -32 -29 -23 -20 -18 -16 -16 -15 -14 -13 -12 -10 -10 -9 -8 -7 -6 -5 -4 -2 -2 -1 0 0 1 1 3 3 5 5 5 5 6 6 7 8 10 11 11 12 15 18 -9999 -9999 -9999 -9999 21 18 21 -9999 -9999 -9999 -9999 -9999 -9999 -9999 -9999 -9999 -9999 -9999 -9999 -9999 -9999 -9999 -9999
-71 -61 -65 -39 -40 -62 -67 -68 -59 -76 -68 -37 -36 -21 -23 -33 -54 -41 -32 -26 -26 -23 -21 -20 -17 -15 -14 -14 -13 -12 -10 -10 -9 -8 -7 -6 -5 -4 -3 -2 -2 -1 0 1 1 2 3 3 5 5 4 5 6 6 7 8 10 11 15 -9999 -9999 -9999 -9999 22 17 17 16 20 -9999 -9999 -9999 -9999 -9999 -9999 -9999 -9999 -9999 -9999 -9999 -9999 -9999 -9999 -9999 -9999
-78 -59 -56 -41 -36 -52 -80 -70 -61 -72 -64 -52 -74 -37 -21 -27 -29 -28 -26 -26 -24 -20 -20 -16 -16 -15 -14 -13 -11 -12 -11 -10 -9 -8 -7 -6 -5 -4 -4 -3 -2 -2 1 1 1 1 3 3 3 5 4 5 5 6 7 8 10 11 14 -9999 -9999 20 15 16 15 15 16 18 21 -9999 -9999 -9999 -9999 -9999 -9999 -9999 -9999 -9999 -9999 -9999 -9999 -9999 -9999 -9999
-84 -59 -67 -39 -37 -42 -60 -91 -77 -54 -46 -65 -81 -50 -22 -26 -28 -33 -27 -25 -22 -18 -17 -14 -13 -13 -13 -12 -11 -11 -11 -10 -9 -8 -7 -6 -6 -5 -4 -3 -3 -2 0 0 0 2 2 2 4 4 4 4 5 6 7 8 9 10 11 12 17 19 17 13 13 14 15 16 18 -9999 -9999 -9999 -9999 -9999 -9999 -9999 -9999 -9999 -9999 -9999 -9999 -9999 -9999 -9999
-64 -55 -55 -41 -36 -39 -57 -90 -82 -67 -43 -62 -56 -47 -25 -21 -21 -22 -20 -19 -17 -16 -13 -13 -12 -12 -13 -11 -12 -11 -10 -9 -9 -8 -7 -6 -6 -6 -4 -3 -3 -2 -1 0 0 0 2 2 3 4 4 4 5 6 7 8 9 10 11 11 16 19 17 14 13 14 15 15 17 18 19 20 24 -9999 -9999 -9999 -9999 -9999 -9999 -9999 -9999 -9999 -9999 -9999
-44 -53 -47 -37 -36 -42 -46 -65 -54 -52 -41 -40 -35 -26 -23 -22 -20 -17 -18 -17 -15 -15 -12 -12 -12 -11 -11 -11 -10 -10 -9 -9 -8 -7 -7 -6 -5 -6 -4 -5 -5 -8 -3 0 0 1 1 2 2 4 4 5 4 5 6 7 8 10 10 11 11 14 14 13 13 13 14 14 14 15 16 18 21 -9999 -9999 -9999 -9999 -9999 -9999 -9999 -9999 -9999 -9999 -9999
-40 -41 -39 -34 -38 -54 -39 -42 -59 -54 -37 -29 -23 -22 -22 -20 -20 -19 -16 -14 -15 -14 -14 -12 -12 -11 -10 -9 -9 -9 -8 -8 -7 -6 -6 -5 -5 -5 -10 -14 -12 -11 -5 -6 -6 0 1 1 1 3 4 4 5 6 6 7 8 9 10 11 11 11 12 13 13 14 13 12 12 13 16 17 21 -9999 -9999 -9999 -9999 -9999 -9999 -9999 -9999 -9999 -9999 -9999
-60 -59 -40 -42 -38 -36 -31 -33 -39 -32 -22 -22 -22 -21 -20 -19 -18 -17 -16 -14 -14 -14 -13 -12 -12 -11 -10 -9 -8 -8 -7 -7 -6 -5 -5 -5 -4 -5 -15 -9 -6 -10 -16 -9 -14 -8 -8 -6 0 2 4 4 5 6 6 7 7 8 10 10 11 12 12 13 13 13 12 10 11 13 15 17 21 -9999 -9999 -9999 -9999 -9999 -9999 -9999 -9999 -9999 -9999 -9999
-39 -44 -47 -40 -50 -36 -36 -26 -24 -23 -21 -20 -19 -19 -18 -17 -17 -16 -15 -14 -13 -13 -12 -12 -11 -10 -9 -8 -8 -7 -7 -6 -5 -5 -4 -4 -4 -6 -14 -9 -14 -25 -23 -15 -18 -8 -21 -14 -12 -1 -2 3 4 7 6 7 7 9 9 10 10 12 11 13 13 12 12 12 12 14 15 16 19 -9999 -9999 -9999 -9999 -9999 -9999 -9999 -9999 -9999 -9999 -9999
-50 -42 -35 -28 -33 -43 -36 -27 -25 -22 -21 -19 -17 -16 -16 -16 -15 -15 -14 -14 -14 -13 -12 -11 -10 -10 -9 -8 -7 -7 -6 -6 -5 -4 -4 -4 -4 -4 -4 -11 -13 -18 -23 -19 -21 -13 -15 -18 -13 -12 -1 2 4 6 6 7 7 9 9 10 10 11 11 12 12 12 13 13 14 15 15 16 18 22 -9999 -9999 -9999 -9999 -9999 -9999 -9999 -9999 -9999 -9999
-53 -43 -56 -51 -35 -27 -25 -24 -26 -20 -19 -18 -17 -15 -15 -14 -14 -14 -13 -13 -13 -12 -11 -10 -10 -9 -8 -8 -7 -6 -6 -5 -5 -4 -4 -4 -4 -4 -4 -4 -8 -16 -13 -8 -21 -8 -1 -7 -19 -10 -6 2 3 6 7 8 7 7 8 9 10 11 11 11 11 11 12 13 14 14 16 17 19 -9999 -9999 -9999 -9999 -9999 -9999 -9999 -9999 -9999 -9999 -9999
