Electronic Materials (Flash Drives)/data/NZclimate/LGM/Miroc_LGM/bio01nz.asc
ncols         384
nrows         384
xllcorner     164
yllcorner     -49
cellsize      0.041666666666667
NODATA_value  -9999
[rows 74 to 110 of 384, columns 246 to 327 of 384]
131 131 131 130 127 126 131 133 134 134 135 137 137 137 137 137 138 138 138 139 139 139 140 139 139 137 127 128 130 131 135 136 138 139 140 140 141 141 142 142 143 143 144 144 144 145 145 -9999 -9999 -9999 -9999 -9999 -9999 -9999 -9999 -9999 -9999 -9999 -9999 -9999 -9999 -9999 -9999 -9999 -9999 -9999 -9999 -9999 -9999 -9999 -9999 -9999 -9999 -9999 -9999 -9999 -9999 -9999 -9999 -9999 -9999 -9999
130 131 130 132 132 131 131 132 133 133 134 135 137 137 137 137 137 137 137 137 138 138 138 138 138 132 129 130 128 131 134 134 136 138 139 140 141 141 141 142 142 143 144 144 146 -9999 -9999 -9999 -9999 -9999 -9999 -9999 -9999 -9999 -9999 -9999 -9999 -9999 -9999 -9999 -9999 -9999 -9999 -9999 -9999 -9999 -9999 -9999 -9999 -9999 -9999 -9999 -9999 -9999 -9999 -9999 -9999 -9999 -9999 -9999 -9999 -9999
132 131 131 131 130 130 129 128 130 132 133 135 136 136 137 137 137 137 137 121 116 134 135 136 136 131 130 121 122 130 134 134 136 138 138 139 139 140 141 141 141 143 143 145 -9999 -9999 -9999 -9999 -9999 -9999 -9999 -9999 -9999 -9999 -9999 -9999 -9999 -9999 -9999 -9999 -9999 -9999 -9999 -9999 -9999 -9999 -9999 -9999 -9999 -9999 -9999 -9999 -9999 -9999 -9999 -9999 -9999 -9999 -9999 -9999 -9999 -9999
131 132 131 131 130 131 130 129 129 129 130 133 134 135 136 136 137 137 137 127 124 135 134 135 135 131 130 127 129 132 135 134 135 137 137 138 139 140 141 141 141 142 142 144 -9999 -9999 -9999 -9999 -9999 -9999 -9999 -9999 -9999 -9999 -9999 -9999 -9999 -9999 -9999 -9999 -9999 -9999 -9999 -9999 -9999 -9999 -9999 -9999 -9999 -9999 -9999 -9999 -9999 -9999 -9999 -9999 -9999 -9999 -9999 -9999 -9999 -9999
129 130 131 131 131 131 131 130 129 127 127 127 126 131 134 136 137 137 136 136 136 136 135 136 135 135 135 130 129 128 130 133 134 137 138 139 139 139 140 140 140 141 142 143 -9999 -9999 -9999 -9999 -9999 -9999 -9999 -9999 -9999 -9999 -9999 -9999 -9999 -9999 -9999 -9999 -9999 -9999 -9999 -9999 -9999 -9999 -9999 -9999 -9999 -9999 -9999 -9999 -9999 -9999 -9999 -9999 -9999 -9999 -9999 -9999 -9999 -9999
131 130 131 130 130 130 130 129 125 122 125 128 130 130 134 135 136 137 136 136 136 136 136 135 136 136 136 135 129 129 124 134 135 136 137 137 137 138 139 140 140 141 141 143 -9999 -9999 -9999 -9999 -9999 -9999 -9999 -9999 -9999 -9999 -9999 -9999 -9999 -9999 -9999 -9999 -9999 -9999 -9999 -9999 -9999 -9999 -9999 -9999 -9999 -9999 -9999 -9999 -9999 -9999 -9999 -9999 -9999 -9999 -9999 -9999 -9999 -9999
132 130 129 130 130 127 128 126 124 123 130 132 132 132 131 134 135 136 136 136 136 136 136 136 136 136 135 135 135 132 126 133 134 136 136 136 136 137 138 138 139 140 141 143 -9999 -9999 -9999 -9999 -9999 -9999 -9999 -9999 -9999 -9999 -9999 -9999 -9999 -9999 -9999 -9999 -9999 -9999 -9999 -9999 -9999 -9999 -9999 -9999 -9999 -9999 -9999 -9999 -9999 -9999 -9999 -9999 -9999 -9999 -9999 -9999 -9999 -9999
132 131 130 131 130 128 129 128 128 130 130 131 131 132 131 133 134 136 136 136 136 136 136 136 136 136 135 135 135 135 135 135 135 135 136 136 135 134 136 137 139 139 140 142 -9999 -9999 -9999 -9999 -9999 -9999 -9999 -9999 -9999 -9999 -9999 -9999 -9999 -9999 -9999 -9999 -9999 -9999 -9999 -9999 -9999 -9999 -9999 -9999 -9999 -9999 -9999 -9999 -9999 -9999 -9999 -9999 -9999 -9999 -9999 -9999 -9999 -9999
131 132 132 132 130 127 124 128 126 128 130 131 131 133 130 134 135 136 136 135 135 135 135 135 135 135 135 135 135 135 135 135 135 135 135 135 129 132 134 137 138 139 140 142 144 -9999 -9999 -9999 -9999 -9999 -9999 -9999 -9999 -9999 -9999 -9999 -9999 -9999 -9999 -9999 -9999 -9999 -9999 -9999 -9999 -9999 -9999 -9999 -9999 -9999 -9999 -9999 -9999 -9999 -9999 -9999 -9999 -9999 -9999 -9999 -9999 -9999
129 132 132 132 130 126 128 127 123 126 131 133 131 133 133 134 135 135 136 136 135 135 135 135 135 132 128 122 132 133 134 134 134 135 135 135 134 134 135 136 137 138 139 140 143 -9999 -9999 -9999 -9999 -9999 -9999 -9999 -9999 -9999 -9999 -9999 -9999 -9999 -9999 -9999 -9999 -9999 -9999 -9999 -9999 -9999 -9999 -9999 -9999 -9999 -9999 -9999 -9999 -9999 -9999 -9999 -9999 -9999 -9999 -9999 -9999 -9999
129 131 132 132 131 127 127 126 126 129 130 131 133 133 133 134 135 135 135 135 135 135 135 135 135 131 114 108 122 129 125 132 133 133 134 134 134 135 135 136 136 137 138 139 141 144 -9999 -9999 -9999 -9999 -9999 -9999 -9999 -9999 -9999 -9999 -9999 -9999 -9999 -9999 -9999 -9999 -9999 -9999 -9999 -9999 -9999 -9999 -9999 -9999 -9999 -9999 -9999 -9999 -9999 -9999 -9999 -9999 -9999 -9999 -9999 -9999
128 129 130 131 130 128 128 127 127 129 130 133 133 133 134 134 135 135 135 135 135 135 135 135 134 134 127 118 119 125 125 132 132 132 132 132 132 132 134 135 135 136 137 138 139 141 -9999 -9999 -9999 -9999 -9999 -9999 -9999 -9999 -9999 -9999 -9999 -9999 -9999 -9999 -9999 -9999 -9999 -9999 -9999 -9999 -9999 -9999 -9999 -9999 -9999 -9999 -9999 -9999 -9999 -9999 -9999 -9999 -9999 -9999 -9999 -9999
129 127 130 131 130 128 128 127 128 130 131 131 131 132 133 132 133 134 135 135 135 134 134 134 134 134 134 131 128 127 128 126 132 133 132 133 129 124 131 132 129 133 135 137 138 140 -9999 -9999 -9999 -9999 -9999 -9999 -9999 -9999 -9999 -9999 -9999 -9999 -9999 -9999 -9999 -9999 -9999 -9999 -9999 -9999 -9999 -9999 -9999 -9999 -9999 -9999 -9999 -9999 -9999 -9999 -9999 -9999 -9999 -9999 -9999 -9999
130 129 127 130 130 129 129 129 127 129 129 130 132 133 134 133 134 134 134 134 134 134 134 134 134 134 133 133 128 126 120 126 134 132 132 134 129 125 131 129 130 131 133 136 137 138 140 -9999 -9999 -9999 -9999 -9999 -9999 -9999 -9999 -9999 -9999 -9999 -9999 -9999 -9999 -9999 -9999 -9999 -9999 -9999 -9999 -9999 -9999 -9999 -9999 -9999 -9999 -9999 -9999 -9999 -9999 -9999 -9999 -9999 -9999 -9999
131 129 128 128 130 126 126 126 127 128 129 130 132 133 133 134 134 133 133 133 133 133 132 133 133 133 133 132 125 116 119 125 123 131 132 133 129 133 131 130 130 131 132 134 136 137 139 142 -9999 -9999 -9999 -9999 -9999 -9999 -9999 -9999 -9999 -9999 -9999 -9999 -9999 -9999 -9999 -9999 -9999 -9999 -9999 -9999 -9999 -9999 -9999 -9999 -9999 -9999 -9999 -9999 -9999 -9999 -9999 -9999 -9999 -9999
130 130 129 126 128 125 127 126 127 127 129 130 130 133 133 132 131 133 132 132 132 129 132 132 133 133 133 132 127 125 116 119 127 130 127 126 124 127 130 130 130 131 132 132 134 137 140 -9999 -9999 -9999 -9999 -9999 -9999 -9999 -9999 -9999 -9999 -9999 -9999 -9999 -9999 -9999 -9999 -9999 -9999 -9999 -9999 -9999 -9999 -9999 -9999 -9999 -9999 -9999 -9999 -9999 -9999 -9999 -9999 -9999 -9999 -9999
131 130 130 128 126 127 128 128 128 129 130 130 131 132 129 130 129 131 130 130 130 127 126 131 132 133 132 130 129 130 123 118 127 126 123 124 126 130 130 131 132 132 131 132 134 137 141 -9999 -9999 -9999 -9999 -9999 -9999 -9999 -9999 -9999 -9999 -9999 -9999 -9999 -9999 -9999 -9999 -9999 -9999 -9999 -9999 -9999 -9999 -9999 -9999 -9999 -9999 -9999 -9999 -9999 -9999 -9999 -9999 -9999 -9999 -9999
131 130 130 129 126 125 126 127 128 130 130 130 132 132 131 130 132 131 131 130 128 127 131 131 131 132 132 132 127 125 122 117 118 120 126 128 124 129 130 132 134 134 133 134 135 135 138 140 -9999 -9999 -9999 -9999 -9999 -9999 -9999 -9999 -9999 -9999 -9999 -9999 -9999 -9999 -9999 -9999 -9999 -9999 -9999 -9999 -9999 -9999 -9999 -9999 -9999 -9999 -9999 -9999 -9999 -9999 -9999 -9999 -9999 -9999
130 129 129 130 125 124 124 126 128 130 131 131 131 132 131 132 132 132 132 132 130 130 129 131 130 131 131 128 124 126 115 115 122 126 128 124 126 126 130 130 132 134 135 135 134 134 134 135 138 -9999 -9999 -9999 -9999 -9999 -9999 -9999 -9999 -9999 -9999 -9999 -9999 -9999 -9999 -9999 -9999 -9999 -9999 -9999 -9999 -9999 -9999 -9999 -9999 -9999 -9999 -9999 -9999 -9999 -9999 -9999 -9999 -9999
130 129 129 130 127 121 119 122 127 129 130 129 128 130 131 131 130 131 128 128 131 130 128 130 130 131 131 131 123 115 113 106 118 124 127 125 126 124 121 130 130 132 133 133 132 132 132 134 137 -9999 -9999 -9999 -9999 -9999 -9999 -9999 -9999 -9999 -9999 -9999 -9999 -9999 -9999 -9999 -9999 -9999 -9999 -9999 -9999 -9999 -9999 -9999 -9999 -9999 -9999 -9999 -9999 -9999 -9999 -9999 -9999 -9999
130 129 130 131 129 122 114 115 124 126 130 130 131 131 131 130 128 129 125 128 130 129 127 128 130 130 130 130 127 123 119 111 108 118 125 124 120 123 120 130 130 131 131 130 127 129 130 133 138 -9999 -9999 -9999 -9999 -9999 -9999 -9999 -9999 -9999 -9999 -9999 -9999 -9999 -9999 -9999 -9999 -9999 -9999 -9999 -9999 -9999 -9999 -9999 -9999 -9999 -9999 -9999 -9999 -9999 -9999 -9999 -9999 -9999
141 132 132 132 131 121 113 120 125 129 130 130 130 130 130 129 127 127 126 129 127 121 122 124 126 131 129 130 130 127 121 111 110 115 115 113 113 116 124 129 129 131 131 129 128 128 130 134 138 -9999 -9999 -9999 -9999 -9999 -9999 -9999 -9999 -9999 -9999 -9999 -9999 -9999 -9999 -9999 -9999 -9999 -9999 -9999 -9999 -9999 -9999 -9999 -9999 -9999 -9999 -9999 -9999 -9999 -9999 -9999 -9999 -9999
132 132 131 131 131 125 118 127 129 129 130 130 130 130 129 128 128 128 129 126 118 113 112 108 119 128 132 129 130 130 120 105 106 102 98 106 111 120 125 115 127 128 130 130 130 131 133 136 -9999 -9999 -9999 -9999 -9999 -9999 -9999 -9999 -9999 -9999 -9999 -9999 -9999 -9999 -9999 -9999 -9999 -9999 -9999 -9999 -9999 -9999 -9999 -9999 -9999 -9999 -9999 -9999 -9999 -9999 -9999 -9999 -9999 -9999
132 132 131 131 131 128 128 122 126 128 129 129 129 129 129 129 129 126 120 123 119 114 109 108 121 128 133 130 130 130 119 105 103 109 103 111 124 123 121 118 126 127 130 132 132 132 133 137 -9999 -9999 -9999 -9999 -9999 -9999 -9999 -9999 -9999 -9999 -9999 -9999 -9999 -9999 -9999 -9999 -9999 -9999 -9999 -9999 -9999 -9999 -9999 -9999 -9999 -9999 -9999 -9999 -9999 -9999 -9999 -9999 -9999 -9999
133 131 131 132 131 130 128 123 125 127 129 129 129 128 128 128 128 125 117 121 120 118 113 115 124 127 132 129 130 130 120 107 112 116 103 118 120 116 121 125 127 127 129 132 133 133 134 -9999 -9999 -9999 -9999 -9999 -9999 -9999 -9999 -9999 -9999 -9999 -9999 -9999 -9999 -9999 -9999 -9999 -9999 -9999 -9999 -9999 -9999 -9999 -9999 -9999 -9999 -9999 -9999 -9999 -9999 -9999 -9999 -9999 -9999 -9999
133 131 131 131 131 130 129 126 124 126 128 128 127 127 127 127 127 125 119 118 120 118 116 121 124 127 132 129 129 128 126 121 119 114 106 117 118 117 124 120 126 126 127 128 130 133 136 -9999 -9999 -9999 -9999 -9999 -9999 -9999 -9999 -9999 -9999 -9999 -9999 -9999 -9999 -9999 -9999 -9999 -9999 -9999 -9999 -9999 -9999 -9999 -9999 -9999 -9999 -9999 -9999 -9999 -9999 -9999 -9999 -9999 -9999 -9999
133 132 131 131 131 131 131 129 122 125 127 127 126 126 125 125 123 120 116 117 121 122 123 124 123 125 128 127 127 126 126 125 119 109 100 111 114 119 123 122 126 126 126 127 129 133 136 -9999 -9999 -9999 -9999 -9999 -9999 -9999 -9999 -9999 -9999 -9999 -9999 -9999 -9999 -9999 -9999 -9999 -9999 -9999 -9999 -9999 -9999 -9999 -9999 -9999 -9999 -9999 -9999 -9999 -9999 -9999 -9999 -9999 -9999 -9999
134 133 132 131 131 131 130 129 125 121 126 126 125 125 123 122 124 122 123 127 126 125 125 124 120 119 126 126 125 125 125 125 125 123 110 110 109 114 123 121 125 126 126 128 130 134 135 136 135 136 -9999 -9999 -9999 -9999 -9999 -9999 -9999 -9999 -9999 -9999 -9999 -9999 -9999 -9999 -9999 -9999 -9999 -9999 -9999 -9999 -9999 -9999 -9999 -9999 -9999 -9999 -9999 -9999 -9999 -9999 -9999 -9999
133 133 132 131 130 130 129 128 128 120 123 126 126 127 126 126 125 124 126 125 126 126 125 123 121 121 124 125 125 125 125 125 125 124 117 113 105 111 119 122 125 125 127 128 130 133 133 113 119 127 132 -9999 -9999 -9999 -9999 -9999 -9999 -9999 -9999 -9999 -9999 -9999 -9999 -9999 -9999 -9999 -9999 -9999 -9999 -9999 -9999 -9999 -9999 -9999 -9999 -9999 -9999 -9999 -9999 -9999 -9999 -9999
133 133 133 132 130 129 128 128 129 126 121 125 126 126 124 122 123 120 122 125 125 125 121 123 121 121 118 123 124 125 125 125 124 124 120 113 105 105 112 116 120 125 126 127 129 131 130 118 119 126 131 -9999 -9999 -9999 -9999 -9999 -9999 -9999 -9999 -9999 -9999 -9999 -9999 -9999 -9999 -9999 -9999 -9999 -9999 -9999 -9999 -9999 -9999 -9999 -9999 -9999 -9999 -9999 -9999 -9999 -9999 -9999
133 133 133 132 131 130 129 129 128 128 123 123 123 114 119 119 121 119 123 125 124 125 124 123 124 121 114 118 124 124 124 124 124 124 119 108 108 104 111 115 113 124 124 126 127 127 129 128 126 128 132 137 -9999 -9999 -9999 -9999 -9999 -9999 -9999 -9999 -9999 -9999 -9999 -9999 -9999 -9999 -9999 -9999 -9999 -9999 -9999 -9999 -9999 -9999 -9999 -9999 -9999 -9999 -9999 -9999 -9999 -9999
132 132 131 132 131 131 130 129 128 128 126 121 113 116 118 121 123 122 123 124 123 124 124 122 121 118 111 113 121 124 123 123 123 123 122 110 115 116 118 116 119 124 124 125 126 126 127 127 127 128 129 132 136 -9999 -9999 -9999 -9999 -9999 -9999 -9999 -9999 -9999 -9999 -9999 -9999 -9999 -9999 -9999 -9999 -9999 -9999 -9999 -9999 -9999 -9999 -9999 -9999 -9999 -9999 -9999 -9999 -9999
133 131 130 129 129 129 128 128 128 127 123 120 116 117 118 120 119 123 123 124 124 123 124 122 118 118 114 109 111 120 123 123 123 121 116 110 116 115 116 116 122 123 124 124 125 126 126 127 129 130 130 130 131 134 -9999 -9999 -9999 -9999 -9999 -9999 -9999 -9999 -9999 -9999 -9999 -9999 -9999 -9999 -9999 -9999 -9999 -9999 -9999 -9999 -9999 -9999 -9999 -9999 -9999 -9999 -9999 -9999
133 130 129 129 129 129 128 128 127 127 127 121 121 121 118 119 120 122 123 124 123 123 123 123 121 119 108 114 116 118 122 122 122 123 119 106 108 101 109 114 122 123 122 123 124 125 126 128 130 132 131 130 129 131 134 -9999 -9999 -9999 -9999 -9999 -9999 -9999 -9999 -9999 -9999 -9999 -9999 -9999 -9999 -9999 134 -9999 -9999 -9999 -9999 -9999 -9999 -9999 -9999 -9999 -9999 -9999
132 131 130 129 128 129 128 128 127 127 127 123 122 118 117 118 120 122 121 122 122 122 122 119 121 122 120 120 119 119 122 122 122 122 121 102 94 97 107 118 122 122 122 122 123 123 124 126 128 129 128 127 127 128 129 131 135 -9999 -9999 -9999 -9999 -9999 -9999 -9999 -9999 -9999 -9999 -9999 -9999 124 119 128 -9999 -9999 -9999 -9999 -9999 -9999 -9999 -9999 -9999 -9999
131 130 129 129 129 129 128 128 127 126 126 126 120 117 117 118 121 119 116 120 122 122 119 121 121 121 120 120 116 117 121 121 121 121 121 117 111 93 106 120 122 122 122 122 121 123 123 124 125 125 125 125 125 125 125 126 130 135 -9999 -9999 -9999 -9999 -9999 -9999 -9999 -9999 -9999 -9999 -9999 -9999 -9999 -9999 -9999 -9999 -9999 -9999 -9999 -9999 -9999 -9999 -9999 -9999
131 130 129 129 128 128 128 127 127 126 126 126 119 120 118 118 118 115 113 118 119 117 119 121 120 120 120 120 119 119 120 120 120 120 120 121 120 110 105 118 121 122 122 122 121 122 122 123 124 124 124 122 121 123 123 125 128 130 133 -9999 -9999 -9999 -9999 -9999 -9999 -9999 134 133 132 133 136 -9999 -9999 -9999 -9999 -9999 -9999 -9999 -9999 -9999 136 136
