Electronic Materials (Flash Drives)/data/NZclimate/LGM/Miroc_LGM/bio01nz.asc
ncols         384
nrows         384
xllcorner     164
yllcorner     -49
cellsize      0.041666666666667
NODATA_value  -9999
[rows 259 to 295 of 384, columns 164 to 245 of 384]
37 52 49 48 66 70 59 49 52 74 81 81 82 84 85 86 87 88 89 90 90 90 90 90 91 91 92 93 93 94 95 95 95 96 96 97 97 97 97 97 97 97 97 98 97 93 81 78 73 89 93 86 75 85 93 99 100 102 102 102 102 102 102 102 103 103 103 103 102 102 103 103 104 104 105 107 109 -9999 -9999 -9999 -9999 -9999
62 60 55 65 69 72 73 51 51 70 83 83 84 85 86 87 88 89 90 90 91 91 91 92 92 92 93 93 94 95 95 95 96 96 97 97 97 97 97 97 97 97 98 98 101 96 91 88 79 82 88 78 86 94 98 98 99 101 102 102 102 102 102 102 103 103 103 103 102 103 103 103 104 104 105 106 109 -9999 -9999 -9999 -9999 -9999
71 73 68 71 53 58 64 71 69 70 84 85 86 87 88 89 89 90 91 91 92 92 92 93 93 93 94 94 95 95 96 96 97 97 97 98 97 97 97 98 98 99 99 99 101 104 105 97 92 91 91 97 95 99 100 101 102 102 102 102 101 102 102 103 103 102 102 103 103 104 104 104 104 104 106 110 -9999 -9999 -9999 -9999 -9999 -9999
77 75 64 60 50 47 63 70 80 83 87 87 87 88 89 90 91 91 92 92 93 93 93 94 94 94 94 95 96 96 96 97 100 101 98 98 97 97 97 98 98 99 100 100 100 101 102 101 100 101 101 100 100 100 101 101 101 101 101 102 101 102 102 102 102 102 102 103 103 105 105 105 104 106 109 -9999 -9999 -9999 -9999 -9999 -9999 -9999
80 77 66 58 50 56 70 71 82 87 88 88 88 89 90 91 92 92 93 93 93 94 94 95 95 95 95 96 96 98 97 97 99 99 98 98 98 98 98 98 98 98 99 100 100 100 100 100 100 100 99 100 100 101 101 101 101 101 101 101 101 102 102 102 102 102 102 102 103 104 105 104 105 110 -9999 -9999 -9999 -9999 -9999 -9999 -9999 -9999
81 80 75 66 69 74 79 84 87 89 89 90 90 91 91 92 92 93 94 94 94 95 95 95 96 96 96 98 99 97 100 101 102 101 99 99 98 98 98 98 98 99 99 100 100 100 100 99 99 99 99 100 101 101 101 101 101 101 101 101 101 102 102 102 102 102 101 101 101 104 106 107 110 -9999 -9999 -9999 -9999 -9999 -9999 -9999 -9999 -9999
83 81 84 77 72 72 79 88 89 90 91 91 92 92 93 93 93 94 95 95 95 95 95 96 98 98 98 98 98 100 102 104 103 102 100 98 98 99 99 99 99 99 99 99 99 100 99 98 98 98 99 100 101 101 101 101 101 101 101 101 101 102 102 102 103 103 103 103 104 106 -9999 -9999 -9999 -9999 -9999 -9999 -9999 -9999 -9999 -9999 -9999 -9999
85 78 82 87 84 81 78 88 91 91 92 92 93 93 94 94 94 95 95 96 96 96 99 100 99 98 97 97 98 101 103 103 102 100 99 98 98 98 98 98 99 98 98 98 99 99 99 98 98 99 100 101 101 101 101 101 101 101 101 101 102 102 102 102 103 104 106 109 -9999 -9999 -9999 -9999 -9999 -9999 -9999 -9999 -9999 -9999 -9999 -9999 -9999 -9999
85 79 83 89 87 87 90 92 93 93 93 94 94 94 94 95 95 96 96 99 101 102 102 101 99 98 97 97 98 99 100 100 99 99 99 99 98 98 97 97 98 98 99 99 99 99 98 98 100 100 100 101 101 101 101 101 101 102 101 101 102 103 103 103 104 108 -9999 -9999 -9999 -9999 -9999 -9999 -9999 -9999 -9999 -9999 -9999 -9999 -9999 -9999 -9999 -9999
85 76 86 89 90 90 90 90 92 94 94 95 95 95 95 95 96 96 99 104 104 103 101 100 98 98 98 98 98 98 98 98 99 99 100 100 99 98 97 97 98 99 99 99 98 98 98 99 100 100 100 101 100 100 101 101 102 102 102 101 -9999 -9999 105 104 106 -9999 -9999 -9999 -9999 -9999 -9999 -9999 -9999 -9999 -9999 -9999 -9999 -9999 -9999 -9999 -9999 -9999
85 79 84 90 91 92 93 93 94 95 95 95 95 96 96 97 98 98 99 102 101 100 99 99 98 98 98 98 98 99 99 100 100 101 101 100 99 98 98 98 98 99 99 99 99 98 99 100 100 100 101 100 100 101 101 101 102 102 102 102 -9999 -9999 107 109 -9999 -9999 -9999 -9999 -9999 -9999 -9999 -9999 -9999 -9999 -9999 -9999 -9999 -9999 -9999 -9999 -9999 -9999
83 86 82 88 90 92 92 93 94 95 95 95 96 96 99 100 99 99 99 99 99 98 98 97 97 97 97 97 98 99 100 100 100 100 100 99 99 99 99 98 98 98 99 99 100 100 100 100 100 101 101 100 101 101 101 102 102 102 102 103 -9999 -9999 -9999 -9999 -9999 -9999 -9999 -9999 -9999 -9999 -9999 -9999 -9999 -9999 -9999 -9999 -9999 -9999 -9999 -9999 -9999 -9999
81 84 87 86 88 88 91 92 94 95 95 95 96 99 98 100 98 98 97 97 97 97 97 97 97 97 97 96 97 98 99 99 98 98 99 100 101 101 100 98 98 98 99 100 100 100 100 101 101 102 102 101 101 102 102 103 103 103 104 107 -9999 -9999 -9999 -9999 -9999 -9999 -9999 -9999 -9999 -9999 -9999 -9999 -9999 -9999 -9999 -9999 -9999 -9999 -9999 -9999 -9999 -9999
76 86 87 85 83 88 86 91 94 95 95 96 102 101 98 97 97 97 97 98 97 97 97 97 97 97 97 96 96 97 98 98 98 98 98 100 101 102 100 98 97 99 100 100 101 101 101 101 102 102 102 102 102 102 103 104 103 106 -9999 -9999 -9999 -9999 -9999 -9999 -9999 -9999 -9999 -9999 -9999 -9999 -9999 -9999 -9999 -9999 -9999 -9999 -9999 -9999 -9999 -9999 -9999 -9999
68 84 87 89 85 86 87 90 92 94 94 98 96 96 96 96 96 97 97 98 97 97 97 97 97 97 97 97 97 97 98 98 99 99 99 101 102 101 100 99 99 100 101 101 101 101 101 101 102 101 102 102 103 104 105 106 108 -9999 -9999 -9999 -9999 -9999 -9999 -9999 -9999 -9999 -9999 -9999 -9999 -9999 -9999 -9999 -9999 -9999 -9999 -9999 -9999 -9999 -9999 -9999 -9999 -9999
70 82 85 85 87 91 93 93 93 94 94 97 98 96 96 96 97 97 97 97 97 97 97 97 97 97 98 98 98 98 98 98 99 99 100 102 102 102 101 100 100 100 101 101 101 101 102 102 101 101 102 104 106 107 -9999 -9999 -9999 -9999 -9999 -9999 -9999 -9999 -9999 -9999 -9999 -9999 -9999 -9999 -9999 -9999 -9999 -9999 -9999 -9999 -9999 -9999 -9999 -9999 -9999 -9999 -9999 -9999
69 81 85 85 88 90 91 93 94 94 99 100 101 97 96 96 96 97 97 97 97 98 98 98 98 97 97 98 98 97 97 98 99 99 100 101 102 101 100 100 100 101 101 101 100 101 101 101 102 103 105 -9999 -9999 -9999 -9999 -9999 -9999 -9999 -9999 -9999 -9999 -9999 -9999 -9999 -9999 -9999 -9999 -9999 -9999 -9999 -9999 -9999 -9999 -9999 -9999 -9999 -9999 -9999 -9999 -9999 -9999 -9999
59 76 82 86 88 90 91 93 94 96 100 106 101 97 95 95 96 96 96 97 97 98 98 98 98 98 97 97 97 97 97 99 100 100 100 99 99 99 100 100 101 101 101 101 101 101 102 104 107 -9999 -9999 -9999 -9999 -9999 -9999 -9999 -9999 -9999 -9999 -9999 -9999 -9999 -9999 -9999 -9999 -9999 -9999 -9999 -9999 -9999 -9999 -9999 -9999 -9999 -9999 -9999 -9999 -9999 -9999 -9999 -9999 -9999
62 69 69 84 88 90 91 92 94 102 104 103 99 96 95 95 95 96 96 97 97 97 98 98 98 99 99 99 99 100 101 102 103 103 101 100 100 100 100 101 101 101 102 102 102 103 106 -9999 -9999 -9999 -9999 -9999 -9999 -9999 -9999 -9999 -9999 -9999 -9999 -9999 -9999 -9999 -9999 -9999 -9999 -9999 -9999 -9999 -9999 -9999 -9999 -9999 -9999 -9999 -9999 -9999 -9999 -9999 -9999 -9999 -9999 -9999
69 64 67 84 89 91 92 94 98 98 99 98 97 96 95 95 95 96 96 97 97 97 97 97 98 98 99 99 99 101 103 105 105 104 102 100 100 100 100 101 102 103 103 103 104 107 -9999 -9999 -9999 -9999 -9999 -9999 -9999 -9999 -9999 -9999 -9999 -9999 -9999 -9999 -9999 -9999 -9999 -9999 -9999 -9999 -9999 -9999 -9999 -9999 -9999 -9999 -9999 -9999 -9999 -9999 -9999 -9999 -9999 -9999 -9999 -9999
74 65 68 84 89 91 93 94 100 98 98 96 96 96 96 96 96 96 97 97 98 97 97 97 99 99 99 98 98 100 102 105 105 102 101 101 100 101 101 101 103 105 105 105 -9999 -9999 -9999 -9999 -9999 -9999 -9999 -9999 -9999 -9999 -9999 -9999 -9999 -9999 -9999 -9999 -9999 -9999 -9999 -9999 -9999 -9999 -9999 -9999 -9999 -9999 -9999 -9999 -9999 -9999 -9999 -9999 -9999 -9999 -9999 -9999 -9999 -9999
73 76 66 83 89 92 93 94 95 95 95 95 95 95 96 96 96 96 97 98 98 99 99 99 102 103 102 100 99 99 101 104 104 102 100 100 101 101 103 103 105 -9999 -9999 -9999 -9999 -9999 -9999 -9999 -9999 -9999 -9999 -9999 -9999 -9999 -9999 -9999 -9999 -9999 -9999 -9999 -9999 -9999 -9999 -9999 -9999 -9999 -9999 -9999 -9999 -9999 -9999 -9999 -9999 -9999 -9999 -9999 -9999 -9999 -9999 -9999 -9999 -9999
80 83 76 81 89 92 93 94 94 94 94 94 95 95 95 96 97 97 97 97 98 98 98 99 102 105 105 102 99 99 100 101 101 101 100 101 101 104 -9999 -9999 -9999 -9999 -9999 -9999 -9999 -9999 -9999 -9999 -9999 -9999 -9999 -9999 -9999 -9999 -9999 -9999 -9999 -9999 -9999 -9999 -9999 -9999 -9999 -9999 -9999 -9999 -9999 -9999 -9999 -9999 -9999 -9999 -9999 -9999 -9999 -9999 -9999 -9999 -9999 -9999 -9999 -9999
86 88 88 87 87 92 93 94 94 94 94 94 94 95 96 96 97 97 97 97 97 98 98 99 102 105 -9999 104 101 99 99 100 100 100 101 101 103 -9999 -9999 -9999 -9999 -9999 -9999 -9999 -9999 -9999 -9999 -9999 -9999 -9999 -9999 -9999 -9999 -9999 -9999 -9999 -9999 -9999 -9999 -9999 -9999 -9999 -9999 -9999 -9999 -9999 -9999 -9999 -9999 -9999 -9999 -9999 -9999 -9999 -9999 -9999 -9999 -9999 -9999 -9999 -9999 -9999
85 85 87 88 89 91 93 94 94 94 94 94 94 95 96 96 96 96 97 97 98 98 98 99 102 106 -9999 105 101 99 100 100 100 103 -9999 -9999 -9999 -9999 -9999 -9999 -9999 -9999 -9999 -9999 -9999 -9999 -9999 -9999 -9999 -9999 -9999 -9999 -9999 -9999 -9999 -9999 -9999 -9999 -9999 -9999 -9999 -9999 -9999 -9999 -9999 -9999 -9999 -9999 -9999 -9999 -9999 -9999 -9999 -9999 -9999 -9999 -9999 -9999 -9999 -9999 -9999 -9999
89 89 88 89 88 91 93 93 94 94 94 94 94 95 96 96 95 94 95 96 98 99 98 98 100 103 104 104 101 100 100 101 102 -9999 -9999 -9999 -9999 -9999 -9999 -9999 -9999 -9999 -9999 -9999 -9999 -9999 -9999 -9999 -9999 -9999 -9999 -9999 -9999 -9999 -9999 -9999 -9999 -9999 -9999 -9999 -9999 -9999 -9999 -9999 -9999 -9999 -9999 -9999 -9999 -9999 -9999 -9999 -9999 -9999 -9999 -9999 -9999 -9999 -9999 -9999 -9999 -9999
90 91 91 91 92 92 93 93 94 95 94 93 94 95 95 95 95 94 94 94 96 98 99 98 98 98 100 100 100 101 104 -9999 -9999 -9999 -9999 -9999 -9999 -9999 -9999 -9999 -9999 -9999 -9999 -9999 -9999 -9999 -9999 -9999 -9999 -9999 -9999 -9999 -9999 -9999 -9999 -9999 -9999 -9999 -9999 -9999 -9999 -9999 -9999 -9999 -9999 -9999 -9999 -9999 -9999 -9999 -9999 -9999 -9999 -9999 -9999 -9999 -9999 -9999 -9999 -9999 -9999 -9999
85 89 91 91 92 92 93 93 95 94 94 94 95 95 95 95 96 96 96 95 95 95 97 97 98 98 99 100 103 -9999 -9999 -9999 -9999 -9999 -9999 -9999 -9999 -9999 -9999 -9999 -9999 -9999 -9999 -9999 -9999 -9999 -9999 -9999 -9999 -9999 -9999 -9999 -9999 -9999 -9999 -9999 -9999 -9999 -9999 -9999 -9999 -9999 -9999 -9999 -9999 -9999 -9999 -9999 -9999 -9999 -9999 -9999 -9999 -9999 -9999 -9999 -9999 -9999 -9999 -9999 -9999 -9999
85 86 87 91 92 92 92 93 94 94 94 94 95 95 95 95 96 98 98 96 94 93 94 97 100 102 102 -9999 -9999 -9999 -9999 -9999 -9999 -9999 -9999 -9999 -9999 -9999 -9999 -9999 -9999 -9999 -9999 -9999 -9999 -9999 -9999 -9999 -9999 -9999 -9999 -9999 -9999 -9999 -9999 -9999 -9999 -9999 -9999 -9999 -9999 -9999 -9999 -9999 -9999 -9999 -9999 -9999 -9999 -9999 -9999 -9999 -9999 -9999 -9999 -9999 -9999 -9999 -9999 -9999 -9999 -9999
90 88 86 87 91 92 92 94 95 94 94 95 95 95 94 94 95 97 97 97 96 95 96 99 104 -9999 -9999 -9999 -9999 -9999 -9999 -9999 -9999 -9999 -9999 -9999 -9999 -9999 -9999 -9999 -9999 -9999 -9999 -9999 -9999 -9999 -9999 -9999 -9999 -9999 -9999 -9999 -9999 -9999 -9999 -9999 -9999 -9999 -9999 -9999 -9999 -9999 -9999 -9999 -9999 -9999 -9999 -9999 -9999 -9999 -9999 -9999 -9999 -9999 -9999 -9999 -9999 -9999 -9999 -9999 -9999 -9999
91 88 89 90 92 92 95 96 96 95 95 95 95 96 96 96 96 97 97 98 98 100 102 -9999 -9999 -9999 -9999 -9999 -9999 -9999 -9999 -9999 -9999 -9999 -9999 -9999 -9999 -9999 -9999 -9999 -9999 -9999 -9999 -9999 -9999 -9999 -9999 -9999 -9999 -9999 -9999 -9999 -9999 -9999 -9999 -9999 -9999 -9999 -9999 -9999 -9999 -9999 -9999 -9999 -9999 -9999 -9999 -9999 -9999 -9999 -9999 -9999 -9999 -9999 -9999 -9999 -9999 -9999 -9999 -9999 -9999 -9999
91 90 91 91 96 97 98 96 95 94 94 95 95 96 97 98 99 98 98 98 99 101 -9999 -9999 -9999 -9999 -9999 -9999 -9999 -9999 -9999 -9999 -9999 -9999 -9999 -9999 -9999 -9999 -9999 -9999 -9999 -9999 -9999 -9999 -9999 -9999 -9999 -9999 -9999 -9999 -9999 -9999 -9999 -9999 -9999 -9999 -9999 -9999 -9999 -9999 -9999 -9999 -9999 -9999 -9999 -9999 -9999 -9999 -9999 -9999 -9999 -9999 -9999 -9999 -9999 -9999 -9999 -9999 -9999 -9999 -9999 -9999
92 92 92 98 97 99 97 94 94 94 94 95 95 96 97 100 104 102 100 99 101 -9999 -9999 -9999 -9999 -9999 -9999 -9999 -9999 -9999 -9999 -9999 -9999 -9999 -9999 -9999 -9999 -9999 -9999 -9999 -9999 -9999 -9999 -9999 -9999 -9999 -9999 -9999 -9999 -9999 -9999 -9999 -9999 -9999 -9999 -9999 -9999 -9999 -9999 -9999 -9999 -9999 -9999 -9999 -9999 -9999 -9999 -9999 -9999 -9999 -9999 -9999 -9999 -9999 -9999 -9999 -9999 -9999 -9999 -9999 -9999 -9999
91 92 98 99 101 98 96 96 96 95 94 95 95 96 97 97 100 102 -9999 -9999 -9999 -9999 -9999 -9999 -9999 -9999 -9999 -9999 -9999 -9999 -9999 -9999 -9999 -9999 -9999 -9999 -9999 -9999 -9999 -9999 -9999 -9999 -9999 -9999 -9999 -9999 -9999 -9999 -9999 -9999 -9999 -9999 -9999 -9999 -9999 -9999 -9999 -9999 -9999 -9999 -9999 -9999 -9999 -9999 -9999 -9999 -9999 -9999 -9999 -9999 -9999 -9999 -9999 -9999 -9999 -9999 -9999 -9999 -9999 -9999 -9999 -9999
91 93 94 94 94 95 95 97 97 96 95 95 95 96 96 97 97 102 -9999 -9999 -9999 -9999 -9999 -9999 -9999 -9999 -9999 -9999 -9999 -9999 -9999 -9999 -9999 -9999 -9999 -9999 -9999 -9999 -9999 -9999 -9999 -9999 -9999 -9999 -9999 -9999 -9999 -9999 -9999 -9999 -9999 -9999 -9999 -9999 -9999 -9999 -9999 -9999 -9999 -9999 -9999 -9999 -9999 -9999 -9999 -9999 -9999 -9999 -9999 -9999 -9999 -9999 -9999 -9999 -9999 -9999 -9999 -9999 -9999 -9999 -9999 -9999
91 97 95 94 93 93 94 95 95 94 96 96 96 96 94 95 97 102 -9999 -9999 -9999 -9999 -9999 -9999 -9999 -9999 -9999 -9999 -9999 -9999 -9999 -9999 -9999 -9999 -9999 -9999 -9999 -9999 -9999 -9999 -9999 -9999 -9999 -9999 -9999 -9999 -9999 -9999 -9999 -9999 -9999 -9999 -9999 -9999 -9999 -9999 -9999 -9999 -9999 -9999 -9999 -9999 -9999 -9999 -9999 -9999 -9999 -9999 -9999 -9999 -9999 -9999 -9999 -9999 -9999 -9999 -9999 -9999 -9999 -9999 -9999 -9999
94 101 98 95 93 94 95 95 94 93 95 96 96 95 94 97 101 -9999 -9999 -9999 -9999 -9999 -9999 -9999 -9999 -9999 -9999 -9999 -9999 -9999 -9999 -9999 -9999 -9999 -9999 -9999 -9999 -9999 -9999 -9999 -9999 -9999 -9999 -9999 -9999 -9999 -9999 -9999 -9999 -9999 -9999 -9999 -9999 -9999 -9999 -9999 -9999 -9999 -9999 -9999 -9999 -9999 -9999 -9999 -9999 -9999 -9999 -9999 -9999 -9999 -9999 -9999 -9999 -9999 -9999 -9999 -9999 -9999 -9999 -9999 -9999 -9999
