Electronic Materials (Flash Drives)/data/NZclimate/LGM/Miroc_LGM/bio05nz.asc
ncols         384
nrows         384
xllcorner     164
yllcorner     -49
cellsize      0.041666666666667
NODATA_value  -9999
[rows 144 to 179 of 384, columns 243 to 323 of 384]
207 207 207 207 208 208 207 207 209 209 205 205 205 205 204 207 208 211 210 208 210 213 213 214 210 207 206 210 208 206 207 198 202 207 204 204 205 206 201 204 217 218 213 208 206 208 203 200 195 199 203 209 206 205 206 204 199 207 218 217 212 209 216 226 231 229 229 232 233 234 239 234 234 239 242 241 244 245 246 247 247
205 205 206 207 205 205 205 205 207 205 206 205 207 205 204 206 210 211 210 210 209 210 213 208 207 212 212 210 209 204 202 193 197 199 198 198 200 206 207 201 213 214 208 201 196 190 193 197 194 194 199 209 208 204 205 199 196 205 217 220 212 219 228 223 224 223 225 229 233 234 238 239 240 240 242 243 244 244 245 246 246
203 203 203 204 205 207 205 205 204 205 207 205 203 205 206 207 208 211 209 211 210 211 213 213 213 213 212 213 210 206 203 200 196 193 191 184 172 183 200 207 210 207 199 189 187 184 186 184 190 190 203 206 204 210 205 206 202 208 217 215 222 229 222 213 215 227 235 238 239 239 240 241 243 244 244 247 247 248 249 249 249
200 200 201 203 203 206 206 205 203 206 206 204 203 205 207 206 206 210 210 210 210 206 207 207 212 204 205 211 205 200 196 195 194 192 185 172 157 172 189 199 203 193 180 180 179 180 179 185 189 195 191 199 202 206 208 202 211 216 218 219 226 223 201 211 223 229 234 238 240 244 244 245 244 247 247 249 249 249 249 249 249
196 198 200 202 202 203 205 205 204 207 205 204 203 205 206 206 206 208 207 209 207 206 205 204 205 203 201 207 204 197 193 192 189 187 180 173 175 181 189 197 193 185 179 176 182 187 185 183 189 195 190 185 190 199 206 213 217 221 219 223 226 213 207 227 234 235 238 238 242 244 246 249 248 248 248 250 249 249 250 251 250
191 195 197 199 200 203 203 204 203 204 204 204 203 202 200 206 209 208 209 208 209 205 204 201 202 205 202 200 201 196 192 176 180 173 163 165 176 184 190 193 189 182 177 178 187 183 186 185 190 187 192 191 188 191 190 206 217 216 215 218 210 221 228 234 235 237 237 234 236 238 248 249 249 249 250 249 250 251 251 251 251
184 190 194 198 200 202 202 201 203 206 206 204 204 204 203 204 210 208 209 209 211 209 209 206 203 208 206 201 198 196 193 187 177 158 128 151 170 182 188 185 177 174 175 183 192 189 187 182 196 190 186 189 196 183 186 203 215 218 218 219 226 231 232 237 232 231 237 240 242 243 251 250 250 250 251 251 251 251 252 253 251
182 188 192 197 198 200 202 203 203 206 202 205 205 204 201 201 200 206 208 208 211 211 206 205 206 210 208 205 198 196 192 188 180 165 145 162 176 185 187 181 175 180 184 185 182 195 192 197 201 193 192 201 196 187 201 207 213 218 219 225 232 233 234 238 239 235 241 244 245 249 250 250 251 251 251 251 251 251 252 252 251
187 190 194 197 199 201 203 205 204 205 202 202 197 195 197 197 196 193 201 205 207 211 208 211 214 210 205 203 199 197 194 192 187 183 179 182 186 190 189 187 188 186 183 185 189 198 198 200 202 195 196 204 202 206 210 219 217 227 228 231 234 235 237 243 243 241 247 249 250 253 250 251 252 252 252 252 252 252 252 252 253
194 194 196 199 200 201 202 205 205 204 200 200 197 195 200 200 198 196 196 201 206 210 210 211 205 199 198 201 201 202 200 199 197 195 192 194 193 194 194 195 193 190 179 188 190 196 197 201 202 203 199 202 211 212 213 216 223 230 232 235 234 237 239 240 243 246 248 250 250 252 250 251 252 252 252 252 252 252 252 252 252
198 199 199 202 202 201 202 203 207 204 203 203 201 203 203 202 203 202 202 207 208 212 207 205 204 200 205 204 204 204 202 201 200 200 199 199 198 196 195 197 196 188 191 204 199 204 204 201 200 204 210 212 212 214 214 220 230 233 236 237 240 239 242 240 246 248 249 250 251 251 252 252 252 253 253 253 253 253 253 254 254
201 202 202 202 201 203 203 204 206 205 205 204 203 204 207 203 204 205 203 201 202 208 210 202 202 199 202 202 203 200 199 202 203 202 201 201 198 197 194 191 196 201 205 206 200 207 205 200 199 204 212 210 216 222 221 226 230 233 235 237 239 242 242 243 247 248 248 250 250 251 251 252 252 251 251 252 253 254 254 255 254
204 204 205 205 205 204 206 205 202 206 207 206 208 205 206 207 205 200 205 206 200 204 209 208 207 204 206 205 205 205 202 203 202 201 200 199 196 198 194 192 194 200 205 200 200 207 206 207 202 194 217 211 214 226 228 230 231 234 235 239 241 244 245 248 248 249 249 251 251 252 253 253 252 251 252 253 254 255 255 255 255
206 207 206 206 206 208 204 203 201 204 208 203 207 204 200 206 209 208 208 203 197 202 213 212 207 205 205 211 205 201 203 205 204 208 207 206 200 199 195 196 200 210 209 204 203 209 208 197 195 202 203 193 203 219 229 234 235 237 238 240 243 245 246 247 248 249 249 249 250 252 253 253 252 251 251 252 253 253 254 255 256
210 207 207 206 207 208 207 204 203 204 207 206 204 203 201 205 208 210 205 204 202 205 205 210 213 211 203 207 209 208 207 209 209 207 208 208 204 207 205 206 207 212 211 208 209 211 205 192 190 200 197 191 210 227 230 233 232 237 241 243 243 245 247 248 249 249 250 250 250 252 253 253 252 252 253 255 255 256 255 254 256
209 211 211 211 207 210 207 206 204 204 207 206 201 206 207 209 208 211 210 209 206 208 210 205 210 212 204 203 211 212 207 212 208 204 211 208 207 207 208 212 211 210 215 215 212 210 210 193 193 190 190 193 219 223 228 231 232 236 240 243 244 246 246 248 249 249 249 248 248 245 247 252 252 251 254 256 257 258 257 257 257
209 211 211 211 211 210 209 208 208 208 207 207 206 208 211 211 210 214 209 206 206 208 209 213 214 208 205 205 212 212 211 211 205 211 209 209 212 209 204 211 215 215 214 217 213 213 201 206 195 188 198 209 220 219 225 225 229 233 239 238 243 246 247 248 248 249 246 248 247 245 247 253 253 254 256 258 258 258 259 259 259
210 211 211 211 211 212 210 209 210 210 211 210 209 210 211 209 213 212 208 202 203 209 211 212 216 211 207 211 214 208 210 211 210 212 209 209 212 209 206 205 212 217 216 215 210 206 186 192 191 193 210 219 210 220 224 227 230 232 236 235 241 242 245 245 244 241 246 244 244 247 253 255 255 255 257 258 258 259 260 260 260
209 211 211 211 211 212 212 212 210 212 211 211 211 211 213 211 213 209 207 206 205 208 210 216 217 217 215 218 218 216 216 213 211 215 213 214 211 209 209 208 217 219 218 213 208 207 190 185 187 198 218 222 218 225 229 230 233 232 233 236 238 245 248 243 246 245 241 241 244 249 253 256 256 256 258 259 259 258 259 261 -9999
210 211 211 211 211 212 212 212 212 212 212 213 213 213 214 212 211 211 211 210 211 212 212 217 217 217 214 219 214 220 217 215 217 217 213 211 208 211 215 217 217 216 214 214 213 209 185 181 182 207 218 223 226 229 231 233 235 235 234 235 243 247 242 244 245 239 236 237 247 251 251 254 255 257 259 259 259 259 262 -9999 -9999
211 211 211 211 211 212 212 213 214 214 213 214 214 214 214 214 213 214 214 216 214 213 215 220 218 218 216 218 220 220 218 220 221 219 216 214 214 219 220 218 215 215 215 215 211 206 191 184 184 204 217 224 226 230 233 235 237 238 235 240 245 243 244 241 241 237 231 241 248 251 252 254 256 258 260 260 261 -9999 -9999 -9999 -9999
211 211 211 211 211 212 213 214 214 214 214 216 216 216 216 217 217 218 216 217 215 215 218 220 217 217 215 219 219 221 221 220 219 219 216 217 220 220 218 217 216 214 212 211 206 188 182 180 199 215 220 226 227 231 234 236 236 239 236 241 245 243 242 242 241 235 233 241 242 252 254 256 257 259 261 -9999 -9999 -9999 -9999 -9999 -9999
212 211 211 212 212 213 213 214 214 214 214 215 215 217 217 217 217 219 219 220 218 219 219 218 218 217 216 221 220 221 219 219 216 217 217 216 222 218 218 216 214 214 213 211 208 197 197 185 203 217 223 228 231 234 236 237 238 239 238 242 243 243 243 242 242 241 244 248 253 254 255 258 259 260 -9999 -9999 -9999 -9999 -9999 -9999 -9999
212 212 212 213 213 213 213 214 214 214 214 215 216 218 217 217 217 219 219 220 220 219 218 218 217 218 220 221 221 219 215 215 215 218 219 222 220 215 213 215 213 215 214 216 213 203 185 196 212 221 224 229 231 234 236 238 239 239 240 240 242 243 241 240 241 243 247 253 254 255 255 258 260 261 -9999 -9999 -9999 -9999 -9999 -9999 -9999
213 212 212 213 214 214 214 215 215 215 215 216 216 217 218 218 218 218 219 220 220 221 219 219 220 220 220 221 218 217 217 218 220 223 221 218 215 213 215 216 218 215 218 218 215 195 197 205 214 222 225 228 231 234 236 238 237 240 240 242 239 242 241 239 240 245 245 252 253 255 257 261 261 -9999 -9999 -9999 -9999 -9999 -9999 -9999 -9999
213 213 213 214 214 214 214 215 215 215 215 216 216 217 217 217 217 219 219 220 220 221 221 220 220 221 220 220 219 219 219 221 223 222 219 219 218 219 217 216 219 218 220 219 207 202 202 214 220 223 225 228 230 230 234 235 239 239 240 239 239 240 240 241 239 245 248 253 256 256 257 259 261 -9999 -9999 -9999 -9999 -9999 -9999 -9999 -9999
213 213 213 214 214 214 214 215 215 215 215 216 217 218 218 219 218 219 220 220 220 221 221 223 221 221 220 220 219 220 220 223 221 220 220 221 221 221 219 221 219 224 223 215 200 201 214 219 223 226 226 229 226 225 227 232 238 239 237 237 239 239 242 241 243 248 248 254 257 257 258 260 262 -9999 -9999 -9999 -9999 -9999 -9999 -9999 -9999
213 213 213 214 214 214 214 215 215 215 216 217 217 218 218 218 219 218 219 221 221 222 221 223 223 221 220 221 220 220 221 224 221 222 222 223 223 224 222 221 224 226 219 206 201 219 223 226 226 228 228 226 225 226 233 237 240 242 241 239 240 241 243 242 245 247 250 252 255 257 258 260 -9999 -9999 -9999 -9999 -9999 -9999 -9999 -9999 -9999
213 213 214 215 215 214 215 216 216 216 216 217 217 218 218 219 219 220 220 221 221 222 222 222 224 220 221 222 221 222 223 223 222 223 223 225 224 225 222 225 225 219 203 207 221 226 227 229 228 229 228 224 226 227 232 236 238 242 244 244 244 244 244 247 246 252 252 253 256 257 258 261 -9999 -9999 -9999 -9999 -9999 -9999 -9999 -9999 -9999
214 214 213 215 215 214 214 216 216 216 216 217 217 218 219 219 219 220 220 221 221 222 222 224 224 223 222 223 223 223 223 224 222 224 225 226 226 225 223 228 222 205 209 220 225 229 230 231 231 231 229 229 228 230 230 234 239 244 244 244 242 247 247 249 250 251 252 254 256 258 260 -9999 -9999 -9999 -9999 -9999 -9999 -9999 -9999 -9999 -9999
214 214 214 215 215 215 215 215 216 216 216 217 217 218 218 218 218 220 220 221 220 221 223 224 224 224 223 223 222 223 223 225 224 226 226 228 227 226 226 228 219 213 224 227 227 230 230 230 228 230 231 228 227 227 229 233 239 243 244 241 245 247 249 251 251 252 254 256 257 259 -9999 -9999 -9999 -9999 -9999 -9999 -9999 -9999 -9999 -9999 -9999
213 214 214 215 215 215 215 216 215 216 216 217 217 218 218 219 217 220 220 220 219 221 222 224 223 223 223 223 222 223 224 225 226 227 226 227 227 228 228 226 222 229 229 230 229 232 230 225 224 230 228 230 229 223 229 237 240 243 240 246 246 247 249 250 252 253 254 258 -9999 -9999 -9999 -9999 -9999 -9999 -9999 -9999 -9999 -9999 -9999 -9999 -9999
214 214 214 215 215 215 215 216 216 216 216 217 217 218 218 219 218 220 220 220 221 222 223 223 223 223 222 223 222 224 224 226 226 227 227 227 227 228 222 219 227 231 230 230 230 230 227 221 223 222 224 232 232 230 232 238 240 240 240 243 243 249 249 250 252 255 -9999 -9999 -9999 -9999 -9999 -9999 -9999 -9999 -9999 -9999 -9999 -9999 -9999 -9999 -9999
214 214 214 215 215 215 215 216 216 216 216 217 217 218 217 219 219 220 220 220 222 222 222 223 223 224 222 222 222 224 224 226 226 227 227 227 226 224 216 223 230 230 231 230 228 227 220 218 220 220 227 231 235 233 231 230 236 239 241 239 245 249 249 251 252 257 -9999 -9999 -9999 -9999 -9999 -9999 -9999 -9999 -9999 -9999 -9999 -9999 -9999 -9999 -9999
214 214 214 215 215 215 216 217 216 216 216 217 217 218 218 219 219 221 220 221 221 222 223 224 223 223 221 222 223 223 224 225 226 227 226 225 220 217 222 226 228 229 228 230 225 223 211 216 220 230 233 234 237 236 233 235 237 240 240 242 247 247 248 251 253 256 -9999 -9999 -9999 -9999 -9999 -9999 -9999 -9999 -9999 -9999 -9999 -9999 -9999 -9999 -9999
215 215 215 215 216 216 216 217 217 216 216 217 217 218 218 218 219 221 220 221 221 223 223 224 224 223 221 223 223 224 224 225 226 225 216 215 210 218 225 227 227 228 229 227 220 220 218 216 226 231 231 236 239 238 239 235 234 240 243 243 246 247 249 251 253 256 259 -9999 -9999 -9999 -9999 -9999 -9999 -9999 -9999 -9999 -9999 -9999 -9999 -9999 -9999
