Electronic Materials (Flash Drives)/data/NZclimate/LGM/Miroc_LGM/bio01nz.asc
ncols         384
nrows         384
xllcorner     164
yllcorner     -49
cellsize      0.041666666666667
NODATA_value  -9999
[rows 111 to 147 of 384, columns 246 to 327 of 384]
130 130 129 128 128 127 127 127 127 127 126 125 125 120 120 119 116 116 116 115 115 117 120 120 120 119 119 119 119 119 119 120 120 120 120 120 120 114 97 111 118 120 121 121 122 122 121 121 122 123 123 121 120 122 123 124 125 127 128 130 132 132 135 -9999 135 132 131 130 130 132 134 -9999 -9999 -9999 -9999 133 133 133 132 132 131 131
130 128 128 127 127 126 127 127 126 126 126 125 125 119 120 119 117 117 114 112 115 119 120 119 119 119 119 118 118 118 117 119 118 118 119 119 119 119 100 100 109 114 118 120 121 121 121 121 121 122 122 122 122 122 122 122 123 125 126 127 127 128 129 128 128 128 129 130 131 132 133 136 136 132 130 130 130 130 130 129 129 129
130 128 128 127 127 127 127 127 126 125 125 125 124 120 119 118 119 118 114 112 117 119 119 119 118 118 118 118 118 114 116 118 118 118 118 118 118 118 115 97 100 107 111 116 120 120 119 119 118 121 121 121 122 122 122 123 123 123 124 124 124 124 125 125 126 127 128 129 130 130 130 131 130 129 129 129 128 128 128 128 127 127
129 128 127 127 129 129 128 128 127 126 125 125 124 124 118 120 121 118 110 112 118 119 119 118 118 117 117 117 117 115 112 112 115 116 116 117 118 118 118 97 97 101 109 118 118 117 112 110 114 120 121 121 121 121 121 124 123 122 123 123 123 123 123 125 125 126 127 128 128 128 127 127 127 128 128 127 127 127 127 126 126 121
130 130 130 130 130 130 129 129 128 126 125 124 122 119 120 119 119 118 113 113 116 119 118 117 117 117 117 116 116 114 108 108 106 112 114 116 117 117 116 99 95 107 110 112 112 110 105 102 112 116 119 120 121 121 121 121 121 123 123 124 124 124 124 124 123 124 126 126 126 126 126 126 126 127 126 126 126 126 125 125 120 116
132 134 134 133 132 131 130 129 128 127 125 123 105 103 114 116 114 112 117 113 113 118 118 117 116 116 117 116 116 116 111 109 107 106 112 116 116 117 117 107 94 104 107 106 104 103 103 105 107 111 116 118 118 119 119 118 119 119 119 121 123 123 123 122 122 122 123 125 125 125 125 125 125 125 126 125 125 125 125 123 119 110
132 133 134 133 132 131 130 129 128 127 126 124 115 112 114 110 108 101 114 114 115 118 118 117 116 116 116 116 116 116 115 113 110 111 113 115 115 116 116 112 96 97 100 99 99 99 98 100 105 109 114 115 115 115 116 116 115 116 113 111 120 121 121 121 123 122 122 123 124 124 124 124 124 125 125 124 124 124 122 115 115 107
129 130 130 130 129 128 128 127 127 126 126 125 118 117 117 113 112 106 109 108 112 116 117 117 117 116 116 115 115 115 112 115 113 112 113 113 115 115 114 110 94 96 95 95 93 95 97 100 104 107 110 110 110 112 111 112 113 112 107 115 121 121 121 121 121 121 120 123 123 124 124 124 124 124 125 125 125 121 115 111 108 91
126 126 126 126 126 126 125 125 124 124 124 124 116 118 120 116 109 103 102 92 89 105 116 117 116 116 116 115 115 114 109 111 110 113 112 111 114 114 112 108 99 92 92 92 92 94 96 100 102 104 106 106 106 107 106 106 106 103 104 116 121 121 121 121 121 120 115 121 122 122 120 121 122 121 121 121 118 114 111 104 99 91
124 125 127 127 125 124 124 124 123 123 122 122 120 118 118 113 109 110 104 91 92 105 115 116 116 116 115 115 115 109 105 93 100 112 112 109 112 112 110 107 101 94 91 90 91 93 97 99 100 102 104 105 104 102 103 102 101 102 111 120 120 120 118 114 116 119 111 119 120 121 121 120 121 121 119 117 117 105 101 103 99 99
125 127 128 128 126 124 123 124 123 122 122 122 119 118 119 119 117 112 105 100 107 113 117 116 115 116 116 115 114 111 106 103 108 113 112 111 110 109 108 104 99 93 91 90 91 96 102 105 105 105 103 100 100 97 94 99 101 109 116 119 118 119 111 110 115 120 116 114 114 118 117 113 119 119 118 107 105 104 92 100 95 94
126 126 127 127 126 123 122 123 123 122 118 111 119 119 119 118 117 110 105 106 111 113 116 116 116 115 114 115 115 113 110 110 111 111 110 109 108 107 106 103 100 94 91 89 90 98 94 104 105 104 97 91 93 86 94 99 100 110 116 110 112 114 108 113 116 119 117 115 115 117 114 103 114 110 108 111 104 95 97 95 95 92
125 125 124 125 125 124 123 123 123 122 116 115 115 118 116 110 112 106 102 109 113 112 115 116 115 114 113 114 113 111 111 110 109 110 107 107 106 106 104 102 100 98 91 88 87 94 98 104 103 100 95 100 90 81 102 109 113 115 111 107 106 110 104 111 117 119 113 118 118 114 110 98 108 103 102 107 105 99 91 91 92 90
125 124 122 121 122 123 123 123 122 122 119 116 112 107 111 106 109 99 96 106 108 109 115 115 115 115 115 112 111 110 110 108 106 105 106 104 103 103 103 100 96 94 90 86 84 88 94 99 100 92 95 102 103 99 98 105 108 108 102 102 105 110 104 104 107 114 108 110 114 102 103 90 105 104 101 103 102 102 97 91 91 91
124 124 123 121 121 122 122 122 122 121 122 113 110 107 105 102 102 96 98 106 111 114 115 115 115 115 110 111 108 105 103 104 99 101 104 101 100 100 101 99 98 94 90 87 89 90 97 98 97 95 92 98 102 88 78 90 98 100 97 100 105 112 107 97 93 105 102 97 107 96 101 93 101 105 93 92 90 93 93 90 92 85
124 124 123 122 122 122 121 121 121 121 122 111 115 113 111 108 105 103 101 109 112 115 115 113 112 106 109 109 104 99 98 98 96 101 105 101 98 97 99 98 96 94 92 91 95 95 100 99 95 90 91 97 100 98 93 94 96 97 98 102 107 109 101 94 92 98 104 98 107 94 94 86 98 102 100 93 90 85 93 92 87 83
124 123 123 123 123 123 122 121 121 122 118 114 108 107 106 105 103 100 101 107 112 114 111 110 106 102 108 102 91 91 91 92 97 101 105 104 100 99 100 97 93 97 99 97 98 99 100 101 99 95 92 95 96 95 96 96 98 98 100 105 109 107 95 92 91 103 108 103 102 101 98 83 89 101 94 93 84 85 91 88 82 77
123 122 122 123 123 123 122 121 122 118 108 113 104 97 104 103 101 98 101 107 113 110 110 105 103 103 104 95 84 81 83 89 97 102 104 103 105 106 100 91 93 101 102 102 96 98 101 96 93 94 98 98 94 92 92 94 96 98 102 108 111 109 86 88 92 102 105 99 97 94 91 78 91 95 94 82 85 86 92 85 93 89
122 122 123 123 123 122 122 121 122 115 106 108 96 96 102 101 102 100 103 106 108 109 106 106 105 104 100 94 88 86 83 88 95 99 103 104 106 101 91 90 101 101 101 101 99 99 96 88 88 100 102 100 94 92 91 92 95 98 105 110 110 109 88 86 94 100 104 95 96 94 80 81 92 90 82 79 84 89 87 93 99 104
123 123 123 122 122 121 121 121 121 112 107 101 95 97 102 105 106 104 106 109 108 108 106 104 103 102 95 94 91 90 87 88 90 95 100 103 103 102 97 99 100 100 91 95 95 98 92 91 97 102 103 99 92 91 90 91 96 102 107 109 107 88 92 88 99 96 100 90 96 89 79 85 88 87 93 87 86 85 81 91 97 100
123 122 122 122 121 121 121 121 120 113 110 103 94 101 104 106 108 106 110 108 106 107 106 104 102 100 97 96 93 91 88 88 88 91 96 98 98 96 91 92 94 95 86 88 88 99 96 95 100 103 102 98 93 90 90 92 96 100 107 107 100 77 90 85 94 96 94 91 86 87 75 76 81 81 88 85 86 80 81 84 90 103
122 122 122 122 121 121 120 121 120 112 105 99 91 103 106 109 108 107 109 107 107 103 100 100 97 98 98 90 92 91 88 87 82 82 81 90 95 93 91 90 92 91 86 89 93 96 100 101 100 102 102 96 91 90 92 94 95 99 98 100 96 86 87 89 94 97 86 88 89 85 69 68 70 77 79 79 87 84 94 98 104 106
122 122 122 121 121 120 120 121 120 112 105 101 95 104 111 113 111 110 110 108 107 106 100 98 96 96 93 95 95 89 87 85 75 75 85 91 92 91 86 84 88 88 89 89 93 96 98 99 100 101 97 90 86 89 94 96 97 97 93 95 97 85 79 82 85 94 85 84 87 73 70 72 76 80 89 86 92 89 88 98 104 108
122 121 121 121 120 120 120 120 117 109 108 105 111 111 111 114 113 110 109 108 102 105 102 96 96 100 103 101 96 92 89 81 74 78 85 91 92 89 87 88 86 86 89 93 95 96 99 99 101 100 90 85 84 89 93 93 96 89 93 96 98 86 86 83 91 90 78 74 68 63 70 79 80 80 82 91 92 95 100 99 98 99
121 121 121 120 120 120 120 119 117 112 110 108 106 100 101 112 109 109 104 101 100 100 97 93 98 103 101 97 92 91 82 73 72 79 86 89 92 92 92 92 93 88 88 93 95 94 97 98 96 88 86 84 85 88 90 91 89 87 93 98 89 85 81 86 91 85 72 70 62 66 75 78 80 92 89 85 97 96 98 99 102 102
121 121 121 120 120 120 119 119 116 112 113 113 110 110 105 108 102 101 99 104 100 101 99 100 100 99 97 91 89 84 79 76 83 87 89 90 94 97 98 97 92 93 92 97 95 85 92 93 89 83 83 85 86 86 86 86 83 86 93 85 76 76 76 83 74 68 68 77 66 67 67 74 80 91 95 86 87 94 97 99 103 105
121 121 120 120 119 119 119 119 115 112 110 108 106 104 106 103 99 101 102 105 104 102 102 100 102 100 100 92 82 77 72 78 82 86 88 92 98 98 98 98 98 97 96 98 94 88 87 87 81 82 83 85 85 84 82 80 77 84 87 75 77 79 86 80 69 71 77 83 78 74 78 79 81 92 100 96 95 98 107 103 104 97
120 120 120 119 119 119 119 118 113 110 110 108 104 98 95 95 97 104 104 107 106 104 98 102 99 97 98 91 78 75 76 73 76 82 88 94 97 97 98 98 98 98 98 98 94 90 84 80 80 82 82 83 83 82 79 77 74 81 78 73 79 74 82 73 79 80 86 86 88 84 79 88 99 96 100 106 106 102 107 103 94 96
120 120 119 119 119 119 118 116 114 111 110 106 100 96 94 96 100 104 107 104 96 96 97 104 100 102 101 92 91 88 80 71 72 79 87 90 90 93 98 98 98 98 98 94 93 89 82 79 78 81 81 81 81 79 76 75 72 74 72 69 69 70 92 79 84 80 78 76 86 100 97 99 104 105 103 102 104 109 109 95 87 97
120 119 119 119 118 118 116 112 113 111 110 107 102 95 93 92 96 107 105 101 98 98 94 104 103 101 102 99 97 91 80 73 75 83 92 93 94 97 97 98 98 98 95 90 90 88 83 79 77 78 80 80 80 77 78 71 70 70 67 71 74 76 81 95 82 84 86 90 93 101 107 103 101 102 108 110 106 112 110 93 94 103
119 119 118 118 118 115 111 110 110 109 109 108 104 96 94 93 99 105 107 104 99 103 96 103 105 103 104 102 98 90 81 80 82 87 87 91 97 98 97 98 96 90 85 87 86 86 84 78 77 77 80 78 80 76 79 70 72 71 72 66 74 89 82 83 100 101 101 100 101 104 101 106 112 106 107 109 115 116 111 107 107 99
118 118 118 117 115 113 111 111 107 102 102 99 100 96 95 94 102 104 108 105 102 105 103 106 104 101 101 101 98 89 86 81 83 84 79 87 98 97 97 95 93 86 84 82 87 84 80 76 77 77 78 79 77 76 78 71 75 69 64 72 79 88 77 94 96 96 102 106 108 108 108 112 113 113 112 112 114 112 111 106 106 99
114 114 114 114 113 111 110 110 104 102 101 100 102 102 98 99 100 104 107 104 103 101 97 98 96 97 94 95 90 89 85 82 81 81 66 73 94 97 95 92 89 88 84 81 81 78 71 68 77 76 74 75 75 76 79 79 80 80 69 78 88 89 82 95 94 97 101 98 102 105 107 109 108 112 114 117 116 117 114 107 109 104
112 112 113 110 109 111 109 105 102 104 102 100 103 103 105 104 101 102 104 104 104 99 93 92 96 92 90 89 78 83 86 82 83 83 83 77 79 94 94 87 82 79 79 74 71 66 69 72 78 75 73 74 72 67 74 86 86 80 77 84 94 100 98 98 100 101 103 109 103 103 109 112 111 114 116 118 117 117 116 117 113 113
111 109 110 110 107 109 105 106 104 104 102 101 102 105 105 104 103 102 101 104 97 96 100 100 96 94 87 85 73 78 77 77 76 77 83 84 76 89 89 82 73 68 61 64 68 64 63 68 79 77 72 73 67 64 72 86 89 80 86 97 92 93 91 93 97 101 104 108 109 111 110 113 115 114 114 117 118 118 118 118 118 118
108 109 109 107 107 106 104 106 103 101 101 102 103 104 106 102 104 103 102 104 102 103 101 100 100 95 89 84 79 75 71 68 59 46 56 75 82 85 80 71 59 57 54 55 53 59 58 72 75 73 78 72 73 69 75 85 82 91 97 89 79 81 95 104 106 109 107 110 110 112 114 114 117 118 119 119 120 119 120 120 120 120
107 107 108 108 106 105 107 106 102 100 101 103 100 102 105 103 103 103 97 98 95 101 91 92 98 89 82 76 74 73 69 61 46 29 44 63 74 78 65 51 50 49 49 48 53 58 64 59 68 70 74 77 69 80 83 85 87 95 91 66 78 91 97 104 106 110 114 114 115 114 117 119 119 120 120 120 120 120 120 120 120 120
