Electronic Materials (Flash Drives)/data/NZclimate/LGM/Miroc_LGM/bio05nz.asc
ncols         384
nrows         384
xllcorner     164
yllcorner     -49
cellsize      0.041666666666667
NODATA_value  -9999
[rows 288 to 323 of 384, columns 81 to 161 of 384]
169 165 161 163 161 154 157 158 169 152 160 176 183 161 157 173 159 147 139 152 163 162 144 154 194 194 154 159 185 167 187 197 202 200 186 184 190 200 196 197 197 196 198 211 211 196 175 156 150 163 184 197 203 203 203 202 202 197 189 196 192 186 189 189 186 185 186 186 186 186 178 159 165 171 178 180 181 184 186 188 190
159 150 151 155 170 148 157 165 177 164 168 185 169 152 173 171 156 148 149 143 174 152 152 162 192 197 180 191 197 202 205 206 204 190 131 139 163 178 186 202 185 195 211 212 205 186 168 155 175 192 203 206 205 205 205 201 198 198 197 192 180 189 192 191 189 188 188 187 188 187 184 167 156 164 175 179 178 181 183 188 190
165 161 160 155 170 170 153 153 163 180 184 184 180 175 177 150 148 154 155 150 174 160 152 175 189 197 200 200 196 183 158 202 207 181 139 137 157 171 185 182 179 187 207 207 192 199 200 187 198 204 207 206 206 205 201 197 199 197 193 179 185 192 193 193 191 190 190 188 189 187 185 179 161 168 167 172 175 175 181 185 187
149 154 172 173 172 179 176 167 161 172 184 185 184 183 174 160 154 144 168 166 148 167 155 180 172 174 174 163 161 154 168 184 205 178 140 133 148 167 183 173 166 173 199 202 187 180 206 205 206 207 209 208 202 196 196 199 198 195 182 177 186 193 193 193 192 191 190 189 189 188 185 181 172 160 166 162 168 175 181 181 186
151 155 154 152 155 161 179 185 183 185 186 185 185 183 174 159 165 148 173 157 152 155 179 172 159 153 158 153 167 173 186 193 205 169 137 137 144 171 189 181 164 172 186 192 197 196 211 212 210 211 211 208 199 191 198 198 195 186 175 176 184 192 194 193 192 192 191 189 189 188 185 179 178 172 160 162 169 174 175 179 184
161 149 147 149 147 147 156 179 185 185 186 184 184 178 174 158 170 149 158 167 161 164 177 170 145 156 167 174 166 169 154 168 203 174 150 134 149 180 179 167 143 154 168 183 188 202 213 214 213 213 209 203 196 195 196 195 191 185 178 173 187 193 193 192 191 189 185 180 182 186 181 174 178 179 176 174 175 172 175 179 181
167 160 159 149 147 153 154 165 184 186 184 182 181 178 177 174 157 161 153 167 163 175 166 152 148 160 157 156 153 157 162 150 199 191 146 143 162 170 153 150 136 145 156 160 171 197 207 211 208 203 203 200 196 191 190 187 182 178 175 175 188 192 192 190 187 180 171 171 177 185 182 177 174 178 182 178 174 172 174 179 181
156 173 165 175 152 150 153 163 184 186 184 180 181 179 168 175 170 165 164 176 177 163 141 154 150 148 146 150 161 177 168 166 197 183 147 160 177 154 144 140 146 145 152 146 157 189 202 203 194 197 196 187 188 185 184 180 175 174 170 178 191 192 189 180 172 161 157 163 179 186 179 177 175 175 182 184 183 178 176 177 178
146 145 151 165 174 179 183 185 186 184 183 183 178 181 178 178 170 177 171 171 175 155 141 157 166 167 169 178 181 180 177 196 183 152 159 176 159 144 139 149 150 153 143 146 157 192 201 195 184 187 183 184 183 180 178 174 173 166 167 181 188 187 185 172 162 155 155 171 186 185 178 175 178 178 177 177 182 185 181 178 177
153 142 152 156 144 151 171 185 186 185 182 181 181 175 176 171 175 174 168 176 153 156 149 149 168 178 164 177 190 189 196 196 179 152 170 161 151 141 141 152 162 162 154 143 159 191 203 191 184 179 178 179 179 179 177 171 164 165 173 182 182 182 176 161 152 154 172 185 186 179 176 177 176 176 176 175 176 182 185 181 179
160 146 149 155 164 164 176 184 184 183 182 183 181 174 175 176 181 180 176 155 156 151 145 158 158 179 168 174 184 186 183 197 188 170 157 151 146 147 157 158 172 173 159 151 156 187 203 200 188 176 176 177 177 177 175 170 171 174 181 183 181 173 164 156 151 174 186 187 182 175 178 178 174 174 174 176 176 178 182 185 183
166 162 175 178 184 185 181 184 182 182 181 182 181 179 180 181 180 180 173 162 168 159 158 171 171 173 185 187 187 193 189 196 180 179 165 152 147 152 160 168 184 187 165 164 161 188 206 201 187 178 174 172 174 174 175 175 177 180 183 178 170 165 158 154 170 186 188 184 178 176 178 176 174 170 172 174 177 179 181 184 183
167 179 182 184 185 186 185 185 184 185 184 183 182 182 183 176 175 179 179 179 172 175 178 177 178 182 186 191 195 191 186 192 188 176 172 162 165 163 165 182 190 178 171 170 171 191 207 197 188 186 182 175 171 176 177 175 178 178 172 166 168 166 163 162 184 188 187 184 180 178 178 175 170 168 173 176 176 178 180 182 181
172 151 156 181 184 185 185 185 184 182 182 182 182 181 177 174 179 180 184 176 171 183 177 183 188 188 188 184 184 188 194 181 171 175 170 175 189 190 189 195 172 157 167 178 169 174 202 197 192 186 183 180 176 178 178 170 173 170 167 168 168 167 166 175 185 186 186 183 180 179 177 171 169 171 171 174 173 178 179 182 182
146 144 142 164 180 177 179 185 182 179 176 170 165 167 165 159 178 179 184 183 176 184 186 189 190 192 187 165 173 184 189 172 180 179 181 186 196 198 198 182 163 162 171 181 169 173 200 204 196 193 185 175 173 174 171 164 165 167 162 164 170 177 180 182 182 183 184 182 181 178 175 172 169 173 172 175 179 180 181 181 180
136 149 151 148 167 176 173 184 181 168 151 146 148 151 171 166 179 182 183 184 186 188 188 189 190 191 181 179 174 178 190 177 185 187 186 193 198 197 187 180 170 174 186 189 182 188 196 202 201 197 188 182 172 168 161 159 164 159 159 166 174 176 177 177 177 177 177 179 178 177 174 171 175 173 175 176 177 178 179 181 181
143 141 153 138 162 183 184 182 176 152 146 144 154 166 174 168 177 183 183 183 185 186 188 190 191 187 182 185 183 184 193 187 186 190 195 197 197 185 186 172 181 186 187 184 182 190 193 197 194 198 192 188 183 173 159 158 158 157 160 168 176 175 177 177 176 176 177 176 176 176 177 174 168 168 170 175 176 174 176 187 181
142 148 165 164 175 183 177 178 172 155 146 141 150 165 173 176 179 181 183 185 183 180 182 188 191 190 187 188 191 188 192 192 192 194 195 195 193 188 180 172 182 184 188 186 184 186 190 191 184 191 197 191 185 177 169 162 157 157 162 171 171 172 174 174 172 171 171 173 174 174 174 176 169 167 169 172 178 177 177 180 179
142 141 167 178 180 183 180 180 172 150 147 154 155 172 167 171 172 178 184 185 186 180 182 187 189 190 191 190 190 191 192 193 193 194 192 184 189 185 185 177 180 187 192 191 190 191 191 191 189 189 195 191 183 182 173 170 166 163 162 170 171 174 175 175 174 172 172 172 172 172 175 175 171 170 167 171 175 171 174 175 174
142 156 175 177 174 179 182 182 178 171 165 168 172 173 168 168 172 180 183 182 184 185 183 187 188 189 190 190 190 191 192 193 193 193 192 190 186 187 186 184 187 188 189 188 190 190 190 191 188 186 191 193 190 183 176 173 173 172 174 175 176 174 175 174 172 172 172 174 173 175 174 173 172 172 164 168 168 173 176 174 175
146 167 173 162 172 173 181 180 180 179 177 176 172 172 174 168 176 182 184 178 175 185 187 189 186 185 188 190 190 190 190 192 192 192 193 191 189 190 189 184 189 189 190 192 193 192 191 189 179 179 191 191 191 188 184 178 172 173 175 176 175 175 173 172 168 163 167 178 179 177 177 177 175 169 170 174 172 172 172 173 172
168 163 158 170 171 179 182 181 181 180 181 178 176 178 179 175 175 183 183 178 178 185 187 187 185 179 183 186 188 189 189 190 191 192 192 190 189 190 191 190 191 190 192 192 192 190 189 180 172 179 188 186 183 187 188 185 181 177 176 177 174 172 174 169 167 165 176 179 179 178 177 174 175 174 173 174 173 169 172 171 174
156 167 174 174 176 179 180 183 182 180 181 182 182 181 180 179 180 183 183 179 177 182 186 186 183 178 181 178 182 187 189 188 189 190 190 190 188 190 191 191 190 191 190 190 191 189 177 167 175 182 188 186 185 187 187 185 183 181 180 177 170 168 172 176 178 180 180 179 176 174 174 173 175 174 179 175 176 175 175 175 176
171 173 175 179 179 180 179 182 181 179 181 180 172 179 180 181 181 184 184 181 180 181 185 186 182 179 183 179 174 176 180 183 185 189 190 190 190 189 189 190 190 190 189 188 190 185 175 181 181 186 190 187 186 186 182 180 183 183 181 173 171 171 172 176 180 180 180 177 174 174 183 176 176 175 176 175 175 175 176 175 177
172 174 175 177 174 175 177 180 182 180 181 180 175 177 180 181 181 183 182 184 183 183 184 185 185 183 178 179 179 178 181 182 184 185 183 184 189 189 188 189 189 187 187 187 189 184 184 185 188 189 189 188 187 183 181 182 182 179 177 175 174 175 176 178 179 177 175 175 175 183 179 179 176 175 174 174 175 174 175 175 176
172 172 177 175 175 174 177 179 181 180 181 180 178 181 181 181 181 182 182 183 183 184 184 184 185 184 183 184 179 175 176 177 180 178 182 180 185 188 188 188 187 188 184 184 186 186 186 188 189 189 187 188 186 183 183 181 178 175 179 178 176 178 178 177 174 173 172 175 176 176 176 176 176 175 175 175 174 174 174 175 174
172 174 177 176 178 176 178 180 180 178 177 173 176 180 181 181 181 181 182 182 182 183 183 183 183 184 184 183 179 176 177 174 178 184 184 185 186 187 185 184 186 186 185 186 186 185 186 186 187 187 187 186 186 184 182 181 178 175 179 181 180 179 180 176 170 170 174 175 176 176 176 175 175 175 175 175 174 174 174 174 174
174 176 177 178 178 178 180 179 177 174 166 165 170 176 179 181 181 181 181 181 182 181 182 182 182 183 183 184 182 182 177 178 183 184 184 185 186 186 183 180 182 183 183 181 182 184 185 185 184 185 185 185 185 185 183 181 177 176 178 180 181 179 178 173 170 172 173 174 179 176 175 175 175 175 175 175 174 174 174 174 173
174 183 184 184 179 179 180 178 175 167 159 166 175 174 173 179 179 179 180 180 180 181 181 181 181 180 182 182 182 183 183 183 183 182 183 185 184 182 181 180 180 182 182 181 179 175 179 182 183 184 184 184 183 183 183 182 179 178 181 179 178 173 176 175 176 174 175 182 177 177 176 175 175 175 175 175 174 173 175 176 179
182 184 185 184 184 182 179 177 174 174 166 159 172 177 177 179 180 179 179 179 179 180 180 180 180 180 181 182 182 181 181 181 181 181 183 183 178 178 180 176 175 177 178 178 179 178 176 176 179 181 182 183 182 182 180 181 182 179 181 178 175 175 176 176 177 180 178 178 177 176 175 175 175 175 175 175 176 176 177 180 -9999
181 182 182 182 182 181 181 178 177 175 165 163 173 177 178 179 179 178 179 179 179 179 179 179 180 180 180 179 179 181 181 181 180 181 182 183 181 177 179 178 173 172 173 172 177 176 174 175 173 170 171 175 179 181 181 181 181 179 179 177 175 176 176 178 181 179 178 177 175 176 175 175 175 175 176 178 181 -9999 -9999 -9999 -9999
178 180 180 180 180 180 181 176 177 176 174 169 174 177 177 178 178 178 178 178 178 178 178 178 178 178 178 179 179 179 179 179 180 181 181 182 181 179 176 175 172 169 166 172 176 174 170 170 171 169 170 173 174 175 180 180 181 179 179 176 176 177 180 180 180 178 176 176 175 175 175 175 175 176 178 -9999 -9999 -9999 -9999 -9999 -9999
178 178 178 178 178 178 178 178 176 176 176 176 176 175 174 177 177 177 177 177 177 176 176 176 177 177 177 177 178 179 178 178 180 180 181 181 180 180 177 171 165 174 176 176 173 170 171 171 168 173 176 172 170 172 173 176 179 178 178 181 179 181 179 178 177 176 176 175 175 175 175 175 175 178 -9999 -9999 -9999 -9999 -9999 -9999 -9999
177 177 177 177 177 177 177 177 178 175 175 175 175 179 181 176 177 178 180 177 176 176 176 176 176 176 177 177 177 177 177 178 178 179 178 177 178 176 177 178 175 174 176 171 172 167 166 168 171 170 172 175 172 174 174 175 174 175 180 177 177 177 177 176 177 176 176 175 175 175 175 175 176 -9999 -9999 -9999 -9999 -9999 -9999 -9999 -9999
177 177 177 177 177 177 177 177 177 177 179 175 179 180 178 177 177 177 178 180 175 175 174 174 175 175 175 175 175 177 177 177 178 178 177 177 175 173 170 175 177 174 174 166 171 166 163 167 165 170 171 171 174 175 178 176 174 173 174 177 176 177 177 177 177 176 175 176 175 176 176 176 179 -9999 -9999 -9999 -9999 -9999 -9999 -9999 -9999
177 177 177 177 176 176 176 176 176 176 176 175 174 175 175 175 176 176 177 179 174 174 173 174 174 175 175 175 175 175 176 176 177 177 177 176 175 173 170 170 169 171 171 171 172 174 168 170 170 169 172 171 175 174 175 177 177 175 176 176 177 177 177 177 176 176 176 175 175 176 178 -9999 -9999 -9999 -9999 -9999 -9999 -9999 -9999 -9999 -9999
