Electronic Materials (Flash Drives)/data/NZclimate/LGM/Miroc_LGM/bio06nz.asc
ncols         384
nrows         384
xllcorner     164
yllcorner     -49
cellsize      0.041666666666667
NODATA_value  -9999
[rows 111 to 147 of 384, columns 252 to 335 of 384]
39 39 39 37 36 35 34 29 29 27 25 24 23 22 21 23 25 25 24 23 23 23 23 23 23 23 22 22 23 22 23 16 1 15 21 23 24 25 24 24 24 24 25 25 25 23 22 25 25 26 27 29 30 32 34 34 37 -9999 36 34 33 32 32 34 36 -9999 -9999 -9999 -9999 36 35 35 35 34 33 33 33 32 32 26 27 24 18 14
39 38 37 36 35 34 34 28 29 28 24 24 22 19 20 24 24 23 23 22 22 22 22 22 20 20 21 21 22 22 22 22 3 3 11 17 20 22 23 23 24 24 24 24 24 24 25 25 25 25 25 26 27 27 28 29 30 29 29 29 30 30 32 33 34 37 37 33 31 31 31 31 31 31 30 30 30 18 15 14 14 17 18 13
39 38 36 35 35 34 34 29 27 25 27 26 21 18 22 23 23 22 22 20 21 21 21 17 18 20 20 20 20 21 21 21 17 0 2 9 13 17 22 22 21 20 20 23 23 23 24 24 24 25 24 24 24 25 25 25 25 26 27 28 29 30 31 31 31 32 31 30 30 30 29 29 29 29 29 28 22 18 13 4 5 5 9 16
39 38 37 36 35 34 34 34 27 27 29 26 17 17 23 24 23 22 21 19 18 18 19 17 13 14 17 18 18 19 19 19 19 0 0 4 11 20 19 18 14 12 15 22 22 22 22 22 22 24 23 23 24 23 23 23 23 25 26 27 28 28 29 28 28 28 28 29 29 28 28 28 27 27 27 23 16 9 11 10 11 1 7 5
40 39 38 36 35 34 31 27 29 27 27 26 19 18 21 23 22 21 19 19 18 18 17 16 11 11 8 14 16 18 18 18 17 1 -2 8 11 14 13 12 7 4 13 17 19 20 21 21 21 21 22 22 24 24 24 24 24 24 24 25 26 27 27 27 27 27 27 27 27 27 27 27 26 26 22 18 13 12 1 -1 -4 -5 2 -8
41 39 38 37 35 32 16 12 23 23 20 18 23 19 17 23 22 20 19 18 18 17 18 18 13 12 8 7 13 17 17 18 18 9 -3 5 7 6 4 3 3 6 8 11 16 19 19 19 20 19 18 19 18 20 23 22 22 21 21 21 22 24 25 24 25 25 24 25 25 25 24 24 24 22 19 11 5 3 0 -4 -14 -13 -21 -24
40 39 38 37 36 33 24 21 22 18 15 9 20 20 20 22 21 21 19 18 17 18 18 16 16 14 10 12 14 16 16 16 17 13 -1 -1 0 0 0 0 0 0 5 8 14 15 15 15 16 16 14 15 13 10 19 20 20 20 22 21 21 22 23 23 24 24 24 24 24 24 24 24 22 15 15 7 8 3 -11 -9 -9 -16 -18 -14
38 38 37 36 36 35 27 26 24 20 19 13 15 13 17 20 20 19 19 18 18 16 17 17 13 16 14 13 13 14 15 16 14 9 -5 -3 -4 -4 -5 -4 -1 0 3 7 9 9 9 11 10 11 12 11 6 14 19 20 20 20 20 20 19 21 22 22 23 23 23 24 24 24 24 20 15 11 8 -7 -8 7 -3 -3 -6 -13 -21 -30
36 35 35 34 34 33 25 27 27 24 16 9 8 0 -2 10 19 19 19 18 18 17 16 16 11 11 11 14 12 11 14 15 12 7 0 -7 -8 -8 -6 -5 -2 0 1 3 5 4 5 6 5 5 5 2 3 15 19 19 19 19 20 19 14 19 20 20 19 20 21 20 20 20 17 13 11 4 0 -7 -11 -4 0 -4 -15 -27 -23 -23
35 34 34 33 32 31 27 26 26 20 16 16 10 0 0 9 18 19 19 18 18 17 16 11 6 -4 1 13 11 9 11 12 9 6 1 -5 -9 -10 -9 -7 -2 -1 0 0 3 3 3 0 1 0 0 0 9 17 17 18 15 12 14 17 9 16 17 18 18 17 19 18 16 16 16 4 0 2 0 0 0 -13 -14 -20 -19 -27 -25 -13
34 34 33 32 32 31 27 25 26 26 23 18 11 6 11 17 21 18 17 18 18 17 15 12 7 5 8 13 11 10 10 9 8 4 0 -6 -9 -9 -9 -4 1 3 3 3 1 -1 -1 -3 -8 -3 0 6 14 16 15 16 9 8 13 17 13 12 12 16 15 12 17 17 16 5 4 3 -7 0 -4 -5 -1 -15 -26 -34 -34 -23 -14 -8
33 33 33 32 27 20 27 28 26 25 24 17 11 11 15 17 19 18 19 17 16 17 16 13 11 10 10 10 10 8 7 6 5 2 -1 -6 -9 -11 -10 -3 -6 2 2 2 -5 -10 -8 -14 -8 -3 -2 7 13 7 9 11 4 9 12 16 14 12 12 13 11 0 12 7 5 8 1 -5 -4 -5 -5 -9 -4 -12 -14 -21 -25 -22 -16 -7
33 33 33 32 25 24 23 26 24 17 20 12 8 14 17 16 19 20 18 16 15 16 14 12 12 11 8 9 7 6 6 5 3 0 -1 -2 -9 -12 -13 -7 -3 2 0 -3 -7 -2 -12 -19 0 6 10 12 8 3 3 7 1 7 12 15 10 14 14 11 7 -4 5 0 0 4 3 -1 -10 -10 -8 -10 -14 -17 -16 -13 -16 -14 -7 -3
34 34 32 31 28 24 22 15 19 15 15 6 2 12 13 13 18 18 18 17 17 14 12 11 11 8 6 5 6 4 2 1 1 -1 -3 -6 -12 -15 -17 -13 -8 -4 -3 -10 -7 0 0 -4 -5 1 3 4 0 -1 1 6 1 0 3 10 5 6 10 0 0 -12 3 1 -1 0 0 0 -5 -10 -9 -9 -9 -24 -20 -17 -12 -5 -13 -9
34 33 31 31 31 22 18 16 14 10 9 2 4 12 15 18 18 18 18 17 12 13 9 6 3 4 0 1 4 1 -1 -1 0 -1 -3 -7 -12 -14 -13 -12 -5 -4 -5 -7 -10 -4 -1 -14 -23 -13 -5 -3 -6 -3 1 7 3 -6 -9 1 0 -5 3 -6 -1 -9 -1 2 -9 -9 -11 -8 -8 -11 -9 -15 -16 -18 -6 -7 0 -4 -21 -13
32 31 31 31 32 21 23 21 18 14 11 9 7 14 16 18 18 16 15 9 10 10 5 0 0 0 -3 1 4 0 -2 -3 -2 -3 -6 -7 -10 -11 -7 -7 -4 -4 -8 -13 -12 -7 -3 -5 -10 -8 -8 -7 -6 -2 1 4 -3 -9 -11 -5 0 -6 2 -8 -8 -16 -5 -1 -3 -10 -12 -17 -10 -10 -14 -18 -21 -9 0 -2 4 -1 -7 -1
32 32 31 31 28 23 17 16 13 13 10 7 8 12 16 17 14 13 10 4 9 4 -5 -6 -7 -5 -2 0 4 2 -1 -2 -1 -4 -9 -5 -3 -5 -5 -3 -3 -2 -5 -8 -11 -8 -7 -8 -7 -7 -6 -7 -4 0 4 2 -9 -11 -12 0 3 0 -1 -2 -5 -19 -13 -2 -8 -9 -17 -16 -11 -13 -18 -24 -19 -9 -1 2 5 0 0 4
33 32 31 29 19 23 12 6 11 10 7 4 6 12 18 14 14 9 5 5 6 -2 -13 -15 -15 -10 -3 2 2 2 2 3 -2 -11 -9 -2 -1 -1 -7 -6 -2 -7 -10 -10 -7 -7 -10 -12 -12 -9 -9 -6 -2 2 6 4 -18 -16 -12 -3 0 -6 -8 -10 -13 -25 -13 -9 -10 -21 -17 -17 -12 -18 -10 -14 -12 -3 4 7 5 3 7 2
33 32 32 25 17 18 4 4 11 8 9 6 9 11 12 13 10 10 7 6 3 -3 -9 -11 -14 -11 -5 0 1 3 3 -1 -10 -11 -1 -1 -2 -2 -5 -5 -7 -15 -15 -4 -2 -5 -11 -12 -13 -12 -9 -6 0 5 5 3 -16 -18 -11 -4 -1 -9 -9 -10 -23 -22 -12 -14 -21 -23 -19 -15 -16 -10 -5 0 -1 0 5 8 11 5 6 5
32 32 31 22 17 10 4 5 10 12 12 10 11 14 13 12 8 6 6 5 -2 -3 -6 -8 -10 -11 -8 -4 0 0 0 0 -5 -4 -3 -3 -12 -8 -8 -6 -12 -13 -8 -3 -2 -6 -13 -14 -15 -14 -9 -5 1 3 1 -17 -12 -17 -6 -9 -5 -14 -10 -17 -25 -19 -17 -18 -12 -18 -17 -17 -22 -13 -7 -4 1 6 6 9 10 9 5 1
32 32 31 23 20 13 3 10 12 13 14 13 15 13 11 11 9 8 5 3 0 -1 -5 -7 -10 -11 -11 -8 -5 -3 -3 -5 -12 -10 -8 -8 -16 -15 -14 -5 -9 -9 -5 -2 -2 -6 -13 -15 -15 -13 -9 -5 0 0 -6 -26 -14 -19 -11 -9 -10 -13 -19 -18 -29 -28 -23 -23 -17 -18 -17 -23 -22 -19 -13 -1 4 8 9 10 11 12 9 5
32 32 30 22 15 8 0 11 13 16 14 12 15 12 11 7 3 3 0 1 0 -7 -6 -7 -10 -12 -17 -17 -19 -10 -7 -9 -11 -13 -10 -12 -17 -15 -11 -9 -5 -4 -6 -4 -5 -10 -14 -15 -13 -12 -11 -7 -8 -6 -11 -19 -19 -17 -12 -9 -20 -18 -17 -20 -33 -35 -33 -27 -25 -25 -17 -20 -11 -7 -1 0 2 6 4 6 7 12 11 8
32 31 30 22 14 11 4 13 18 20 18 16 15 13 11 10 4 1 0 0 -4 -3 -3 -8 -11 -14 -24 -24 -15 -9 -9 -11 -15 -18 -14 -14 -15 -15 -12 -8 -7 -6 -6 -4 -8 -15 -19 -16 -11 -10 -10 -9 -13 -12 -10 -20 -26 -23 -20 -12 -20 -21 -19 -31 -33 -31 -28 -24 -16 -18 -13 -16 -17 -8 -1 2 2 4 5 5 7 12 11 6
30 30 27 20 18 14 19 19 18 21 19 16 14 12 7 9 6 0 0 2 5 3 -3 -7 -9 -18 -24 -21 -15 -10 -10 -12 -15 -15 -17 -17 -14 -12 -11 -9 -7 -7 -4 -6 -16 -20 -21 -17 -13 -13 -11 -17 -15 -11 -9 -21 -20 -22 -15 -17 -27 -32 -35 -40 -34 -27 -26 -25 -24 -15 -13 -11 -6 -7 -9 -7 -5 -4 4 7 9 12 13 10
30 30 27 23 20 17 14 8 9 20 16 15 9 6 5 4 1 -2 1 5 3 0 -5 -7 -16 -24 -26 -20 -15 -12 -10 -10 -11 -11 -11 -15 -15 -11 -10 -12 -9 -8 -10 -17 -20 -21 -20 -18 -17 -15 -17 -20 -14 -9 -17 -22 -25 -20 -16 -21 -33 -34 -41 -37 -30 -27 -26 -14 -17 -20 -10 -11 -9 -7 -4 -4 -4 -3 0 3 11 13 13 13
30 30 26 22 23 23 18 18 13 15 8 7 6 9 5 6 3 4 3 2 -1 -7 -9 -14 -19 -22 -17 -13 -12 -11 -8 -6 -5 -6 -12 -12 -13 -9 -12 -19 -14 -14 -17 -23 -22 -20 -21 -21 -21 -21 -24 -21 -14 -21 -30 -30 -31 -24 -32 -36 -36 -29 -39 -38 -37 -31 -26 -16 -13 -20 -20 -13 -11 -8 -4 -3 -2 -5 -5 2 8 11 12 12
30 29 25 23 21 18 14 12 14 11 6 7 7 10 9 7 6 4 4 3 1 -6 -16 -20 -25 -20 -17 -14 -13 -9 -5 -5 -5 -5 -6 -8 -9 -8 -11 -16 -19 -19 -24 -24 -22 -21 -22 -22 -24 -26 -29 -22 -20 -30 -29 -27 -22 -27 -35 -35 -30 -24 -29 -33 -29 -28 -25 -15 -7 -11 -13 -9 -1 -5 -3 -10 -11 -6 0 6 5 9 12 12
30 29 23 20 19 18 13 7 4 3 4 10 9 13 10 8 2 6 1 0 0 -6 -19 -23 -22 -25 -23 -18 -13 -8 -5 -5 -6 -6 -6 -7 -8 -9 -12 -16 -21 -25 -26 -25 -24 -23 -24 -25 -28 -30 -32 -26 -29 -34 -28 -33 -25 -33 -28 -27 -23 -23 -20 -24 -29 -20 -10 -13 -8 -3 -3 -8 -1 -4 -13 -11 -16 -14 -2 2 -2 6 11 12
30 27 25 22 19 15 9 4 2 4 7 11 13 9 1 0 1 8 2 4 2 -5 -8 -11 -19 -27 -27 -21 -13 -12 -12 -9 -6 -6 -6 -6 -8 -12 -13 -16 -23 -26 -27 -25 -26 -25 -25 -27 -30 -31 -35 -33 -35 -36 -36 -35 -16 -29 -25 -27 -29 -32 -22 -9 -12 -9 -5 -5 -6 -7 -5 0 0 -12 -20 -10 -12 -12 -6 -5 -5 5 10 14
28 23 23 22 19 16 11 4 1 0 3 14 11 6 3 2 -2 6 6 3 4 1 -2 -8 -18 -26 -24 -17 -9 -9 -8 -7 -6 -6 -7 -7 -10 -15 -16 -18 -23 -27 -29 -27 -27 -26 -28 -29 -29 -35 -36 -36 -39 -36 -34 -32 -28 -14 -26 -25 -22 -19 -16 -8 -2 -6 -8 -8 -1 0 -3 2 0 -15 -15 -6 -13 -18 -14 -15 -10 1 13 14
23 22 20 18 19 17 13 6 2 1 7 13 12 9 4 7 0 6 8 6 6 4 0 -9 -17 -19 -18 -14 -14 -10 -6 -5 -6 -6 -9 -15 -20 -18 -20 -20 -22 -27 -28 -28 -27 -28 -27 -31 -28 -35 -36 -36 -35 -40 -34 -20 -26 -26 -9 -8 -8 -9 -8 -6 -8 -3 1 -3 -2 0 4 6 1 -2 -1 -10 -14 -16 -12 -10 -11 -4 15 13
24 23 18 13 12 8 8 5 3 2 8 11 13 11 7 9 7 9 7 4 2 2 0 -9 -13 -19 -16 -16 -22 -14 -5 -5 -8 -9 -11 -18 -22 -23 -19 -22 -26 -31 -30 -29 -28 -27 -31 -31 -29 -36 -32 -37 -43 -36 -30 -21 -31 -16 -15 -15 -9 -4 -4 -2 -3 0 1 1 0 0 3 1 0 -3 -4 -11 -15 -15 -5 -7 -9 -6 14 12
22 22 14 13 12 10 11 10 6 8 7 11 12 9 9 7 2 2 0 0 -3 -2 -7 -8 -14 -18 -18 -19 -33 -27 -9 -6 -9 -12 -15 -17 -21 -24 -24 -28 -35 -36 -29 -30 -32 -31 -33 -32 -30 -29 -29 -28 -37 -31 -22 -21 -27 -15 -17 -14 -10 -13 -9 -6 -4 -3 -3 1 2 6 5 5 2 -3 -1 -5 -9 -4 0 -2 0 0 11 11
21 16 13 14 12 10 12 12 13 11 7 8 11 10 9 4 -1 -2 -1 -4 -7 -8 -20 -16 -13 -17 -18 -17 -18 -24 -24 -10 -10 -17 -23 -26 -25 -30 -34 -38 -35 -33 -29 -32 -34 -33 -35 -39 -34 -23 -23 -29 -32 -25 -16 -12 -13 -13 -11 -11 -9 -3 -9 -9 -2 0 -1 1 4 6 5 5 4 4 1 0 1 1 5 1 4 6 10 11
17 17 15 15 12 11 11 13 13 11 10 9 7 10 2 0 5 4 0 -2 -9 -12 -25 -20 -21 -22 -24 -23 -18 -16 -26 -14 -14 -21 -30 -34 -41 -38 -35 -39 -40 -36 -28 -30 -34 -33 -39 -41 -35 -23 -21 -30 -24 -14 -19 -17 -20 -17 -15 -11 -9 -4 -3 -2 -2 0 2 1 2 5 5 6 6 6 6 6 7 7 6 3 8 7 8 9
16 17 15 12 11 11 13 13 14 10 11 10 7 9 7 8 4 3 3 -1 -9 -13 -18 -23 -28 -31 -38 -51 -42 -26 -20 -18 -23 -32 -42 -43 -48 -46 -49 -44 -46 -34 -32 -34 -31 -36 -34 -38 -34 -25 -28 -20 -15 -22 -31 -29 -17 -9 -7 -4 -5 -4 -3 -1 1 1 4 4 6 5 7 6 7 7 8 8 7 7 7 7 4 2 4 3
18 17 13 11 11 13 10 11 13 11 10 10 3 4 1 6 -4 -4 1 -6 -15 -21 -23 -25 -29 -36 -50 -66 -53 -36 -27 -24 -35 -49 -50 -51 -52 -53 -49 -44 -40 -44 -37 -36 -34 -32 -37 -29 -27 -25 -24 -17 -20 -41 -32 -20 -16 -9 -7 -3 0 0 1 0 4 5 5 6 7 7 6 7 7 6 9 8 8 7 7 7 -2 -1 3 7
