Electronic Materials (Flash Drives)/data/NZclimate/LGM/Miroc_LGM/bio14nz.asc
ncols         384
nrows         384
xllcorner     164
yllcorner     -49
cellsize      0.041666666666667
NODATA_value  -9999
[rows 74 to 110 of 384, columns 249 to 331 of 384]
83 85 87 83 83 84 85 85 84 84 84 84 84 84 84 85 85 86 88 90 92 96 101 117 118 115 115 110 109 107 106 105 105 104 103 104 103 102 101 101 100 99 98 98 -9999 -9999 -9999 -9999 -9999 -9999 -9999 -9999 -9999 -9999 -9999 -9999 -9999 -9999 -9999 -9999 -9999 -9999 -9999 -9999 -9999 -9999 -9999 -9999 -9999 -9999 -9999 -9999 -9999 -9999 -9999 -9999 -9999 -9999 -9999 -9999 -9999 -9999 -9999
82 82 83 84 84 85 86 85 85 84 83 83 83 82 82 83 84 85 87 90 92 96 107 113 114 118 114 111 111 109 107 106 104 103 103 103 102 102 101 100 99 98 -9999 -9999 -9999 -9999 -9999 -9999 -9999 -9999 -9999 -9999 -9999 -9999 -9999 -9999 -9999 -9999 -9999 -9999 -9999 -9999 -9999 -9999 -9999 -9999 -9999 -9999 -9999 -9999 -9999 -9999 -9999 -9999 -9999 -9999 -9999 -9999 -9999 -9999 -9999 -9999 -9999
81 81 82 85 88 88 87 87 85 84 83 83 82 82 82 82 108 118 90 92 94 97 106 110 125 125 115 110 111 108 106 106 105 105 104 103 104 103 101 99 97 -9999 -9999 -9999 -9999 -9999 -9999 -9999 -9999 -9999 -9999 -9999 -9999 -9999 -9999 -9999 -9999 -9999 -9999 -9999 -9999 -9999 -9999 -9999 -9999 -9999 -9999 -9999 -9999 -9999 -9999 -9999 -9999 -9999 -9999 -9999 -9999 -9999 -9999 -9999 -9999 -9999 -9999
79 81 82 85 87 89 90 91 87 85 84 83 82 80 80 80 96 102 88 91 94 97 105 110 117 115 112 108 110 109 106 107 106 105 103 103 103 102 102 100 97 -9999 -9999 -9999 -9999 -9999 -9999 -9999 -9999 -9999 -9999 -9999 -9999 -9999 -9999 -9999 -9999 -9999 -9999 -9999 -9999 -9999 -9999 -9999 -9999 -9999 -9999 -9999 -9999 -9999 -9999 -9999 -9999 -9999 -9999 -9999 -9999 -9999 -9999 -9999 -9999 -9999 -9999
78 80 82 84 87 90 92 93 93 95 88 84 82 80 79 80 81 83 86 89 92 95 98 101 111 114 117 116 111 110 106 105 105 104 104 104 104 103 102 101 99 -9999 -9999 -9999 -9999 -9999 -9999 -9999 -9999 -9999 -9999 -9999 -9999 -9999 -9999 -9999 -9999 -9999 -9999 -9999 -9999 -9999 -9999 -9999 -9999 -9999 -9999 -9999 -9999 -9999 -9999 -9999 -9999 -9999 -9999 -9999 -9999 -9999 -9999 -9999 -9999 -9999 -9999
77 80 83 85 88 93 96 95 93 90 88 83 81 79 78 79 80 82 85 88 91 93 95 98 101 113 114 125 109 108 106 106 106 107 106 105 104 103 102 101 98 -9999 -9999 -9999 -9999 -9999 -9999 -9999 -9999 -9999 -9999 -9999 -9999 -9999 -9999 -9999 -9999 -9999 -9999 -9999 -9999 -9999 -9999 -9999 -9999 -9999 -9999 -9999 -9999 -9999 -9999 -9999 -9999 -9999 -9999 -9999 -9999 -9999 -9999 -9999 -9999 -9999 -9999
77 80 84 87 91 94 95 93 91 88 87 85 81 79 77 78 80 81 84 87 89 92 95 98 100 103 108 120 109 109 106 108 108 108 107 106 106 104 103 101 97 -9999 -9999 -9999 -9999 -9999 -9999 -9999 -9999 -9999 -9999 -9999 -9999 -9999 -9999 -9999 -9999 -9999 -9999 -9999 -9999 -9999 -9999 -9999 -9999 -9999 -9999 -9999 -9999 -9999 -9999 -9999 -9999 -9999 -9999 -9999 -9999 -9999 -9999 -9999 -9999 -9999 -9999
76 79 83 86 90 93 95 95 92 88 85 84 80 78 76 77 79 81 83 86 89 92 94 98 99 101 102 104 106 106 106 107 108 110 111 109 106 104 102 101 98 -9999 -9999 -9999 -9999 -9999 -9999 -9999 -9999 -9999 -9999 -9999 -9999 -9999 -9999 -9999 -9999 -9999 -9999 -9999 -9999 -9999 -9999 -9999 -9999 -9999 -9999 -9999 -9999 -9999 -9999 -9999 -9999 -9999 -9999 -9999 -9999 -9999 -9999 -9999 -9999 -9999 -9999
74 79 84 88 89 92 94 95 91 88 83 83 77 77 76 77 79 81 83 85 88 91 94 97 100 102 103 105 106 107 107 107 108 122 115 111 106 104 102 102 99 94 -9999 -9999 -9999 -9999 -9999 -9999 -9999 -9999 -9999 -9999 -9999 -9999 -9999 -9999 -9999 -9999 -9999 -9999 -9999 -9999 -9999 -9999 -9999 -9999 -9999 -9999 -9999 -9999 -9999 -9999 -9999 -9999 -9999 -9999 -9999 -9999 -9999 -9999 -9999 -9999 -9999
73 77 84 85 88 92 92 91 87 85 80 77 76 75 75 76 78 81 82 85 88 91 98 108 121 104 105 106 106 107 108 108 109 110 110 109 107 105 104 103 100 95 -9999 -9999 -9999 -9999 -9999 -9999 -9999 -9999 -9999 -9999 -9999 -9999 -9999 -9999 -9999 -9999 -9999 -9999 -9999 -9999 -9999 -9999 -9999 -9999 -9999 -9999 -9999 -9999 -9999 -9999 -9999 -9999 -9999 -9999 -9999 -9999 -9999 -9999 -9999 -9999 -9999
73 75 82 85 88 90 89 87 85 80 78 75 73 73 74 76 78 80 83 85 88 91 99 134 146 124 113 122 109 109 109 109 109 109 108 107 107 106 104 104 102 99 93 -9999 -9999 -9999 -9999 -9999 -9999 -9999 -9999 -9999 -9999 -9999 -9999 -9999 -9999 -9999 -9999 -9999 -9999 -9999 -9999 -9999 -9999 -9999 -9999 -9999 -9999 -9999 -9999 -9999 -9999 -9999 -9999 -9999 -9999 -9999 -9999 -9999 -9999 -9999 -9999
72 75 79 83 86 87 86 84 79 78 75 73 72 72 73 75 78 80 83 85 88 91 94 110 130 131 122 124 111 111 111 113 113 114 113 110 108 107 106 105 102 100 96 -9999 -9999 -9999 -9999 -9999 -9999 -9999 -9999 -9999 -9999 -9999 -9999 -9999 -9999 -9999 -9999 -9999 -9999 -9999 -9999 -9999 -9999 -9999 -9999 -9999 -9999 -9999 -9999 -9999 -9999 -9999 -9999 -9999 -9999 -9999 -9999 -9999 -9999 -9999 -9999
71 75 79 82 84 85 83 80 79 77 74 72 71 72 74 75 78 81 83 86 88 91 94 98 105 114 118 117 123 110 108 113 110 119 132 115 113 122 112 108 104 101 97 -9999 -9999 -9999 -9999 -9999 -9999 -9999 -9999 -9999 -9999 -9999 -9999 -9999 -9999 -9999 -9999 -9999 -9999 -9999 -9999 -9999 -9999 -9999 -9999 -9999 -9999 -9999 -9999 -9999 -9999 -9999 -9999 -9999 -9999 -9999 -9999 -9999 -9999 -9999 -9999
71 74 77 80 82 85 83 81 79 76 74 73 73 73 75 76 79 81 84 87 89 92 95 98 102 114 121 135 123 105 111 110 107 120 128 116 120 117 117 111 105 102 99 95 -9999 -9999 -9999 -9999 -9999 -9999 -9999 -9999 -9999 -9999 -9999 -9999 -9999 -9999 -9999 -9999 -9999 -9999 -9999 -9999 -9999 -9999 -9999 -9999 -9999 -9999 -9999 -9999 -9999 -9999 -9999 -9999 -9999 -9999 -9999 -9999 -9999 -9999 -9999
72 73 79 82 85 86 85 84 81 78 77 76 75 76 77 79 81 84 86 90 92 93 95 98 103 121 140 138 128 131 111 110 109 118 110 115 116 116 114 112 108 104 100 96 91 -9999 -9999 -9999 -9999 -9999 -9999 -9999 -9999 -9999 -9999 -9999 -9999 -9999 -9999 -9999 -9999 -9999 -9999 -9999 -9999 -9999 -9999 -9999 -9999 -9999 -9999 -9999 -9999 -9999 -9999 -9999 -9999 -9999 -9999 -9999 -9999 -9999 -9999
72 73 80 81 86 88 87 85 82 81 79 77 77 80 80 82 84 86 92 91 93 94 96 99 104 118 125 144 141 124 115 121 126 130 123 116 117 116 113 112 112 107 100 93 -9999 -9999 -9999 -9999 -9999 -9999 -9999 -9999 -9999 -9999 -9999 -9999 -9999 -9999 -9999 -9999 -9999 -9999 -9999 -9999 -9999 -9999 -9999 -9999 -9999 -9999 -9999 -9999 -9999 -9999 -9999 -9999 -9999 -9999 -9999 -9999 -9999 -9999 -9999
69 74 78 83 86 84 80 79 78 76 77 81 80 84 84 86 89 90 96 101 95 97 97 100 109 115 115 132 142 122 122 135 129 125 116 115 113 111 110 111 110 105 97 91 -9999 -9999 -9999 -9999 -9999 -9999 -9999 -9999 -9999 -9999 -9999 -9999 -9999 -9999 -9999 -9999 -9999 -9999 -9999 -9999 -9999 -9999 -9999 -9999 -9999 -9999 -9999 -9999 -9999 -9999 -9999 -9999 -9999 -9999 -9999 -9999 -9999 -9999 -9999
68 73 78 83 82 80 78 76 73 72 75 79 80 81 84 86 90 94 96 93 95 97 98 100 103 117 125 134 144 145 141 124 119 130 116 115 110 104 104 105 105 103 100 97 91 -9999 -9999 -9999 -9999 -9999 -9999 -9999 -9999 -9999 -9999 -9999 -9999 -9999 -9999 -9999 -9999 -9999 -9999 -9999 -9999 -9999 -9999 -9999 -9999 -9999 -9999 -9999 -9999 -9999 -9999 -9999 -9999 -9999 -9999 -9999 -9999 -9999 -9999
68 72 76 80 82 79 77 75 73 70 77 79 79 81 82 85 87 91 92 96 95 98 99 101 110 123 122 148 150 136 125 119 130 125 124 113 113 108 103 101 100 101 103 102 100 94 -9999 -9999 -9999 -9999 -9999 -9999 -9999 -9999 -9999 -9999 -9999 -9999 -9999 -9999 -9999 -9999 -9999 -9999 -9999 -9999 -9999 -9999 -9999 -9999 -9999 -9999 -9999 -9999 -9999 -9999 -9999 -9999 -9999 -9999 -9999 -9999 -9999
67 71 74 77 80 79 79 79 82 83 78 79 80 83 84 91 94 89 91 97 95 97 98 100 102 124 143 152 166 144 130 120 126 124 130 139 113 111 107 104 103 104 106 105 101 94 -9999 -9999 -9999 -9999 -9999 -9999 -9999 -9999 -9999 -9999 -9999 -9999 -9999 -9999 -9999 -9999 -9999 -9999 -9999 -9999 -9999 -9999 -9999 -9999 -9999 -9999 -9999 -9999 -9999 -9999 -9999 -9999 -9999 -9999 -9999 -9999 -9999
65 68 72 78 79 80 81 79 81 79 78 80 81 85 86 98 92 90 93 99 98 96 97 98 100 110 125 137 158 168 145 127 131 143 133 142 110 111 108 107 110 117 113 109 101 91 -9999 -9999 -9999 -9999 -9999 -9999 -9999 -9999 -9999 -9999 -9999 -9999 -9999 -9999 -9999 -9999 -9999 -9999 -9999 -9999 -9999 -9999 -9999 -9999 -9999 -9999 -9999 -9999 -9999 -9999 -9999 -9999 -9999 -9999 -9999 -9999 -9999
63 65 69 75 74 76 77 77 77 76 76 80 83 88 89 94 89 93 106 106 103 101 92 97 98 100 110 130 157 164 153 155 162 162 155 126 112 112 107 106 111 115 114 107 98 89 -9999 -9999 -9999 -9999 -9999 -9999 -9999 -9999 -9999 -9999 -9999 -9999 -9999 -9999 -9999 -9999 -9999 -9999 -9999 -9999 -9999 -9999 -9999 -9999 -9999 -9999 -9999 -9999 -9999 -9999 -9999 -9999 -9999 -9999 -9999 -9999 -9999
62 64 67 67 71 73 75 77 76 75 75 81 83 85 87 88 93 109 120 125 135 114 95 88 96 96 97 132 170 172 181 189 180 169 141 124 158 117 114 109 107 106 105 99 93 -9999 -9999 -9999 -9999 -9999 -9999 -9999 -9999 -9999 -9999 -9999 -9999 -9999 -9999 -9999 -9999 -9999 -9999 -9999 -9999 -9999 -9999 -9999 -9999 -9999 -9999 -9999 -9999 -9999 -9999 -9999 -9999 -9999 -9999 -9999 -9999 -9999 -9999
61 63 65 67 70 72 74 76 78 78 79 81 82 85 90 101 98 106 118 128 134 108 94 84 91 91 93 130 170 178 169 183 168 127 127 138 147 120 116 107 100 100 100 97 89 -9999 -9999 -9999 -9999 -9999 -9999 -9999 -9999 -9999 -9999 -9999 -9999 -9999 -9999 -9999 -9999 -9999 -9999 -9999 -9999 -9999 -9999 -9999 -9999 -9999 -9999 -9999 -9999 -9999 -9999 -9999 -9999 -9999 -9999 -9999 -9999 -9999 -9999
61 63 63 66 69 71 73 74 76 79 81 83 85 84 91 104 100 101 109 119 118 97 92 81 88 88 90 124 163 156 147 184 145 141 156 136 121 115 113 106 98 97 97 92 -9999 -9999 -9999 -9999 -9999 -9999 -9999 -9999 -9999 -9999 -9999 -9999 -9999 -9999 -9999 -9999 -9999 -9999 -9999 -9999 -9999 -9999 -9999 -9999 -9999 -9999 -9999 -9999 -9999 -9999 -9999 -9999 -9999 -9999 -9999 -9999 -9999 -9999 -9999
61 62 63 64 67 71 72 73 76 78 81 83 84 85 88 101 104 99 106 111 102 96 89 78 85 85 88 96 118 129 150 174 146 145 150 121 141 115 114 112 107 101 94 86 -9999 -9999 -9999 -9999 -9999 -9999 -9999 -9999 -9999 -9999 -9999 -9999 -9999 -9999 -9999 -9999 -9999 -9999 -9999 -9999 -9999 -9999 -9999 -9999 -9999 -9999 -9999 -9999 -9999 -9999 -9999 -9999 -9999 -9999 -9999 -9999 -9999 -9999 -9999
61 62 63 64 66 72 72 73 75 79 81 84 86 89 95 103 102 94 94 94 93 96 90 84 85 85 88 88 91 120 161 188 164 159 144 125 128 114 114 113 110 102 92 85 -9999 -9999 -9999 -9999 -9999 -9999 -9999 -9999 -9999 -9999 -9999 -9999 -9999 -9999 -9999 -9999 -9999 -9999 -9999 -9999 -9999 -9999 -9999 -9999 -9999 -9999 -9999 -9999 -9999 -9999 -9999 -9999 -9999 -9999 -9999 -9999 -9999 -9999 -9999
60 61 62 64 66 70 75 73 74 78 80 85 88 87 91 89 82 82 85 86 89 98 102 85 85 84 83 83 82 88 105 159 165 171 160 122 131 113 112 110 104 97 89 84 83 85 83 -9999 -9999 -9999 -9999 -9999 -9999 -9999 -9999 -9999 -9999 -9999 -9999 -9999 -9999 -9999 -9999 -9999 -9999 -9999 -9999 -9999 -9999 -9999 -9999 -9999 -9999 -9999 -9999 -9999 -9999 -9999 -9999 -9999 -9999 -9999 -9999
60 62 63 64 66 67 76 75 74 76 76 79 80 82 85 82 81 80 81 83 88 93 94 86 84 82 81 80 81 85 93 129 153 179 168 136 126 112 111 106 100 93 89 88 142 121 99 88 -9999 -9999 -9999 -9999 -9999 -9999 -9999 -9999 -9999 -9999 -9999 -9999 -9999 -9999 -9999 -9999 -9999 -9999 -9999 -9999 -9999 -9999 -9999 -9999 -9999 -9999 -9999 -9999 -9999 -9999 -9999 -9999 -9999 -9999 -9999
60 62 63 65 66 67 71 78 74 74 76 81 86 85 89 85 79 78 79 89 86 90 92 99 85 80 79 79 80 84 88 114 149 177 180 164 151 131 111 107 101 94 90 92 124 122 100 88 -9999 -9999 -9999 -9999 -9999 -9999 -9999 -9999 -9999 -9999 -9999 -9999 -9999 -9999 -9999 -9999 -9999 -9999 -9999 -9999 -9999 -9999 -9999 -9999 -9999 -9999 -9999 -9999 -9999 -9999 -9999 -9999 -9999 -9999 -9999
60 61 63 64 65 67 69 75 76 78 93 87 88 86 90 81 78 78 78 80 80 81 86 111 99 80 79 79 80 84 85 113 163 168 180 164 153 157 109 108 104 98 96 93 94 97 94 84 75 -9999 -9999 -9999 -9999 -9999 -9999 -9999 -9999 -9999 -9999 -9999 -9999 -9999 -9999 -9999 -9999 -9999 -9999 -9999 -9999 -9999 -9999 -9999 -9999 -9999 -9999 -9999 -9999 -9999 -9999 -9999 -9999 -9999 -9999
61 61 62 64 65 67 68 72 78 93 90 87 83 80 82 78 77 78 76 77 80 83 93 116 113 86 79 79 81 82 85 97 151 141 142 136 144 128 106 106 102 99 96 95 93 93 90 87 82 75 -9999 -9999 -9999 -9999 -9999 -9999 -9999 -9999 -9999 -9999 -9999 -9999 -9999 -9999 -9999 -9999 -9999 -9999 -9999 -9999 -9999 -9999 -9999 -9999 -9999 -9999 -9999 -9999 -9999 -9999 -9999 -9999 -9999
63 63 64 65 66 68 69 76 80 88 88 87 85 86 80 78 76 74 75 76 80 89 89 103 121 116 86 78 80 81 90 117 146 133 140 139 137 114 107 104 101 98 96 93 90 86 83 83 83 80 75 -9999 -9999 -9999 -9999 -9999 -9999 -9999 -9999 -9999 -9999 -9999 -9999 -9999 -9999 -9999 -9999 -9999 -9999 -9999 -9999 -9999 -9999 -9999 -9999 -9999 -9999 -9999 -9999 -9999 -9999 -9999 -9999
64 64 65 66 67 68 69 70 79 79 80 86 83 83 80 77 75 75 75 75 77 81 84 117 101 96 89 77 78 80 83 100 157 156 176 159 142 109 105 107 101 97 95 91 86 80 76 79 82 82 79 75 -9999 -9999 -9999 -9999 -9999 -9999 -9999 -9999 -9999 -9999 -9999 -9999 -9999 -9999 -9999 75 -9999 -9999 -9999 -9999 -9999 -9999 -9999 -9999 -9999 -9999 -9999 -9999 -9999 -9999 -9999
64 65 65 66 67 68 69 70 76 78 85 88 86 82 80 80 77 77 76 77 82 78 77 80 79 81 84 76 77 79 82 90 165 180 178 158 122 108 104 103 102 98 96 93 87 83 81 83 84 84 83 81 78 73 -9999 -9999 -9999 -9999 -9999 -9999 -9999 -9999 -9999 -9999 -9999 -9999 88 95 81 -9999 -9999 -9999 -9999 -9999 -9999 -9999 -9999 -9999 -9999 -9999 -9999 -9999 -9999
65 65 65 66 67 69 70 70 71 81 86 87 87 81 84 89 81 77 77 82 78 76 76 77 78 88 87 75 76 78 83 90 113 137 180 155 113 103 101 100 99 99 94 91 88 85 85 85 87 88 87 86 84 79 72 -9999 -9999 -9999 -9999 -9999 -9999 -9999 -9999 -9999 -9999 -9999 -9999 -9999 -9999 -9999 -9999 -9999 -9999 -9999 -9999 -9999 -9999 -9999 -9999 -9999 -9999 -9999 71
65 66 66 67 68 69 70 71 72 82 82 85 85 85 91 94 85 83 86 81 76 76 76 76 76 79 78 75 75 78 83 89 95 102 135 154 115 103 100 99 98 95 92 88 87 85 84 85 90 95 89 88 85 81 77 73 -9999 -9999 -9999 -9999 -9999 -9999 -9999 73 75 75 74 70 -9999 -9999 -9999 -9999 -9999 -9999 -9999 -9999 -9999 70 71 71 71 73 75
