Electronic Materials (Flash Drives)/data/NZclimate/LGM/Miroc_LGM/bio13nz.asc
ncols         384
nrows         384
xllcorner     164
yllcorner     -49
cellsize      0.041666666666667
NODATA_value  -9999
[rows 144 to 179 of 384, columns 164 to 245 of 384]
-9999 -9999 -9999 -9999 -9999 -9999 -9999 -9999 -9999 -9999 -9999 -9999 -9999 -9999 -9999 -9999 -9999 -9999 -9999 -9999 -9999 -9999 -9999 -9999 -9999 -9999 -9999 -9999 -9999 -9999 -9999 -9999 -9999 -9999 -9999 -9999 -9999 -9999 -9999 -9999 -9999 156 162 164 164 161 159 161 159 155 151 150 148 144 145 145 144 142 139 138 136 135 135 135 132 130 128 127 126 124 123 122 121 121 121 123 125 129 147 150 151 156
-9999 -9999 -9999 -9999 -9999 -9999 -9999 -9999 -9999 -9999 -9999 -9999 -9999 -9999 -9999 -9999 -9999 -9999 -9999 -9999 -9999 -9999 -9999 -9999 -9999 -9999 -9999 -9999 -9999 -9999 -9999 -9999 -9999 -9999 -9999 -9999 -9999 -9999 -9999 -9999 -9999 160 164 165 163 157 156 157 157 156 152 150 148 146 146 145 142 141 138 135 133 133 135 138 133 128 125 124 123 122 120 120 120 122 124 126 157 157 158 167 170 177
-9999 -9999 -9999 -9999 -9999 -9999 -9999 -9999 -9999 -9999 -9999 -9999 -9999 -9999 -9999 -9999 -9999 -9999 -9999 -9999 -9999 -9999 -9999 -9999 -9999 -9999 -9999 -9999 -9999 -9999 -9999 -9999 -9999 -9999 -9999 -9999 -9999 -9999 -9999 -9999 -9999 159 163 165 161 156 153 153 155 155 153 150 148 146 145 145 144 142 139 136 135 133 133 132 129 126 124 122 120 120 120 120 122 125 148 158 175 182 182 190 202 206
-9999 -9999 -9999 -9999 -9999 -9999 -9999 -9999 -9999 -9999 -9999 -9999 -9999 -9999 -9999 -9999 -9999 -9999 -9999 -9999 -9999 -9999 -9999 -9999 -9999 -9999 -9999 -9999 -9999 -9999 -9999 -9999 -9999 -9999 -9999 -9999 -9999 -9999 -9999 -9999 -9999 157 161 167 166 160 155 152 152 153 153 152 148 145 143 144 143 140 138 136 135 133 130 129 126 124 122 121 120 119 120 122 147 150 178 235 216 224 220 227 229 224
-9999 -9999 -9999 -9999 -9999 -9999 -9999 -9999 -9999 -9999 -9999 -9999 -9999 -9999 -9999 -9999 -9999 -9999 -9999 -9999 -9999 -9999 -9999 -9999 -9999 -9999 -9999 -9999 -9999 -9999 -9999 -9999 -9999 -9999 -9999 -9999 -9999 -9999 162 164 160 158 161 167 169 166 161 157 153 152 152 151 147 144 139 139 139 138 137 136 133 131 129 127 125 123 121 119 118 118 120 142 150 164 206 298 317 301 273 259 248 237
-9999 -9999 -9999 -9999 -9999 -9999 -9999 -9999 -9999 -9999 -9999 -9999 -9999 -9999 -9999 -9999 -9999 -9999 -9999 -9999 -9999 -9999 -9999 -9999 -9999 -9999 -9999 -9999 -9999 -9999 -9999 -9999 -9999 -9999 -9999 -9999 -9999 -9999 163 166 162 159 158 160 161 162 164 161 155 152 150 148 147 145 141 139 139 137 136 135 131 130 128 126 123 121 119 118 117 119 136 144 161 183 232 355 563 489 346 299 264 246
-9999 -9999 -9999 -9999 -9999 -9999 -9999 -9999 -9999 -9999 -9999 -9999 -9999 -9999 -9999 -9999 -9999 -9999 -9999 -9999 -9999 -9999 -9999 -9999 -9999 -9999 -9999 -9999 -9999 -9999 -9999 -9999 -9999 -9999 -9999 -9999 -9999 -9999 -9999 162 162 161 160 157 154 155 160 159 153 148 146 146 146 146 143 141 139 137 134 133 131 130 128 125 121 120 118 117 116 118 135 146 168 194 250 336 537 587 540 366 290 252
-9999 -9999 -9999 -9999 -9999 -9999 -9999 -9999 -9999 -9999 -9999 -9999 -9999 -9999 -9999 -9999 -9999 -9999 -9999 -9999 -9999 -9999 -9999 -9999 -9999 -9999 -9999 -9999 -9999 -9999 -9999 -9999 -9999 -9999 -9999 -9999 -9999 -9999 -9999 -9999 158 163 164 161 155 154 156 155 148 144 142 142 144 144 142 140 137 135 133 131 130 128 126 123 121 119 116 115 113 117 130 141 159 185 246 324 545 582 591 398 301 252
-9999 -9999 -9999 -9999 -9999 -9999 -9999 -9999 -9999 -9999 -9999 -9999 -9999 -9999 -9999 -9999 -9999 -9999 -9999 -9999 -9999 -9999 -9999 -9999 -9999 -9999 -9999 -9999 -9999 -9999 -9999 -9999 -9999 -9999 -9999 -9999 -9999 -9999 -9999 -9999 -9999 156 159 161 161 161 160 155 148 143 142 144 145 144 142 139 137 135 133 131 129 127 124 122 119 117 115 113 112 113 127 133 145 163 196 244 319 396 366 306 265 227
-9999 -9999 -9999 -9999 -9999 -9999 -9999 -9999 -9999 -9999 -9999 -9999 -9999 -9999 -9999 -9999 -9999 -9999 -9999 -9999 -9999 -9999 -9999 -9999 -9999 -9999 -9999 -9999 -9999 -9999 -9999 180 177 -9999 -9999 -9999 -9999 -9999 -9999 -9999 -9999 -9999 -9999 156 162 164 161 155 149 144 142 145 147 145 142 139 136 134 132 130 127 126 123 120 117 116 113 111 109 110 122 126 133 142 157 174 203 229 226 213 197 182
-9999 -9999 -9999 -9999 -9999 -9999 -9999 -9999 -9999 -9999 -9999 -9999 -9999 -9999 -9999 -9999 -9999 -9999 -9999 -9999 -9999 -9999 -9999 -9999 -9999 -9999 -9999 -9999 185 184 182 182 181 176 171 169 169 169 166 -9999 -9999 -9999 -9999 155 162 164 159 155 150 147 143 142 142 141 139 138 136 134 131 129 127 124 122 120 117 114 112 110 107 107 108 120 121 127 132 143 156 160 159 162 161 159
-9999 -9999 -9999 -9999 -9999 -9999 -9999 -9999 -9999 -9999 -9999 -9999 -9999 -9999 -9999 -9999 -9999 -9999 -9999 -9999 -9999 -9999 -9999 -9999 -9999 -9999 -9999 -9999 -9999 184 184 183 182 178 174 169 168 169 167 162 158 157 156 157 160 162 158 155 151 149 144 140 138 138 138 137 136 133 131 129 126 123 120 119 116 113 111 108 105 104 104 104 115 116 119 124 129 130 131 134 137 138
-9999 -9999 -9999 -9999 -9999 -9999 -9999 -9999 -9999 -9999 -9999 -9999 -9999 -9999 -9999 -9999 -9999 -9999 -9999 -9999 -9999 -9999 -9999 -9999 -9999 192 190 -9999 -9999 -9999 181 181 180 179 176 172 169 166 163 162 162 162 160 155 157 160 160 156 152 148 144 142 139 138 137 136 134 132 130 128 125 123 120 117 115 112 108 107 104 101 101 100 100 111 111 113 114 114 114 117 120 120
-9999 -9999 -9999 -9999 -9999 -9999 -9999 -9999 -9999 -9999 -9999 -9999 -9999 -9999 -9999 -9999 -9999 -9999 -9999 -9999 -9999 -9999 -9999 -9999 -9999 197 193 188 -9999 -9999 -9999 -9999 177 178 177 176 172 168 164 162 162 162 160 155 156 160 161 156 149 145 144 142 139 137 136 136 134 132 129 127 124 121 118 116 113 110 107 104 101 100 99 99 98 98 97 107 106 106 105 105 108 111
-9999 -9999 -9999 -9999 -9999 -9999 -9999 -9999 -9999 -9999 -9999 -9999 -9999 -9999 -9999 -9999 -9999 -9999 -9999 -9999 -9999 -9999 -9999 -9999 -9999 194 191 -9999 -9999 -9999 -9999 -9999 -9999 -9999 174 173 171 168 164 162 161 160 157 155 155 156 155 151 147 145 144 142 139 137 135 136 135 131 128 126 123 120 117 115 111 109 106 104 101 99 98 97 96 95 94 94 94 94 93 93 103 105
-9999 -9999 -9999 -9999 -9999 -9999 -9999 -9999 -9999 -9999 -9999 -9999 -9999 -9999 -9999 -9999 -9999 -9999 -9999 -9999 -9999 -9999 -9999 -9999 -9999 -9999 -9999 -9999 -9999 -9999 -9999 -9999 -9999 -9999 -9999 -9999 -9999 166 165 163 161 160 159 156 154 153 151 150 147 145 143 140 137 136 135 135 133 130 126 124 122 119 116 113 110 108 105 103 99 97 96 95 94 93 92 91 91 90 90 90 90 90
-9999 -9999 -9999 -9999 -9999 -9999 -9999 -9999 -9999 -9999 -9999 -9999 -9999 -9999 -9999 -9999 -9999 -9999 -9999 -9999 -9999 -9999 -9999 -9999 -9999 -9999 -9999 -9999 -9999 -9999 -9999 -9999 -9999 -9999 -9999 -9999 -9999 166 165 163 161 159 157 156 154 153 150 149 147 145 143 139 136 134 133 132 130 128 126 123 121 120 116 113 110 107 105 102 98 96 94 93 92 91 90 90 89 88 88 88 88 88
-9999 -9999 -9999 -9999 -9999 -9999 -9999 -9999 -9999 -9999 -9999 -9999 -9999 -9999 -9999 -9999 -9999 -9999 -9999 -9999 -9999 -9999 -9999 -9999 -9999 -9999 -9999 -9999 -9999 -9999 -9999 -9999 -9999 -9999 -9999 -9999 -9999 -9999 163 162 161 159 157 157 155 153 150 149 147 145 141 139 136 134 133 130 129 127 125 122 120 118 115 112 109 106 104 101 98 95 92 92 90 89 88 88 87 87 86 86 87 86
-9999 -9999 -9999 -9999 -9999 -9999 -9999 -9999 -9999 -9999 -9999 -9999 -9999 -9999 -9999 -9999 -9999 -9999 -9999 -9999 -9999 -9999 -9999 -9999 -9999 -9999 -9999 -9999 -9999 185 182 -9999 -9999 -9999 -9999 -9999 -9999 -9999 -9999 160 160 159 158 157 155 154 151 149 147 143 141 139 137 135 133 131 129 126 124 122 119 116 114 112 108 106 104 101 98 94 92 89 88 88 87 87 85 85 84 84 85 84
-9999 -9999 -9999 -9999 -9999 -9999 -9999 -9999 -9999 -9999 -9999 -9999 -9999 -9999 -9999 -9999 -9999 -9999 -9999 -9999 -9999 -9999 -9999 -9999 -9999 -9999 -9999 -9999 -9999 -9999 -9999 -9999 -9999 -9999 -9999 -9999 -9999 -9999 -9999 161 161 160 159 158 156 155 153 149 147 143 141 139 137 134 132 131 128 125 123 121 118 115 113 111 109 105 103 100 96 94 91 89 88 86 86 86 85 84 84 84 83 83
-9999 -9999 -9999 -9999 -9999 -9999 -9999 -9999 -9999 -9999 -9999 -9999 -9999 -9999 -9999 -9999 -9999 -9999 -9999 -9999 -9999 -9999 -9999 -9999 -9999 -9999 -9999 -9999 -9999 -9999 -9999 -9999 -9999 -9999 172 -9999 -9999 165 164 163 162 161 160 158 157 154 152 150 148 145 142 140 138 134 132 130 128 125 123 120 117 115 112 110 108 105 102 99 95 92 90 88 87 85 84 84 83 83 83 82 82 82
-9999 -9999 -9999 -9999 -9999 -9999 -9999 -9999 -9999 -9999 -9999 -9999 -9999 -9999 -9999 -9999 -9999 -9999 -9999 -9999 -9999 -9999 -9999 -9999 -9999 -9999 -9999 -9999 -9999 -9999 -9999 -9999 -9999 -9999 -9999 -9999 -9999 165 166 164 163 162 161 160 158 156 153 151 149 147 143 141 138 134 132 130 127 125 122 119 116 114 111 109 105 103 101 99 95 92 89 87 84 84 82 81 81 81 81 81 81 81
-9999 -9999 -9999 -9999 -9999 -9999 -9999 -9999 -9999 -9999 -9999 -9999 -9999 -9999 -9999 -9999 -9999 -9999 -9999 -9999 -9999 -9999 -9999 -9999 -9999 -9999 -9999 -9999 -9999 -9999 -9999 -9999 -9999 -9999 -9999 -9999 -9999 166 165 166 167 165 163 161 159 157 154 152 150 146 144 141 138 135 132 130 127 125 122 119 116 113 110 108 105 103 101 99 95 90 88 85 83 82 80 79 78 79 79 79 79 79
-9999 -9999 -9999 -9999 -9999 -9999 -9999 -9999 -9999 -9999 -9999 -9999 -9999 -9999 -9999 -9999 -9999 -9999 -9999 -9999 -9999 -9999 -9999 -9999 -9999 -9999 -9999 -9999 -9999 -9999 -9999 -9999 -9999 -9999 -9999 -9999 -9999 167 168 169 170 168 163 161 160 158 156 153 151 149 145 143 140 136 133 129 126 124 121 119 115 112 110 107 104 102 99 97 95 91 87 84 82 81 79 77 76 75 75 76 77 76
-9999 -9999 -9999 -9999 -9999 -9999 -9999 -9999 -9999 -9999 -9999 -9999 -9999 -9999 -9999 -9999 -9999 -9999 -9999 -9999 -9999 -9999 -9999 -9999 -9999 -9999 -9999 -9999 -9999 -9999 -9999 -9999 -9999 -9999 -9999 -9999 169 168 170 171 171 167 164 162 160 160 158 155 153 151 147 144 141 136 133 129 126 124 120 117 115 112 110 106 104 101 98 96 94 91 88 84 81 79 78 76 75 75 73 73 74 73
-9999 -9999 -9999 -9999 -9999 -9999 -9999 -9999 -9999 -9999 -9999 -9999 -9999 -9999 -9999 -9999 -9999 -9999 -9999 -9999 -9999 -9999 -9999 -9999 -9999 -9999 -9999 -9999 -9999 -9999 -9999 -9999 -9999 -9999 -9999 -9999 171 169 170 170 170 167 165 164 163 162 160 158 155 152 149 145 141 137 133 129 126 124 120 117 114 112 109 105 103 100 97 95 92 90 87 84 81 78 77 76 74 74 73 72 72 72
-9999 -9999 -9999 -9999 -9999 -9999 -9999 -9999 -9999 -9999 -9999 -9999 -9999 -9999 -9999 -9999 -9999 -9999 -9999 -9999 -9999 -9999 -9999 -9999 -9999 -9999 -9999 -9999 -9999 -9999 -9999 -9999 -9999 -9999 -9999 172 173 171 170 169 168 168 167 167 166 164 161 158 155 152 148 146 142 138 134 130 127 124 121 118 114 112 108 106 102 99 97 94 91 89 86 84 81 78 76 75 74 73 72 70 70 71
-9999 -9999 -9999 -9999 -9999 -9999 -9999 -9999 -9999 -9999 -9999 -9999 -9999 -9999 -9999 -9999 -9999 -9999 -9999 -9999 -9999 -9999 -9999 -9999 -9999 -9999 -9999 -9999 -9999 -9999 -9999 -9999 -9999 -9999 -9999 175 174 174 173 172 171 171 171 170 168 165 163 161 157 154 149 146 142 138 135 131 127 124 120 118 114 112 108 105 101 99 96 93 91 88 85 83 80 78 76 74 72 71 70 70 69 69
-9999 -9999 -9999 -9999 -9999 -9999 -9999 -9999 -9999 -9999 -9999 -9999 -9999 -9999 -9999 -9999 -9999 -9999 -9999 -9999 -9999 -9999 -9999 -9999 -9999 -9999 -9999 -9999 -9999 -9999 -9999 -9999 -9999 176 176 176 177 177 177 176 175 174 173 172 170 168 165 162 158 154 150 147 144 139 136 132 128 124 120 118 114 112 108 105 102 99 95 92 90 87 84 82 79 78 75 73 72 70 69 69 68 68
-9999 -9999 -9999 -9999 -9999 -9999 -9999 -9999 -9999 -9999 -9999 -9999 -9999 -9999 -9999 -9999 -9999 -9999 -9999 -9999 -9999 -9999 -9999 -9999 -9999 -9999 -9999 -9999 -9999 -9999 -9999 -9999 179 179 179 179 179 179 179 179 177 176 175 174 173 170 166 163 158 155 153 149 146 141 137 133 129 124 121 118 114 112 108 105 102 99 95 92 89 86 84 81 78 77 74 72 71 70 69 68 67 68
-9999 -9999 -9999 -9999 -9999 -9999 -9999 -9999 -9999 -9999 -9999 -9999 -9999 -9999 -9999 -9999 -9999 -9999 -9999 -9999 -9999 -9999 -9999 -9999 -9999 -9999 -9999 -9999 -9999 -9999 -9999 182 182 182 181 181 181 181 181 180 179 179 178 177 174 172 168 165 160 157 155 151 147 143 139 134 129 125 121 118 114 111 107 105 101 98 95 92 89 86 83 80 78 76 74 72 71 70 69 68 66 66
-9999 -9999 -9999 -9999 -9999 -9999 -9999 -9999 -9999 -9999 -9999 -9999 -9999 -9999 -9999 -9999 -9999 -9999 -9999 -9999 -9999 -9999 -9999 -9999 -9999 -9999 -9999 -9999 -9999 -9999 183 183 183 183 184 183 183 183 184 182 182 182 182 179 178 175 172 168 164 160 157 153 148 143 139 135 130 125 122 117 114 111 107 104 101 98 94 92 88 86 83 80 78 75 73 72 70 69 69 68 67 67
-9999 -9999 -9999 -9999 -9999 -9999 -9999 -9999 -9999 -9999 -9999 -9999 -9999 -9999 -9999 -9999 -9999 -9999 -9999 -9999 -9999 -9999 -9999 -9999 -9999 -9999 -9999 -9999 187 187 186 186 186 186 186 186 185 185 186 187 187 186 186 185 183 179 176 171 168 164 158 153 149 143 139 135 131 126 123 118 115 110 107 103 100 97 94 91 88 86 83 80 78 76 73 71 70 69 68 68 67 67
-9999 -9999 -9999 -9999 -9999 -9999 -9999 -9999 -9999 -9999 -9999 -9999 -9999 -9999 -9999 -9999 -9999 -9999 -9999 -9999 -9999 -9999 -9999 -9999 -9999 -9999 -9999 192 192 192 190 189 188 188 189 187 188 188 188 189 191 191 192 189 186 183 179 174 169 165 160 155 149 144 140 135 131 127 123 119 115 111 108 105 101 98 94 91 88 86 82 80 78 76 73 72 70 68 67 67 67 67
-9999 -9999 -9999 -9999 -9999 -9999 -9999 -9999 -9999 -9999 -9999 -9999 -9999 -9999 -9999 -9999 -9999 -9999 -9999 -9999 -9999 -9999 -9999 -9999 -9999 194 194 195 194 193 191 189 189 189 189 188 188 190 192 194 196 196 195 193 190 187 181 177 171 166 161 156 150 144 140 135 131 126 123 119 116 112 109 106 101 98 94 92 89 85 83 80 78 76 74 72 71 69 68 67 67 67
-9999 -9999 -9999 -9999 -9999 -9999 -9999 -9999 -9999 -9999 -9999 -9999 -9999 -9999 -9999 -9999 -9999 -9999 -9999 -9999 -9999 -9999 -9999 -9999 197 198 198 196 195 194 193 192 191 189 189 190 191 193 195 198 199 200 200 198 196 197 192 184 176 169 162 156 150 143 139 135 132 127 124 119 116 112 109 106 102 99 95 92 90 86 84 81 78 76 74 73 72 71 69 67 67 67
