Electronic Materials (Flash Drives)/data/NZclimate/LGM/Miroc_LGM/bio13nz.asc
ncols         384
nrows         384
xllcorner     164
yllcorner     -49
cellsize      0.041666666666667
NODATA_value  -9999
[rows 144 to 179 of 384, columns 246 to 327 of 384]
169 172 172 192 199 191 200 223 232 222 227 230 214 209 200 201 203 195 181 175 168 175 183 180 169 172 176 175 210 191 181 192 190 186 190 216 205 171 170 176 188 193 191 202 209 222 211 201 186 194 200 197 204 218 201 181 183 195 203 191 175 165 169 170 167 166 162 150 161 159 146 141 142 140 139 131 131 130 134 132 136 134
176 192 194 196 215 198 219 212 220 214 222 222 214 199 195 195 193 191 187 173 184 181 164 160 165 165 180 186 228 206 209 211 214 213 187 182 218 173 172 188 214 226 244 232 216 225 227 210 181 188 201 198 216 222 204 181 178 195 186 170 179 176 180 176 170 163 160 151 145 141 144 138 136 139 139 132 129 126 126 126 126 125
203 195 196 211 209 217 221 207 216 225 221 213 202 196 185 195 185 182 182 168 168 161 160 158 154 161 173 185 199 214 230 245 270 301 276 217 188 178 189 222 251 252 259 251 257 237 239 198 192 196 186 201 199 210 198 183 188 178 169 183 199 196 171 154 150 143 148 143 142 137 131 133 130 129 127 124 122 121 121 121 120 120
206 205 198 201 208 216 201 203 214 223 213 200 208 199 183 186 182 176 189 182 184 164 179 172 155 172 189 205 212 217 231 258 299 356 298 259 219 194 243 271 271 271 267 269 253 235 217 231 207 201 193 188 207 187 183 182 182 171 178 221 201 178 165 151 147 136 128 127 127 129 122 121 121 121 121 120 119 118 119 119 119 119
225 218 216 198 202 201 196 202 205 207 204 197 199 203 185 189 181 187 188 188 185 181 183 184 166 174 198 212 221 232 248 270 292 284 267 250 230 241 255 271 277 257 244 249 256 236 217 232 249 234 210 192 182 175 174 181 175 173 197 211 172 152 148 143 144 131 129 123 116 116 117 117 117 117 117 117 116 116 116 119 119 118
238 225 207 203 195 198 202 198 196 198 213 223 195 176 179 172 180 174 186 181 190 184 172 176 182 178 194 208 277 263 288 327 310 275 252 238 231 240 257 271 269 236 254 240 247 225 236 222 228 237 228 234 193 176 180 185 182 197 182 172 150 148 144 143 148 145 139 110 111 110 112 112 113 113 113 113 113 113 115 116 117 117
234 221 200 197 200 196 182 179 192 190 197 203 195 167 172 166 171 162 171 165 172 174 160 159 174 182 191 201 224 265 348 471 376 289 253 235 242 265 279 274 249 217 225 235 252 204 227 242 232 216 254 245 203 180 179 179 180 173 167 159 144 156 159 144 135 126 123 103 107 107 107 107 108 109 109 108 108 109 112 114 114 115
221 205 197 184 183 182 172 191 180 178 188 198 207 210 172 169 169 154 157 168 166 163 152 151 158 175 185 195 215 248 309 394 322 264 235 224 246 266 249 234 233 241 200 208 191 182 211 217 194 211 239 202 192 182 175 177 171 152 151 149 135 135 146 129 120 112 103 103 102 102 102 103 104 105 105 105 105 109 113 114 113 112
200 185 177 169 164 168 170 184 195 223 228 215 214 213 228 195 177 162 148 159 149 139 145 152 159 167 173 181 192 209 233 247 236 217 200 205 217 214 225 234 226 212 175 182 181 177 201 204 181 191 185 180 168 175 158 157 153 143 136 133 122 122 125 103 98 97 91 98 98 97 98 99 101 102 103 104 105 108 111 111 110 109
171 166 165 164 153 152 165 188 197 216 222 195 194 199 209 203 178 159 147 145 144 157 170 169 159 156 153 154 160 161 170 177 166 167 168 166 167 180 202 243 208 198 177 178 166 171 173 189 184 167 171 172 172 161 148 141 130 133 126 124 124 113 102 94 91 93 89 95 94 95 95 96 98 99 100 102 104 106 107 108 109 109
153 153 153 158 153 138 155 163 165 179 174 171 175 174 179 174 158 152 133 150 155 157 164 150 152 147 144 146 145 144 143 142 138 137 145 159 148 149 203 187 133 151 144 149 165 172 167 159 162 165 167 170 166 146 132 121 116 114 114 109 121 100 86 86 87 88 89 90 91 93 94 94 95 96 98 100 102 103 104 107 109 108
138 148 139 142 139 135 142 145 156 161 161 146 163 160 158 163 174 168 143 136 157 159 163 152 154 147 152 148 141 134 134 132 130 129 132 153 170 140 126 121 123 144 132 141 160 170 163 154 163 157 149 155 149 138 126 117 117 109 101 101 101 88 82 84 83 85 85 87 89 91 93 94 95 95 97 98 99 101 106 110 111 109
124 127 133 129 132 147 135 134 138 134 153 145 143 150 170 152 149 169 156 138 139 140 150 142 142 138 139 143 136 133 133 131 130 135 129 143 166 154 131 117 131 135 128 136 144 160 197 145 161 159 141 139 132 129 122 117 108 101 92 90 84 84 80 80 79 81 81 84 86 89 92 93 93 94 96 97 98 100 104 107 108 108
114 115 115 131 134 151 143 123 147 130 150 164 142 128 136 134 153 172 158 125 123 135 145 138 127 136 144 138 131 131 125 124 123 125 125 140 138 122 114 115 120 125 126 133 171 185 170 171 206 183 155 133 110 109 103 101 97 91 85 83 80 79 78 78 79 80 80 80 82 87 91 93 95 96 98 98 98 99 100 101 103 104
109 108 105 115 125 131 130 123 128 135 148 155 144 130 127 143 147 154 145 144 130 123 128 143 133 127 131 128 125 125 127 124 122 123 120 119 117 116 111 114 120 122 126 138 191 203 175 190 212 169 136 125 121 125 102 90 88 88 84 80 78 77 77 77 78 79 80 82 84 87 90 91 91 92 93 95 97 98 98 98 101 102
90 105 101 106 114 123 131 114 119 143 130 124 122 124 118 119 127 137 132 126 143 128 122 137 142 122 124 128 122 126 131 122 125 123 122 120 116 115 116 113 115 121 128 134 186 191 207 209 206 153 146 131 125 116 104 88 85 83 79 78 77 76 76 77 80 83 93 92 85 88 90 88 87 87 90 93 94 96 98 99 101 103
88 89 96 101 104 105 108 112 119 125 120 107 112 117 110 122 131 132 132 128 118 115 132 138 137 121 122 122 122 131 123 124 126 121 125 126 120 116 115 115 114 122 127 153 149 185 217 186 168 153 158 145 148 136 118 93 99 85 79 76 76 76 78 84 82 85 95 93 83 86 86 85 84 87 89 89 88 90 94 95 95 93
86 87 87 94 95 94 99 98 105 108 107 105 116 104 112 123 146 140 124 118 118 108 123 131 123 117 128 125 122 125 121 128 127 121 127 128 128 122 116 117 121 130 141 206 194 199 198 161 153 172 158 149 142 130 125 102 106 84 88 81 82 85 103 85 91 92 90 82 80 82 85 84 85 87 88 87 88 89 91 -9999 -9999 -9999
84 84 84 84 84 90 91 94 98 99 100 97 104 103 116 125 128 129 123 117 107 105 108 114 111 110 116 114 120 123 117 118 120 124 128 128 129 121 118 119 127 137 143 194 219 213 188 153 149 161 148 134 126 115 120 115 107 103 81 78 92 84 91 112 113 99 89 81 80 83 85 85 85 87 88 88 86 -9999 -9999 -9999 -9999 -9999
82 82 82 82 83 83 88 90 91 93 95 94 102 107 110 110 111 110 110 111 102 103 107 115 107 115 109 111 117 110 113 119 127 132 129 123 123 120 125 129 131 134 145 213 230 230 169 156 149 140 133 124 113 106 108 113 118 86 79 92 89 88 115 141 135 92 86 87 87 86 85 84 85 87 87 84 -9999 -9999 -9999 -9999 -9999 -9999
81 80 81 80 81 81 82 83 84 88 88 90 94 95 96 96 97 102 105 101 94 98 104 109 107 106 107 109 109 105 108 114 120 121 114 113 119 128 130 131 135 142 158 196 222 225 178 161 151 140 121 112 106 101 100 110 98 84 90 88 108 107 134 174 122 96 88 89 87 85 83 82 81 82 -9999 -9999 -9999 -9999 -9999 -9999 -9999 -9999
80 80 79 78 79 80 80 81 81 82 82 83 85 86 86 90 93 96 99 93 92 101 105 110 105 105 105 105 107 108 108 115 115 109 111 117 123 128 134 139 144 160 207 225 232 186 167 161 146 132 116 108 103 99 98 109 95 85 90 94 100 109 145 158 118 117 87 85 84 83 82 81 -9999 -9999 -9999 -9999 -9999 -9999 -9999 -9999 -9999 -9999
79 78 77 77 76 77 78 78 80 80 81 81 82 82 83 83 84 89 88 89 95 96 102 107 99 102 104 107 109 114 116 115 121 107 116 120 129 135 138 142 152 161 183 187 220 183 170 159 139 122 112 105 99 96 95 99 92 92 96 97 106 106 119 107 101 85 87 86 83 80 80 -9999 -9999 -9999 -9999 -9999 -9999 -9999 -9999 -9999 -9999 -9999
76 76 75 75 75 75 76 77 77 79 79 80 81 81 81 82 84 84 87 91 94 97 99 97 97 99 107 116 118 117 111 110 106 112 128 132 132 138 139 146 148 158 178 218 197 176 170 154 134 118 109 102 97 96 93 93 95 94 96 104 113 117 110 97 85 85 84 87 84 80 79 -9999 -9999 -9999 -9999 -9999 -9999 -9999 -9999 -9999 -9999 -9999
73 73 72 72 73 74 74 75 76 76 77 78 79 80 81 81 81 82 84 88 91 91 94 95 97 105 109 109 111 105 102 105 119 127 136 133 138 136 144 142 148 160 194 192 185 178 170 151 132 118 111 105 100 101 92 93 97 107 101 105 117 117 106 109 89 88 87 84 80 81 -9999 -9999 -9999 -9999 -9999 -9999 -9999 -9999 -9999 -9999 -9999 -9999
71 71 71 71 71 73 73 74 74 75 75 76 76 78 79 80 81 81 83 84 88 89 92 94 98 101 105 105 103 98 104 112 117 121 124 132 138 135 143 140 149 177 186 188 179 174 163 146 132 121 121 108 110 96 96 98 108 109 107 109 111 122 106 102 87 83 86 85 82 80 -9999 -9999 -9999 -9999 -9999 -9999 -9999 -9999 -9999 -9999 -9999 -9999
70 70 69 69 70 71 71 72 73 74 74 74 75 76 77 79 80 80 81 82 84 89 92 94 96 99 101 100 97 100 106 111 115 116 120 128 127 138 131 137 165 189 190 175 171 156 145 135 125 135 148 131 117 97 99 106 112 109 113 108 120 112 101 99 89 83 86 85 84 79 -9999 -9999 -9999 -9999 -9999 -9999 -9999 -9999 -9999 -9999 -9999 -9999
69 68 68 69 69 70 70 70 71 71 73 73 74 75 77 77 79 80 80 82 84 85 91 92 94 96 98 97 95 102 102 108 109 110 116 123 132 127 129 153 183 188 166 154 144 140 134 126 136 142 138 109 96 92 91 95 107 108 109 106 112 106 104 94 94 89 86 86 84 -9999 -9999 -9999 -9999 -9999 -9999 -9999 -9999 -9999 -9999 -9999 -9999 -9999
68 68 68 68 68 69 69 70 70 70 71 73 74 74 75 76 77 79 80 81 82 83 90 92 93 94 94 94 97 99 98 105 104 109 117 126 125 124 153 184 182 158 150 141 132 133 127 131 144 135 140 117 105 99 95 93 94 97 102 103 100 105 90 94 92 88 86 86 80 -9999 -9999 -9999 -9999 -9999 -9999 -9999 -9999 -9999 -9999 -9999 -9999 -9999
67 67 67 67 68 68 68 69 69 70 71 73 73 74 75 76 76 77 79 81 81 82 85 90 92 92 92 92 96 99 96 97 101 107 117 126 120 139 181 176 158 141 133 127 121 120 120 125 129 133 129 128 115 100 96 95 95 101 96 95 93 92 94 93 90 88 86 81 -9999 -9999 -9999 -9999 -9999 -9999 -9999 -9999 -9999 -9999 -9999 -9999 -9999 -9999
67 66 66 67 66 67 68 68 69 70 70 71 71 72 74 74 76 78 80 80 80 82 85 90 90 92 93 92 93 96 94 95 100 106 119 123 122 149 168 144 135 132 122 121 124 130 129 124 138 134 139 132 120 101 97 97 108 101 93 91 89 89 92 89 87 87 85 -9999 -9999 -9999 -9999 -9999 -9999 -9999 -9999 -9999 -9999 -9999 -9999 -9999 -9999 -9999
66 66 65 66 66 67 68 68 69 69 69 70 72 74 74 74 78 81 79 79 80 83 86 90 92 94 94 91 92 93 95 98 104 111 116 117 132 146 126 122 121 125 116 125 147 149 132 134 129 129 150 131 111 102 100 109 98 97 94 91 90 90 91 90 81 -9999 -9999 -9999 -9999 -9999 -9999 -9999 -9999 -9999 -9999 -9999 -9999 -9999 -9999 -9999 -9999 -9999
66 66 65 65 65 66 66 67 68 69 69 70 72 74 74 74 77 79 80 78 81 83 86 91 93 94 95 93 94 95 97 100 106 109 117 142 159 127 117 114 119 121 126 141 159 151 153 144 123 120 128 122 109 106 110 110 107 107 94 94 92 90 87 -9999 -9999 -9999 -9999 -9999 -9999 -9999 -9999 -9999 -9999 -9999 -9999 -9999 -9999 -9999 -9999 -9999 -9999 -9999
65 66 66 65 65 65 66 66 68 69 71 71 71 72 72 74 76 77 78 80 81 82 83 92 94 96 97 97 96 98 100 105 112 120 137 166 151 120 120 112 117 128 142 158 164 159 158 137 125 115 122 125 134 118 118 115 121 107 94 96 92 90 81 -9999 -9999 -9999 -9999 -9999 -9999 -9999 -9999 -9999 -9999 -9999 -9999 -9999 -9999 -9999 -9999 -9999 -9999 -9999
66 66 65 65 64 65 65 66 66 68 71 72 71 71 71 73 75 75 76 78 80 81 83 92 95 98 99 99 98 100 103 110 127 158 169 159 140 125 119 122 116 139 151 174 166 157 127 116 115 107 112 120 123 119 118 120 117 100 99 98 94 90 85 -9999 -9999 -9999 -9999 -9999 -9999 -9999 -9999 -9999 -9999 -9999 -9999 -9999 -9999 -9999 -9999 -9999 -9999 -9999
66 65 65 65 64 64 65 66 67 67 69 69 70 71 71 72 74 75 76 77 78 81 84 93 95 98 99 99 101 102 112 162 171 175 171 147 134 126 122 122 132 155 157 158 164 135 123 121 111 102 108 108 123 129 120 110 115 102 99 96 92 89 87 79 -9999 -9999 -9999 -9999 -9999 -9999 -9999 -9999 -9999 -9999 -9999 -9999 -9999 -9999 -9999 -9999 -9999 -9999
