Electronic Materials (Flash Drives)/data/NZclimate/LGM/Miroc_LGM/bio14nz.asc
ncols         384
nrows         384
xllcorner     164
yllcorner     -49
cellsize      0.041666666666667
NODATA_value  -9999
[rows 259 to 295 of 384, columns 83 to 165 of 384]
-9999 -9999 -9999 -9999 -9999 -9999 -9999 -9999 -9999 -9999 -9999 -9999 -9999 -9999 -9999 -9999 -9999 -9999 -9999 -9999 -9999 -9999 -9999 -9999 -9999 -9999 -9999 -9999 -9999 273 275 275 275 275 272 272 269 268 274 273 275 286 293 269 262 278 269 251 238 254 232 205 201 201 195 190 191 181 181 175 164 170 159 145 114 133 121 150 149 125 95 113 101 53 50 60 88 112 135 117 116 85 62
-9999 -9999 -9999 -9999 -9999 -9999 -9999 -9999 -9999 -9999 -9999 -9999 -9999 -9999 -9999 -9999 -9999 -9999 -9999 -9999 -9999 -9999 -9999 -9999 -9999 -9999 -9999 -9999 -9999 -9999 264 268 268 266 264 265 265 264 265 264 273 274 254 268 250 230 222 216 211 213 209 201 200 190 190 182 180 180 169 173 154 170 149 121 91 96 116 131 138 109 106 60 52 48 48 61 109 116 126 123 85 53 54
-9999 -9999 -9999 -9999 -9999 -9999 -9999 -9999 -9999 -9999 -9999 -9999 -9999 -9999 -9999 -9999 -9999 -9999 -9999 -9999 -9999 -9999 -9999 -9999 -9999 -9999 -9999 -9999 -9999 -9999 254 258 257 254 258 256 256 255 256 262 254 270 255 236 237 215 211 211 207 230 218 202 189 185 177 177 170 162 158 159 142 173 155 110 75 73 96 104 98 85 68 53 46 44 46 67 107 100 81 91 51 51 50
-9999 -9999 -9999 -9999 -9999 -9999 -9999 -9999 -9999 -9999 -9999 -9999 -9999 -9999 -9999 -9999 -9999 -9999 -9999 -9999 -9999 -9999 -9999 -9999 -9999 -9999 -9999 -9999 -9999 -9999 250 250 252 249 248 246 245 254 253 256 253 259 252 254 258 252 210 220 230 215 202 186 179 173 176 173 159 151 167 137 137 165 142 106 63 55 70 79 72 63 54 44 41 41 45 80 111 93 55 51 49 48 48
-9999 -9999 -9999 -9999 -9999 -9999 -9999 -9999 -9999 -9999 -9999 -9999 -9999 -9999 -9999 -9999 -9999 -9999 -9999 -9999 -9999 -9999 274 272 267 266 264 260 256 251 248 245 243 240 244 241 239 237 241 219 221 242 245 208 209 213 229 213 219 184 182 179 175 177 162 166 143 153 165 108 141 153 152 109 53 46 46 54 54 50 48 39 38 39 45 72 76 53 49 48 47 47 46
-9999 -9999 -9999 -9999 -9999 -9999 -9999 -9999 -9999 -9999 -9999 -9999 -9999 -9999 -9999 -9999 -9999 -9999 -9999 -9999 -9999 277 272 267 263 259 255 251 248 243 239 237 234 233 226 216 226 215 221 229 213 208 206 210 209 237 228 189 180 176 175 167 161 172 157 149 121 154 129 100 137 148 140 106 48 42 39 41 45 40 38 35 35 38 52 83 54 48 48 47 46 46 45
-9999 -9999 -9999 -9999 -9999 -9999 -9999 -9999 -9999 -9999 -9999 -9999 -9999 -9999 -9999 -9999 -9999 -9999 -9999 -9999 276 270 265 260 255 247 234 228 236 234 229 221 214 214 212 210 207 209 203 210 214 204 193 195 185 183 188 182 175 172 169 153 161 168 156 156 114 106 84 124 137 134 114 93 43 39 36 35 35 33 33 34 35 36 40 48 44 45 46 45 45 45 44
-9999 -9999 -9999 -9999 -9999 -9999 -9999 -9999 -9999 -9999 -9999 -9999 -9999 -9999 -9999 -9999 -9999 -9999 280 275 265 261 249 238 239 242 223 222 219 211 217 206 203 202 200 198 197 194 193 191 188 187 184 181 177 183 174 170 167 159 150 148 164 157 146 146 104 75 84 143 130 105 65 60 40 38 34 33 33 33 34 35 36 39 39 41 43 46 48 44 44 43 43
-9999 -9999 -9999 -9999 -9999 -9999 -9999 -9999 -9999 -9999 -9999 -9999 -9999 -9999 -9999 -9999 -9999 281 276 267 254 235 227 224 217 230 210 203 200 200 201 193 191 193 190 188 192 186 187 182 180 177 174 181 185 165 163 160 164 146 142 164 140 157 146 123 90 65 89 129 98 58 46 41 39 37 34 33 33 34 35 37 38 39 39 53 41 42 52 43 42 41 42
-9999 -9999 -9999 -9999 -9999 -9999 -9999 -9999 -9999 -9999 -9999 -9999 -9999 -9999 -9999 -9999 283 268 265 254 244 227 217 221 215 199 199 200 190 197 187 180 184 185 188 184 184 178 175 174 170 167 171 169 161 163 163 151 143 136 153 147 125 142 137 114 85 59 84 119 71 46 41 39 37 35 33 33 34 36 36 36 37 37 39 46 41 41 42 41 40 40 42
-9999 -9999 -9999 -9999 -9999 -9999 -9999 -9999 -9999 -9999 -9999 -9999 -9999 -9999 293 285 267 248 238 240 216 206 204 208 194 193 190 182 186 175 185 167 185 197 181 177 176 163 161 167 163 157 145 161 156 162 147 143 132 147 145 116 133 146 123 136 71 54 78 99 60 42 39 39 37 37 36 34 33 35 34 35 35 36 39 55 43 40 40 40 40 39 40
-9999 -9999 -9999 -9999 -9999 -9999 -9999 -9999 -9999 -9999 -9999 -9999 -9999 291 286 270 241 226 213 221 202 197 193 191 193 187 175 188 167 162 162 160 161 185 160 161 157 163 161 149 142 121 144 155 145 143 147 126 121 146 126 107 145 124 135 125 68 51 56 49 42 39 39 38 37 37 36 35 34 33 35 34 40 54 41 66 50 41 40 40 40 38 37
-9999 -9999 -9999 -9999 -9999 -9999 -9999 -9999 -9999 -9999 -9999 -9999 299 292 285 278 268 257 242 209 192 191 183 189 186 170 180 159 174 151 179 152 173 170 173 160 156 153 152 150 130 113 148 154 149 134 120 104 130 124 126 99 114 108 128 123 71 51 46 42 40 38 37 36 36 35 34 34 33 32 33 38 55 82 52 64 42 57 41 40 41 39 37
-9999 -9999 -9999 -9999 -9999 -9999 -9999 -9999 -9999 -9999 -9999 -9999 296 281 228 238 211 226 209 189 182 182 184 185 165 158 166 178 154 162 177 171 187 149 169 149 148 142 133 124 97 117 141 146 140 127 99 105 130 106 129 107 81 99 111 89 63 49 44 40 39 37 36 70 48 34 33 32 32 32 33 39 45 75 63 38 38 53 54 41 41 40 34
-9999 -9999 -9999 -9999 -9999 -9999 -9999 -9999 -9999 -9999 299 293 258 277 256 221 191 194 215 179 180 194 177 165 154 157 159 172 158 174 198 165 137 143 164 160 142 152 136 94 85 96 138 129 112 100 81 104 97 106 123 100 83 73 79 106 71 45 41 40 37 40 52 99 50 31 31 30 31 32 39 36 45 50 38 37 37 38 64 47 43 40 34
-9999 -9999 -9999 -9999 -9999 -9999 -9999 -9999 -9999 302 271 260 248 238 247 188 184 181 200 180 180 197 190 160 154 167 185 187 167 148 188 150 117 151 159 143 147 146 127 82 75 82 93 87 74 73 79 90 104 117 120 92 82 65 70 90 62 41 40 36 34 33 47 84 62 31 29 30 41 40 60 48 40 47 41 35 35 36 42 57 52 38 34
-9999 -9999 -9999 -9999 -9999 -9999 -9999 -9999 306 281 231 255 213 189 251 180 175 213 167 163 172 190 172 166 189 173 181 168 140 134 143 130 98 101 128 155 138 121 126 79 67 104 88 63 69 106 113 116 109 112 91 89 102 75 67 68 49 38 33 32 32 31 30 50 64 29 30 38 58 53 85 70 59 80 62 35 34 34 36 44 54 38 33
-9999 -9999 -9999 -9999 -9999 -9999 -9999 -9999 302 248 223 197 186 182 240 174 192 164 166 173 181 165 151 146 144 149 155 182 173 137 124 130 151 118 79 120 159 124 79 61 61 101 70 55 68 79 79 91 93 94 75 70 93 68 59 67 41 34 30 29 51 38 29 29 30 28 32 51 34 47 59 47 46 79 44 32 32 33 34 37 42 40 34
-9999 -9999 -9999 -9999 -9999 -9999 -9999 295 276 195 188 183 181 181 172 233 176 166 176 161 163 134 165 176 157 146 167 167 149 134 157 138 150 127 71 96 129 91 57 54 88 93 67 48 54 96 93 100 103 79 61 64 74 68 97 74 44 33 47 39 53 51 29 27 30 26 30 35 28 33 31 37 57 65 32 31 31 32 36 37 35 38 36
-9999 -9999 -9999 -9999 -9999 262 241 254 204 183 179 175 171 183 168 219 153 151 169 151 144 132 186 153 119 149 168 141 116 145 124 126 147 132 75 61 58 56 52 57 47 57 68 42 47 83 87 79 69 59 64 69 72 102 97 95 62 40 50 77 61 51 29 29 29 25 26 25 26 27 28 40 52 32 29 28 29 32 37 39 34 34 37
-9999 -9999 -9999 260 248 214 193 202 181 183 190 168 165 160 161 178 144 158 154 147 120 130 164 139 112 159 174 142 99 130 115 112 134 143 127 57 52 49 46 44 41 40 39 38 46 84 89 69 50 51 65 68 83 72 88 99 69 65 72 96 58 50 37 35 29 28 28 28 25 25 26 34 27 27 27 27 28 30 35 33 33 31 35
-9999 -9999 242 223 216 191 184 177 176 174 174 165 160 156 160 150 137 155 160 132 113 107 138 125 105 156 162 139 120 92 87 99 121 110 135 82 48 56 74 39 37 37 37 37 41 70 60 48 45 44 45 52 63 61 96 102 75 73 59 86 85 73 54 43 30 40 49 59 45 27 24 25 24 24 25 27 28 31 35 31 29 32 31
-9999 213 218 198 184 178 174 180 181 193 163 153 154 159 158 135 130 153 135 128 105 97 96 96 115 155 138 119 114 89 68 104 138 120 79 66 74 93 88 52 36 36 36 35 35 48 61 58 55 42 44 44 43 64 73 110 79 52 44 58 100 81 69 53 37 32 46 84 75 34 25 24 24 25 29 31 33 34 31 28 27 28 27
196 194 182 185 184 171 167 169 162 156 153 163 159 150 152 142 124 141 149 150 101 97 83 89 131 143 139 147 118 97 74 111 128 110 74 87 109 88 47 42 78 68 50 41 34 36 56 46 38 35 40 42 46 51 55 81 73 56 37 41 88 81 67 48 62 43 37 65 84 43 27 24 23 23 24 27 27 28 30 30 27 25 25
180 188 174 171 167 163 164 160 156 150 153 151 153 149 138 121 123 132 124 157 115 86 78 103 135 135 114 118 95 75 72 108 105 86 76 97 67 51 39 71 97 95 88 81 42 34 34 33 34 34 39 52 75 71 65 43 57 40 34 33 66 79 63 64 72 62 50 56 81 56 37 27 23 23 22 22 23 27 29 28 26 25 26
175 172 167 163 159 157 161 152 147 144 141 139 138 149 142 120 118 134 105 121 137 81 75 97 119 136 101 92 75 66 101 106 73 98 81 118 77 42 62 102 109 121 97 57 33 31 31 31 32 49 61 81 82 88 61 33 33 32 31 31 44 77 75 74 70 62 45 43 61 68 61 34 29 24 23 23 22 22 24 24 24 24 24
166 161 159 154 154 154 145 143 149 141 129 126 138 126 114 118 114 134 126 94 100 76 74 92 139 103 90 84 74 63 80 83 76 66 73 93 62 68 89 108 120 101 47 31 29 30 30 31 39 66 73 59 73 52 34 28 30 28 30 37 34 47 75 74 62 57 51 52 59 59 40 38 33 27 26 23 23 24 24 24 24 24 24
157 156 154 155 150 148 147 135 128 126 120 118 133 110 125 130 134 105 117 105 84 74 73 74 109 98 95 68 61 73 69 56 48 50 88 89 72 86 80 101 95 45 31 28 30 33 36 42 43 57 61 44 40 31 27 26 26 26 29 30 33 37 49 65 65 59 47 49 49 39 30 28 29 28 24 23 24 24 24 24 25 25 24
150 151 151 150 141 131 143 141 132 124 118 115 125 102 133 118 138 121 91 94 130 85 70 64 82 101 78 69 73 52 45 43 41 41 56 80 85 67 57 80 57 31 28 29 42 58 72 72 57 49 42 30 26 25 25 24 28 33 27 27 27 30 35 35 33 29 27 27 32 47 38 33 27 25 24 24 24 24 24 24 24 25 25
147 143 141 144 139 134 123 136 125 107 103 115 119 100 114 127 136 118 100 101 125 109 64 61 105 97 63 86 59 48 44 44 57 58 50 40 43 41 41 40 39 28 27 36 63 86 93 76 45 30 26 25 25 24 23 26 31 24 26 31 26 26 27 27 26 24 24 24 31 55 46 38 32 29 28 27 25 24 24 24 24 24 25
149 144 127 145 134 122 108 119 111 97 105 124 96 96 114 124 120 126 84 111 112 94 62 60 68 56 51 49 46 44 42 51 128 117 84 64 52 36 51 39 28 26 29 46 70 87 58 36 26 25 24 22 22 23 24 24 23 26 38 26 23 23 23 23 22 23 21 22 25 43 57 45 33 30 30 30 28 25 24 24 24 24 25
136 139 123 119 134 131 116 94 87 85 87 91 87 120 120 112 109 114 81 98 108 77 61 57 54 52 50 61 94 44 41 60 116 117 91 70 51 53 58 46 29 28 38 32 30 42 30 26 24 24 22 21 22 25 22 22 26 39 30 23 20 20 20 20 20 20 20 21 24 29 50 40 41 35 33 34 30 26 25 24 24 24 25
121 117 114 105 102 110 115 99 77 76 76 77 87 104 109 123 88 89 113 85 102 68 77 75 74 86 89 97 77 56 40 61 112 121 99 76 52 63 73 62 34 30 42 50 26 26 24 23 22 22 23 26 25 22 22 24 35 40 28 21 20 19 19 18 19 19 20 20 23 26 35 49 41 45 39 34 30 30 26 24 24 25 25
135 134 129 118 94 88 81 76 71 70 70 71 82 103 93 114 81 101 105 101 68 77 93 100 91 99 80 69 53 46 40 72 114 112 103 67 44 51 76 61 44 37 33 32 22 20 21 20 20 21 24 29 23 22 24 31 42 41 29 21 20 19 18 18 18 19 19 20 23 28 29 34 48 46 38 34 35 32 27 25 25 26 25
138 134 134 132 118 84 78 73 68 67 67 75 79 101 82 110 96 84 92 86 68 77 109 94 79 69 79 74 94 74 40 64 95 115 95 54 54 70 99 85 65 45 39 27 20 20 20 20 21 22 25 25 24 24 26 31 38 43 26 20 20 19 19 20 22 27 24 21 25 32 28 27 30 33 33 36 35 32 29 27 27 26 26
121 131 131 121 118 101 73 70 66 66 66 72 71 77 98 94 103 82 87 70 81 99 104 87 90 92 93 88 81 96 40 45 98 102 77 65 87 92 107 95 81 76 58 30 23 21 21 23 22 23 25 29 29 30 34 38 41 40 25 20 20 20 21 28 37 37 30 22 24 28 31 28 26 29 33 35 36 32 30 28 27 27 24
110 96 121 122 116 101 71 67 65 67 64 65 81 71 79 84 86 68 66 84 113 95 98 100 104 96 82 59 72 74 40 50 96 80 56 86 98 101 93 94 85 91 79 37 26 25 29 26 26 33 32 33 33 37 41 41 45 35 22 21 22 29 37 51 54 47 27 22 27 28 30 30 27 27 27 30 33 33 32 28 28 26 23
