Electronic Materials (Flash Drives)/data/NZclimate/LGM/Miroc_LGM/bio12nz.asc
ncols         384
nrows         384
xllcorner     164
yllcorner     -49
cellsize      0.041666666666667
NODATA_value  -9999
[rows 70 to 104 of 384, columns 237 to 315 of 384]
1129 1146 1169 1181 1196 1208 1268 1286 1324 1340 1392 1433 1365 1302 1290 1293 1300 1312 1322 1345 1387 1414 1423 1407 1388 1391 1401 1419 1459 1509 1618 1603 1586 1575 1588 1607 1617 1626 1629 1649 1666 1667 1666 1675 1651 1611 1579 1568 -9999 -9999 -9999 -9999 -9999 -9999 1604 1614 -9999 -9999 -9999 -9999 -9999 -9999 -9999 -9999 -9999 -9999 -9999 -9999 -9999 -9999 -9999 -9999 -9999 -9999 -9999 -9999 -9999 -9999 -9999
1105 1134 1150 1161 1185 1198 1227 1231 1259 1287 1334 1371 1314 1264 1267 1271 1267 1281 1307 1498 1461 1376 1398 1385 1373 1386 1381 1400 1441 1472 1522 1565 1570 1587 1610 1632 1648 1661 1674 1683 1682 1685 1693 1750 1753 1657 1605 1600 1592 1584 1583 -9999 -9999 1613 1628 1635 -9999 -9999 -9999 -9999 -9999 -9999 -9999 -9999 -9999 -9999 -9999 -9999 -9999 -9999 -9999 -9999 -9999 -9999 -9999 -9999 -9999 -9999 -9999
1096 1093 1151 1148 1149 1194 1190 1241 1247 1258 1325 1411 1299 1274 1264 1289 1275 1279 1301 1321 1353 1367 1355 1351 1362 1380 1391 1408 1439 1473 1523 1533 1544 1579 1616 1648 1799 1718 1715 1709 1709 1714 1716 1761 1811 1744 1652 1632 1633 1615 1602 1608 1616 1626 1633 1626 -9999 -9999 -9999 -9999 -9999 -9999 -9999 -9999 -9999 -9999 -9999 -9999 -9999 -9999 -9999 -9999 -9999 -9999 -9999 -9999 -9999 -9999 -9999
1123 1089 1106 1122 1156 1193 1180 1203 1261 1273 1292 1351 1372 1418 1467 1410 1346 1353 1325 1325 1320 1329 1339 1349 1359 1373 1382 1403 1423 1459 1497 1515 1536 1585 1638 1943 2072 1808 1793 1742 1734 1733 1733 1753 1787 1760 1702 1680 1667 1647 1644 1645 1641 1647 1646 1629 -9999 -9999 -9999 -9999 -9999 -9999 -9999 -9999 -9999 -9999 -9999 -9999 -9999 -9999 -9999 -9999 -9999 -9999 -9999 -9999 -9999 -9999 -9999
1157 1101 1085 1094 1102 1154 1176 1176 1195 1220 1264 1293 1313 1375 1396 1326 1308 1323 1331 1334 1323 1326 1336 1345 1352 1360 1370 1396 1410 1430 1459 1494 1532 1592 1668 1939 1954 1913 1906 1819 1801 1772 1754 1738 1735 1722 1715 1707 1692 1680 1666 1657 1650 1639 1621 1607 -9999 -9999 -9999 -9999 -9999 -9999 -9999 -9999 -9999 -9999 -9999 -9999 -9999 -9999 -9999 -9999 -9999 -9999 -9999 -9999 -9999 -9999 -9999
1137 1166 1105 1087 1092 1120 1154 1144 1162 1214 1257 1308 1318 1316 1333 1342 1337 1339 1351 1347 1338 1330 1327 1333 1343 1345 1359 1382 1405 1429 1462 1502 1540 1598 1786 1886 1905 1967 1897 1849 1848 1813 1769 1753 1729 1716 1714 1702 1686 1680 1672 1648 1629 1601 -9999 -9999 -9999 -9999 -9999 -9999 -9999 -9999 -9999 -9999 -9999 -9999 -9999 -9999 -9999 -9999 -9999 -9999 -9999 -9999 -9999 -9999 -9999 -9999 -9999
1051 1148 1175 1109 1104 1092 1168 1147 1142 1175 1241 1296 1325 1334 1345 1382 1414 1397 1380 1372 1342 1333 1330 1329 1328 1331 1344 1365 1775 1931 1515 1549 1571 1624 1785 1847 2077 2083 1919 1832 1840 1799 1765 1765 1751 1729 1715 1704 1712 1696 1666 1643 1601 -9999 -9999 -9999 -9999 -9999 -9999 -9999 -9999 -9999 -9999 -9999 -9999 -9999 -9999 -9999 -9999 -9999 -9999 -9999 -9999 -9999 -9999 -9999 -9999 -9999 -9999
1044 1055 1147 1178 1130 1105 1153 1166 1157 1184 1219 1276 1310 1335 1334 1374 1409 1418 1436 1435 1378 1360 1340 1330 1320 1313 1323 1342 1588 1694 1479 1538 1582 1627 1764 1841 1945 1919 1870 1800 1827 1808 1766 1775 1761 1726 1705 1700 1697 1688 1677 1660 1612 -9999 -9999 -9999 -9999 -9999 -9999 -9999 -9999 -9999 -9999 -9999 -9999 -9999 -9999 -9999 -9999 -9999 -9999 -9999 -9999 -9999 -9999 -9999 -9999 -9999 -9999
1047 1065 1083 1156 1186 1132 1137 1112 1153 1204 1242 1261 1290 1316 1343 1368 1404 1433 1467 1480 1479 1508 1408 1346 1319 1304 1306 1327 1350 1391 1433 1489 1539 1589 1637 1690 1846 1909 1954 1929 1846 1830 1758 1750 1733 1718 1719 1719 1713 1706 1689 1665 1622 -9999 -9999 -9999 -9999 -9999 -9999 -9999 -9999 -9999 -9999 -9999 -9999 -9999 -9999 -9999 -9999 -9999 -9999 -9999 -9999 -9999 -9999 -9999 -9999 -9999 -9999
1034 1068 1073 1097 1176 1154 1133 1126 1132 1176 1221 1241 1291 1320 1359 1387 1416 1493 1547 1515 1465 1431 1406 1330 1312 1290 1287 1308 1335 1369 1411 1456 1505 1544 1593 1639 1682 1886 1902 2065 1820 1804 1764 1759 1761 1762 1749 1729 1713 1706 1692 1667 1605 -9999 -9999 -9999 -9999 -9999 -9999 -9999 -9999 -9999 -9999 -9999 -9999 -9999 -9999 -9999 -9999 -9999 -9999 -9999 -9999 -9999 -9999 -9999 -9999 -9999 -9999
1028 1060 1074 1094 1106 1169 1157 1137 1138 1165 1225 1272 1285 1323 1393 1404 1466 1505 1521 1457 1419 1391 1372 1358 1302 1281 1269 1289 1317 1349 1387 1435 1477 1527 1572 1621 1668 1709 1798 1995 1811 1804 1767 1775 1779 1774 1765 1756 1744 1722 1697 1660 1596 -9999 -9999 -9999 -9999 -9999 -9999 -9999 -9999 -9999 -9999 -9999 -9999 -9999 -9999 -9999 -9999 -9999 -9999 -9999 -9999 -9999 -9999 -9999 -9999 -9999 -9999
1006 1029 1042 1092 1098 1144 1192 1116 1137 1162 1197 1243 1265 1309 1372 1391 1445 1466 1469 1467 1424 1386 1344 1339 1281 1261 1243 1265 1294 1328 1366 1412 1458 1505 1549 1607 1645 1672 1697 1722 1757 1762 1763 1770 1780 1815 1837 1799 1754 1718 1690 1669 1611 -9999 -9999 -9999 -9999 -9999 -9999 -9999 -9999 -9999 -9999 -9999 -9999 -9999 -9999 -9999 -9999 -9999 -9999 -9999 -9999 -9999 -9999 -9999 -9999 -9999 -9999
990 1006 1014 1006 1023 1052 1083 1124 1196 1172 1179 1208 1239 1309 1384 1444 1425 1470 1471 1461 1410 1366 1305 1314 1237 1223 1220 1240 1274 1308 1348 1394 1441 1489 1535 1592 1641 1665 1696 1723 1743 1755 1761 1768 1784 2015 1901 1836 1749 1715 1690 1674 1617 1540 -9999 -9999 -9999 -9999 -9999 -9999 -9999 -9999 -9999 -9999 -9999 -9999 -9999 -9999 -9999 -9999 -9999 -9999 -9999 -9999 -9999 -9999 -9999 -9999 -9999
955 1001 1020 1007 1011 1030 1114 1144 1242 1187 1171 1198 1229 1290 1387 1385 1429 1481 1453 1419 1354 1325 1259 1226 1204 1193 1194 1216 1249 1287 1327 1376 1431 1479 1594 1762 1970 1718 1731 1739 1748 1754 1767 1777 1789 1804 1815 1796 1761 1736 1711 1696 1642 1566 -9999 -9999 -9999 -9999 -9999 -9999 -9999 -9999 -9999 -9999 -9999 -9999 -9999 -9999 -9999 -9999 -9999 -9999 -9999 -9999 -9999 -9999 -9999 -9999 -9999
915 977 1015 1018 1017 1034 1065 1138 1207 1193 1172 1195 1226 1266 1353 1379 1414 1427 1401 1370 1333 1263 1218 1181 1154 1153 1168 1192 1224 1266 1314 1364 1418 1466 1597 2146 2350 2014 1858 1996 1791 1788 1789 1796 1791 1793 1786 1771 1760 1745 1721 1699 1669 1623 1526 -9999 -9999 -9999 -9999 -9999 -9999 -9999 -9999 -9999 -9999 -9999 -9999 -9999 -9999 -9999 -9999 -9999 -9999 -9999 -9999 -9999 -9999 -9999 -9999
-9999 945 1001 1023 1028 1042 1071 1112 1155 1206 1198 1215 1224 1269 1325 1363 1382 1388 1365 1335 1269 1227 1178 1142 1123 1123 1143 1173 1210 1253 1302 1348 1401 1451 1499 1772 2089 2105 1978 2007 1814 1824 1828 1846 1856 1865 1853 1806 1767 1757 1742 1708 1677 1642 1581 -9999 -9999 -9999 -9999 -9999 -9999 -9999 -9999 -9999 -9999 -9999 -9999 -9999 -9999 -9999 -9999 -9999 -9999 -9999 -9999 -9999 -9999 -9999 -9999
-9999 918 970 1020 1028 1045 1076 1112 1136 1173 1233 1200 1223 1272 1326 1345 1368 1360 1326 1289 1254 1212 1165 1118 1099 1107 1132 1160 1201 1245 1290 1341 1392 1441 1494 1552 1679 1827 1895 1895 1989 1794 1769 1845 1795 1945 2150 1887 1846 1986 1832 1756 1697 1656 1593 -9999 -9999 -9999 -9999 -9999 -9999 -9999 -9999 -9999 -9999 -9999 -9999 -9999 -9999 -9999 -9999 -9999 -9999 -9999 -9999 -9999 -9999 -9999 -9999
-9999 923 971 1019 1028 1041 1070 1111 1134 1162 1203 1245 1229 1262 1299 1323 1332 1353 1323 1299 1251 1193 1145 1110 1098 1103 1125 1155 1192 1237 1281 1340 1391 1436 1488 1542 1608 1819 1937 2169 1991 1708 1801 1804 1742 1961 2090 1888 1949 1911 1908 1821 1719 1662 1619 1562 -9999 -9999 -9999 -9999 -9999 -9999 -9999 -9999 -9999 -9999 -9999 -9999 -9999 -9999 -9999 -9999 -9999 -9999 -9999 -9999 -9999 -9999 -9999
-9999 -9999 990 1011 1028 1041 1066 1111 1136 1153 1186 1236 1261 1261 1327 1345 1355 1347 1318 1290 1247 1180 1143 1120 1108 1114 1137 1177 1214 1254 1302 1363 1406 1435 1478 1532 1610 1913 2223 2199 2047 2111 1809 1796 1782 1919 1795 1878 1895 1896 1865 1825 1762 1700 1640 1577 1481 -9999 -9999 -9999 -9999 -9999 -9999 -9999 -9999 -9999 -9999 -9999 -9999 -9999 -9999 -9999 -9999 -9999 -9999 -9999 -9999 -9999 -9999
-9999 -9999 959 1007 1026 1036 1052 1092 1129 1149 1168 1206 1271 1271 1327 1323 1346 1342 1322 1288 1248 1215 1158 1135 1135 1164 1156 1192 1227 1270 1378 1363 1414 1437 1478 1528 1610 1846 1975 2277 2240 1999 1859 1960 2036 2098 1997 1891 1898 1882 1838 1825 1813 1741 1624 1509 -9999 -9999 -9999 -9999 -9999 -9999 -9999 -9999 -9999 -9999 -9999 -9999 -9999 -9999 -9999 -9999 -9999 -9999 -9999 -9999 -9999 -9999 -9999
-9999 -9999 939 1004 1023 1032 1040 1059 1100 1140 1163 1186 1232 1277 1289 1311 1334 1328 1291 1274 1254 1213 1176 1208 1185 1222 1197 1230 1280 1317 1424 1515 1416 1451 1477 1522 1669 1768 1779 2086 2248 1956 1977 2157 2076 2003 1873 1859 1826 1789 1774 1790 1770 1699 1584 1473 -9999 -9999 -9999 -9999 -9999 -9999 -9999 -9999 -9999 -9999 -9999 -9999 -9999 -9999 -9999 -9999 -9999 -9999 -9999 -9999 -9999 -9999 -9999
-9999 -9999 922 994 1021 1034 1045 1055 1084 1126 1154 1169 1195 1255 1284 1300 1310 1315 1279 1254 1247 1204 1191 1201 1204 1182 1213 1220 1281 1370 1419 1371 1408 1454 1477 1513 1568 1794 1942 2095 2267 2286 2223 1974 1909 2087 1870 1859 1760 1668 1670 1700 1693 1663 1628 1563 1469 -9999 -9999 -9999 -9999 -9999 -9999 -9999 -9999 -9999 -9999 -9999 -9999 -9999 -9999 -9999 -9999 -9999 -9999 -9999 -9999 -9999 -9999
-9999 -9999 -9999 952 1014 1035 1040 1066 1104 1126 1140 1157 1168 1231 1255 1270 1280 1279 1255 1232 1236 1232 1210 1217 1183 1181 1190 1207 1241 1306 1338 1407 1401 1442 1479 1507 1669 1886 1865 2289 2332 2125 1967 1886 2076 1984 1976 1797 1811 1723 1659 1620 1609 1635 1660 1661 1610 1521 -9999 -9999 -9999 -9999 -9999 -9999 -9999 -9999 -9999 -9999 -9999 -9999 -9999 -9999 -9999 -9999 -9999 -9999 -9999 -9999 -9999
-9999 -9999 -9999 927 1009 1049 1039 1047 1080 1111 1126 1137 1141 1184 1230 1253 1254 1243 1241 1231 1253 1280 1245 1210 1207 1232 1217 1287 1331 1280 1314 1413 1385 1426 1454 1482 1517 1889 2197 2336 2570 2222 2039 1893 1987 1953 2041 2195 1789 1760 1714 1667 1661 1679 1703 1703 1634 1518 -9999 -9999 -9999 -9999 -9999 -9999 -9999 -9999 -9999 -9999 -9999 -9999 -9999 -9999 -9999 -9999 -9999 -9999 -9999 -9999 -9999
-9999 -9999 -9999 934 990 1028 1028 996 1037 1101 1113 1117 1115 1141 1193 1302 1290 1229 1231 1212 1220 1203 1197 1199 1209 1264 1255 1388 1318 1293 1350 1432 1434 1403 1423 1446 1486 1654 1883 2089 2426 2574 2233 1972 2035 2224 2082 2219 1735 1759 1719 1711 1753 1869 1805 1752 1615 1461 -9999 -9999 -9999 -9999 -9999 -9999 -9999 -9999 -9999 -9999 -9999 -9999 -9999 -9999 -9999 -9999 -9999 -9999 -9999 -9999 -9999
-9999 -9999 -9999 -9999 970 966 959 -9999 -9999 944 1071 1075 1084 1097 1157 1268 1184 1194 1180 1178 1182 1188 1196 1204 1241 1299 1300 1345 1279 1349 1553 1548 1508 1478 1350 1423 1449 1483 1660 1967 2396 2495 2339 2374 2487 2498 2382 1969 1760 1762 1704 1693 1772 1827 1818 1712 1568 1432 -9999 -9999 -9999 -9999 -9999 -9999 -9999 -9999 -9999 -9999 -9999 -9999 -9999 -9999 -9999 -9999 -9999 -9999 -9999 -9999 -9999
-9999 -9999 -9999 -9999 939 989 999 1034 1058 1058 1058 1071 1076 1084 1130 1130 1146 1146 1158 1170 1176 1186 1193 1213 1243 1265 1280 1277 1345 1596 1780 1857 2047 1675 1381 1281 1405 1424 1440 1966 2584 2610 2778 2931 2736 2575 2172 1934 2443 1831 1798 1718 1701 1695 1668 1588 1482 -9999 -9999 -9999 -9999 -9999 -9999 -9999 -9999 -9999 -9999 -9999 -9999 -9999 -9999 -9999 -9999 -9999 -9999 -9999 -9999 -9999 -9999
-9999 -9999 -9999 -9999 -9999 979 1006 1027 1054 1055 1050 1065 1067 1074 1100 1111 1148 1160 1166 1165 1180 1191 1202 1217 1226 1252 1319 1483 1434 1560 1751 1931 2026 1570 1360 1209 1325 1339 1375 1917 2567 2692 2540 2793 2531 1947 1954 2122 2272 1870 1813 1696 1577 1579 1582 1541 1418 -9999 -9999 -9999 -9999 -9999 -9999 -9999 -9999 -9999 -9999 -9999 -9999 -9999 -9999 -9999 -9999 -9999 -9999 -9999 -9999 -9999 -9999
-9999 -9999 -9999 -9999 -9999 935 997 1017 1028 1039 1054 1063 1054 1067 1080 1104 1153 1168 1167 1168 1183 1206 1231 1247 1257 1250 1349 1548 1468 1490 1600 1765 1747 1403 1318 1160 1262 1263 1300 1819 2469 2341 2200 2790 2182 2128 2351 2079 1867 1796 1774 1663 1548 1529 1534 1456 -9999 -9999 -9999 -9999 -9999 -9999 -9999 -9999 -9999 -9999 -9999 -9999 -9999 -9999 -9999 -9999 -9999 -9999 -9999 -9999 -9999 -9999 -9999
-9999 -9999 -9999 -9999 -9999 -9999 980 1014 1022 1034 1052 1058 1050 1063 1076 1092 1137 1181 1181 1177 1203 1227 1249 1262 1273 1283 1326 1510 1549 1470 1556 1637 1483 1387 1272 1120 1214 1219 1264 1399 1746 1919 2271 2665 2178 2162 2257 1860 2153 1787 1779 1753 1691 1593 1488 1369 -9999 -9999 -9999 -9999 -9999 -9999 -9999 -9999 -9999 -9999 -9999 -9999 -9999 -9999 -9999 -9999 -9999 -9999 -9999 -9999 -9999 -9999 -9999
-9999 -9999 -9999 -9999 -9999 -9999 985 1019 1019 1024 1042 1048 1051 1062 1067 1080 1110 1218 1207 1198 1219 1261 1276 1304 1315 1353 1447 1565 1536 1399 1378 1355 1331 1375 1275 1195 1204 1200 1255 1262 1311 1798 2482 2862 2514 2410 2151 1905 1957 1768 1772 1765 1724 1600 1456 1333 -9999 -9999 -9999 -9999 -9999 -9999 -9999 -9999 -9999 -9999 -9999 -9999 -9999 -9999 -9999 -9999 -9999 -9999 -9999 -9999 -9999 -9999 -9999
-9999 -9999 -9999 -9999 -9999 -9999 959 1014 1013 1010 1030 1046 1051 1062 1070 1084 1108 1195 1279 1220 1225 1277 1291 1340 1375 1348 1402 1359 1239 1225 1242 1247 1274 1422 1462 1204 1196 1190 1187 1183 1179 1270 1536 2460 2556 2650 2423 1853 2000 1748 1738 1702 1625 1517 1394 1319 1308 1333 1312 -9999 -9999 -9999 -9999 -9999 -9999 -9999 -9999 -9999 -9999 -9999 -9999 -9999 -9999 -9999 -9999 -9999 -9999 -9999 -9999
-9999 -9999 -9999 -9999 -9999 -9999 -9999 953 1001 1027 1036 1048 1056 1075 1088 1104 1120 1135 1312 1280 1231 1248 1242 1271 1279 1304 1340 1266 1243 1207 1193 1211 1270 1326 1336 1206 1175 1151 1142 1137 1157 1221 1341 1942 2366 2795 2603 2054 1911 1714 1700 1637 1554 1459 1385 1380 2232 1930 1573 1386 -9999 -9999 -9999 -9999 -9999 -9999 -9999 -9999 -9999 -9999 -9999 -9999 -9999 -9999 -9999 -9999 -9999 -9999 -9999
-9999 -9999 -9999 -9999 -9999 -9999 -9999 -9999 981 1038 1036 1034 1054 1077 1101 1118 1131 1139 1199 1329 1245 1235 1255 1321 1389 1371 1412 1341 1215 1189 1171 1314 1237 1287 1313 1423 1197 1126 1118 1113 1136 1196 1277 1673 2289 2776 2806 2475 2261 1992 1698 1649 1562 1476 1421 1443 1959 1936 1589 1385 -9999 -9999 -9999 -9999 -9999 -9999 -9999 -9999 -9999 -9999 -9999 -9999 -9999 -9999 -9999 -9999 -9999 -9999 -9999
-9999 -9999 -9999 -9999 -9999 -9999 -9999 -9999 969 1041 1037 1026 1042 1064 1087 1106 1123 1142 1166 1275 1290 1316 1543 1434 1438 1399 1434 1290 1208 1185 1155 1170 1172 1165 1239 1625 1408 1120 1101 1108 1130 1181 1246 1647 2559 2659 2797 2481 2283 2361 1673 1669 1609 1536 1508 1459 1470 1537 1479 1331 1179 -9999 -9999 -9999 -9999 -9999 -9999 -9999 -9999 -9999 -9999 -9999 -9999 -9999 -9999 -9999 -9999 -9999 -9999
