Electronic Materials (Flash Drives)/data/NZclimate/LGM/Miroc_LGM/bio13nz.asc
ncols         384
nrows         384
xllcorner     164
yllcorner     -49
cellsize      0.041666666666667
NODATA_value  -9999
[rows 252 to 287 of 384, columns 164 to 245 of 384]
145 167 217 175 189 166 164 127 114 118 159 229 210 176 115 162 146 123 87 88 87 86 84 83 81 78 74 70 68 66 65 64 63 62 60 59 58 57 56 55 56 59 61 57 56 58 59 60 62 63 65 67 68 68 69 70 71 71 71 71 71 71 71 71 67 65 67 70 71 71 71 71 70 69 68 68 65 -9999 -9999 -9999 -9999 -9999
131 119 121 125 132 150 133 111 107 117 122 167 140 134 107 102 93 90 93 90 86 83 82 80 77 74 71 68 66 64 62 62 62 60 59 58 57 56 56 54 55 57 59 59 60 63 63 65 67 68 69 71 72 72 73 73 73 73 73 73 74 73 73 73 73 71 71 72 73 73 72 73 73 72 71 70 67 -9999 -9999 -9999 -9999 -9999
130 108 103 136 114 113 108 101 104 134 105 106 147 133 94 90 99 102 95 88 84 81 78 76 74 72 69 67 64 62 61 61 60 59 58 57 57 57 56 55 55 57 65 72 71 71 69 69 71 75 76 76 76 76 76 76 77 77 76 76 75 74 74 74 74 74 74 74 74 74 74 75 75 74 73 71 67 -9999 -9999 -9999 -9999 -9999
120 96 100 109 150 148 103 104 98 95 91 91 96 89 104 102 100 95 89 84 80 77 75 73 70 69 67 65 63 61 61 60 58 58 58 57 57 57 57 57 56 58 74 70 70 78 85 81 86 83 83 83 84 82 81 81 80 79 78 78 77 77 76 76 75 75 75 74 74 74 76 78 78 75 74 72 68 -9999 -9999 -9999 -9999 -9999
125 97 89 89 98 106 112 96 114 92 91 90 93 97 96 91 89 86 82 79 76 73 71 70 68 66 65 63 62 61 60 59 58 58 57 57 57 57 57 57 57 62 75 75 85 97 97 93 98 94 102 94 92 90 89 85 84 81 81 80 80 78 78 78 77 76 76 75 75 76 76 77 77 75 74 73 70 -9999 -9999 -9999 -9999 -9999
122 147 164 153 113 95 86 84 86 95 87 89 91 93 91 86 83 80 77 74 71 69 68 66 65 64 63 62 61 60 60 59 58 57 57 57 57 57 57 57 57 61 66 80 88 95 102 102 105 104 107 108 102 99 94 90 87 85 83 82 81 81 80 79 78 78 78 77 77 77 77 76 75 75 74 74 72 68 -9999 -9999 -9999 -9999
188 173 129 112 109 93 119 106 82 86 90 91 90 90 87 84 80 76 73 70 68 66 64 63 63 63 63 62 60 60 59 58 57 57 57 57 57 57 57 57 59 62 65 72 89 98 103 113 110 113 107 109 113 104 101 94 91 88 85 84 83 82 82 81 80 79 79 79 78 78 78 78 76 75 74 73 71 -9999 -9999 -9999 -9999 -9999
147 108 116 115 83 80 91 109 101 85 94 93 92 89 85 81 77 73 70 68 66 64 62 61 61 61 61 60 60 59 58 58 57 57 57 57 57 57 58 59 61 63 66 70 76 98 108 112 114 119 117 122 117 113 105 96 93 89 87 86 85 84 83 82 82 81 80 80 79 79 78 78 77 76 74 73 70 -9999 -9999 -9999 -9999 -9999
86 87 97 82 78 78 80 100 100 83 98 95 92 87 83 78 74 71 68 66 63 62 60 60 60 60 59 59 59 58 57 57 56 56 57 57 57 57 58 60 62 64 66 69 67 82 106 115 120 127 124 124 122 112 103 100 96 92 89 88 87 85 85 83 82 82 81 81 80 79 78 78 77 77 75 74 70 -9999 -9999 -9999 -9999 -9999
80 83 79 80 94 87 81 82 82 83 101 96 91 85 80 76 72 69 66 64 62 60 60 59 59 59 58 58 57 57 56 56 56 56 57 57 57 58 59 60 62 63 65 67 68 68 71 91 113 120 122 114 116 105 101 96 93 93 91 89 88 87 86 84 83 82 82 82 80 78 78 78 78 77 74 70 -9999 -9999 -9999 -9999 -9999 -9999
91 87 78 81 96 102 80 83 100 106 102 95 89 82 77 73 69 67 64 62 61 60 59 59 58 58 57 57 56 56 56 56 55 54 56 56 58 59 60 61 63 64 65 67 69 72 75 81 90 92 95 100 103 101 98 96 95 93 92 90 89 88 86 85 84 84 82 82 80 78 77 78 78 75 72 -9999 -9999 -9999 -9999 -9999 -9999 -9999
93 91 79 82 94 85 83 84 108 107 98 91 85 79 74 70 67 65 62 61 60 59 59 58 57 57 57 56 56 55 55 55 55 55 56 57 58 59 60 62 64 65 66 69 72 75 79 83 89 94 99 100 99 98 97 96 95 94 93 91 89 89 87 86 85 84 84 83 82 79 78 78 77 72 -9999 -9999 -9999 -9999 -9999 -9999 -9999 -9999
93 92 88 80 82 87 97 107 105 98 92 86 80 75 71 68 65 63 62 61 59 59 58 57 57 56 56 55 55 55 54 54 54 54 56 57 58 59 61 63 64 65 67 69 73 76 80 85 90 95 98 96 96 97 96 96 95 94 93 91 90 89 88 87 86 85 85 85 83 80 78 76 73 -9999 -9999 -9999 -9999 -9999 -9999 -9999 -9999 -9999
93 93 93 90 85 86 95 97 92 89 84 80 76 72 68 65 63 60 60 59 58 58 57 56 56 55 55 55 55 54 53 53 53 53 56 57 58 59 61 63 64 66 69 71 73 76 81 87 91 94 95 94 95 95 96 95 94 93 92 91 90 89 88 87 85 84 83 82 81 78 -9999 -9999 -9999 -9999 -9999 -9999 -9999 -9999 -9999 -9999 -9999 -9999
91 91 92 89 92 93 91 88 81 80 76 74 71 67 64 62 59 58 58 57 56 56 55 54 54 54 55 54 54 53 53 53 53 54 56 58 59 60 62 63 65 67 70 73 74 77 82 87 90 90 91 92 94 94 94 94 93 92 92 91 89 89 88 86 85 82 80 76 -9999 -9999 -9999 -9999 -9999 -9999 -9999 -9999 -9999 -9999 -9999 -9999 -9999 -9999
89 91 89 83 84 84 78 75 72 71 70 69 66 64 62 59 57 57 56 55 54 54 53 53 53 53 54 54 54 53 53 53 54 55 56 57 59 61 63 65 67 68 70 73 75 78 82 85 86 87 89 91 92 93 93 92 92 92 91 90 89 87 86 85 84 78 -9999 -9999 -9999 -9999 -9999 -9999 -9999 -9999 -9999 -9999 -9999 -9999 -9999 -9999 -9999 -9999
86 89 84 78 76 74 73 71 67 65 65 64 63 61 59 57 56 55 55 54 53 53 53 53 53 53 53 52 52 52 53 54 55 55 56 56 59 62 63 66 67 68 70 72 76 80 81 82 84 86 88 89 91 91 91 91 91 90 90 89 -9999 -9999 82 85 81 -9999 -9999 -9999 -9999 -9999 -9999 -9999 -9999 -9999 -9999 -9999 -9999 -9999 -9999 -9999 -9999 -9999
83 89 83 74 71 68 64 63 61 61 61 60 60 58 57 55 54 54 53 53 53 52 52 52 52 52 52 52 52 52 52 52 53 54 55 57 59 61 63 65 67 68 70 72 75 77 79 81 82 85 86 87 89 89 90 90 89 88 88 88 -9999 -9999 80 77 -9999 -9999 -9999 -9999 -9999 -9999 -9999 -9999 -9999 -9999 -9999 -9999 -9999 -9999 -9999 -9999 -9999 -9999
84 78 83 73 68 64 62 59 57 57 58 58 57 56 54 54 53 53 53 52 52 52 52 52 52 52 52 52 52 51 51 52 53 54 56 57 59 60 62 64 67 69 70 71 73 75 77 80 82 82 84 86 87 87 88 87 87 87 87 86 -9999 -9999 -9999 -9999 -9999 -9999 -9999 -9999 -9999 -9999 -9999 -9999 -9999 -9999 -9999 -9999 -9999 -9999 -9999 -9999 -9999 -9999
87 80 74 73 69 66 62 57 55 55 56 56 55 54 53 53 53 52 52 52 52 52 52 52 52 51 52 52 52 51 52 53 54 55 56 57 57 58 61 64 67 68 69 70 73 74 77 78 79 80 82 83 85 86 85 85 85 85 84 80 -9999 -9999 -9999 -9999 -9999 -9999 -9999 -9999 -9999 -9999 -9999 -9999 -9999 -9999 -9999 -9999 -9999 -9999 -9999 -9999 -9999 -9999
88 74 70 72 75 65 66 58 55 55 55 55 53 52 52 52 52 52 52 51 51 51 51 51 51 51 51 51 51 51 52 53 54 55 56 56 56 57 61 64 67 67 68 70 72 73 76 77 78 78 81 82 83 83 83 83 84 80 -9999 -9999 -9999 -9999 -9999 -9999 -9999 -9999 -9999 -9999 -9999 -9999 -9999 -9999 -9999 -9999 -9999 -9999 -9999 -9999 -9999 -9999 -9999 -9999
81 77 69 64 69 66 62 58 55 54 54 53 53 53 52 52 52 51 51 51 51 51 51 51 51 51 51 51 51 51 52 53 54 55 56 56 56 58 61 63 65 66 67 69 71 73 74 76 77 78 79 80 81 80 78 79 77 -9999 -9999 -9999 -9999 -9999 -9999 -9999 -9999 -9999 -9999 -9999 -9999 -9999 -9999 -9999 -9999 -9999 -9999 -9999 -9999 -9999 -9999 -9999 -9999 -9999
81 82 70 68 63 57 55 55 54 54 53 52 52 52 51 51 50 50 50 49 50 50 50 50 50 50 50 50 50 51 52 53 54 54 55 55 56 57 60 62 64 65 67 69 70 72 73 74 76 78 78 77 75 75 -9999 -9999 -9999 -9999 -9999 -9999 -9999 -9999 -9999 -9999 -9999 -9999 -9999 -9999 -9999 -9999 -9999 -9999 -9999 -9999 -9999 -9999 -9999 -9999 -9999 -9999 -9999 -9999
79 78 68 67 62 58 55 54 53 53 51 51 50 51 51 50 50 49 49 49 50 50 50 50 50 50 50 50 50 51 52 52 53 54 55 55 56 58 60 62 64 65 66 69 70 71 73 74 74 74 74 -9999 -9999 -9999 -9999 -9999 -9999 -9999 -9999 -9999 -9999 -9999 -9999 -9999 -9999 -9999 -9999 -9999 -9999 -9999 -9999 -9999 -9999 -9999 -9999 -9999 -9999 -9999 -9999 -9999 -9999 -9999
75 81 72 66 62 57 55 54 53 52 51 50 50 50 51 50 50 49 49 49 49 48 48 48 48 49 50 50 50 51 52 52 52 53 56 57 58 60 60 62 63 65 65 67 69 70 71 70 68 -9999 -9999 -9999 -9999 -9999 -9999 -9999 -9999 -9999 -9999 -9999 -9999 -9999 -9999 -9999 -9999 -9999 -9999 -9999 -9999 -9999 -9999 -9999 -9999 -9999 -9999 -9999 -9999 -9999 -9999 -9999 -9999 -9999
75 77 78 69 62 58 55 54 53 51 50 49 50 50 50 50 49 49 49 48 48 48 48 48 48 48 49 49 49 49 50 50 50 52 54 56 58 59 60 61 62 64 64 65 68 68 66 -9999 -9999 -9999 -9999 -9999 -9999 -9999 -9999 -9999 -9999 -9999 -9999 -9999 -9999 -9999 -9999 -9999 -9999 -9999 -9999 -9999 -9999 -9999 -9999 -9999 -9999 -9999 -9999 -9999 -9999 -9999 -9999 -9999 -9999 -9999
75 76 77 67 61 56 55 54 51 51 50 50 50 50 50 50 49 49 48 48 48 48 48 48 48 48 48 48 49 48 48 48 48 51 54 56 57 58 60 60 61 62 63 65 65 63 -9999 -9999 -9999 -9999 -9999 -9999 -9999 -9999 -9999 -9999 -9999 -9999 -9999 -9999 -9999 -9999 -9999 -9999 -9999 -9999 -9999 -9999 -9999 -9999 -9999 -9999 -9999 -9999 -9999 -9999 -9999 -9999 -9999 -9999 -9999 -9999
73 75 76 66 61 57 56 54 51 51 50 50 51 50 50 49 49 48 48 48 48 48 48 48 48 47 48 48 49 49 48 48 49 52 55 56 56 58 59 60 60 61 61 62 -9999 -9999 -9999 -9999 -9999 -9999 -9999 -9999 -9999 -9999 -9999 -9999 -9999 -9999 -9999 -9999 -9999 -9999 -9999 -9999 -9999 -9999 -9999 -9999 -9999 -9999 -9999 -9999 -9999 -9999 -9999 -9999 -9999 -9999 -9999 -9999 -9999 -9999
72 72 76 67 60 57 56 54 53 52 52 51 50 50 50 49 49 48 48 47 47 47 47 47 46 46 46 48 49 50 50 49 50 52 54 56 56 57 57 58 58 -9999 -9999 -9999 -9999 -9999 -9999 -9999 -9999 -9999 -9999 -9999 -9999 -9999 -9999 -9999 -9999 -9999 -9999 -9999 -9999 -9999 -9999 -9999 -9999 -9999 -9999 -9999 -9999 -9999 -9999 -9999 -9999 -9999 -9999 -9999 -9999 -9999 -9999 -9999 -9999 -9999
67 65 71 67 60 57 56 55 54 53 52 52 51 50 50 50 49 49 48 47 47 47 47 47 46 45 45 47 49 50 51 51 52 53 55 56 56 55 -9999 -9999 -9999 -9999 -9999 -9999 -9999 -9999 -9999 -9999 -9999 -9999 -9999 -9999 -9999 -9999 -9999 -9999 -9999 -9999 -9999 -9999 -9999 -9999 -9999 -9999 -9999 -9999 -9999 -9999 -9999 -9999 -9999 -9999 -9999 -9999 -9999 -9999 -9999 -9999 -9999 -9999 -9999 -9999
62 60 61 62 61 57 55 55 54 53 52 52 51 50 50 50 49 49 48 48 47 47 47 47 46 45 -9999 46 48 50 51 52 52 53 54 55 55 -9999 -9999 -9999 -9999 -9999 -9999 -9999 -9999 -9999 -9999 -9999 -9999 -9999 -9999 -9999 -9999 -9999 -9999 -9999 -9999 -9999 -9999 -9999 -9999 -9999 -9999 -9999 -9999 -9999 -9999 -9999 -9999 -9999 -9999 -9999 -9999 -9999 -9999 -9999 -9999 -9999 -9999 -9999 -9999 -9999
61 62 61 60 60 57 55 55 54 53 53 52 51 50 50 50 49 49 48 48 47 47 47 47 46 45 -9999 45 48 50 51 52 52 52 -9999 -9999 -9999 -9999 -9999 -9999 -9999 -9999 -9999 -9999 -9999 -9999 -9999 -9999 -9999 -9999 -9999 -9999 -9999 -9999 -9999 -9999 -9999 -9999 -9999 -9999 -9999 -9999 -9999 -9999 -9999 -9999 -9999 -9999 -9999 -9999 -9999 -9999 -9999 -9999 -9999 -9999 -9999 -9999 -9999 -9999 -9999 -9999
59 59 59 59 60 57 55 55 54 53 53 52 52 51 50 49 50 50 50 49 48 47 47 47 46 45 45 46 48 50 51 51 51 -9999 -9999 -9999 -9999 -9999 -9999 -9999 -9999 -9999 -9999 -9999 -9999 -9999 -9999 -9999 -9999 -9999 -9999 -9999 -9999 -9999 -9999 -9999 -9999 -9999 -9999 -9999 -9999 -9999 -9999 -9999 -9999 -9999 -9999 -9999 -9999 -9999 -9999 -9999 -9999 -9999 -9999 -9999 -9999 -9999 -9999 -9999 -9999 -9999
57 57 57 57 56 56 55 55 54 53 53 52 52 51 50 50 50 50 50 50 49 48 47 47 48 48 48 48 48 49 48 -9999 -9999 -9999 -9999 -9999 -9999 -9999 -9999 -9999 -9999 -9999 -9999 -9999 -9999 -9999 -9999 -9999 -9999 -9999 -9999 -9999 -9999 -9999 -9999 -9999 -9999 -9999 -9999 -9999 -9999 -9999 -9999 -9999 -9999 -9999 -9999 -9999 -9999 -9999 -9999 -9999 -9999 -9999 -9999 -9999 -9999 -9999 -9999 -9999 -9999 -9999
60 58 57 57 56 55 54 54 54 53 53 52 51 51 50 50 49 49 49 49 49 49 48 48 48 48 48 48 47 -9999 -9999 -9999 -9999 -9999 -9999 -9999 -9999 -9999 -9999 -9999 -9999 -9999 -9999 -9999 -9999 -9999 -9999 -9999 -9999 -9999 -9999 -9999 -9999 -9999 -9999 -9999 -9999 -9999 -9999 -9999 -9999 -9999 -9999 -9999 -9999 -9999 -9999 -9999 -9999 -9999 -9999 -9999 -9999 -9999 -9999 -9999 -9999 -9999 -9999 -9999 -9999 -9999
60 60 60 57 56 55 55 54 54 53 53 52 51 51 50 50 49 49 49 49 50 50 50 48 47 46 47 -9999 -9999 -9999 -9999 -9999 -9999 -9999 -9999 -9999 -9999 -9999 -9999 -9999 -9999 -9999 -9999 -9999 -9999 -9999 -9999 -9999 -9999 -9999 -9999 -9999 -9999 -9999 -9999 -9999 -9999 -9999 -9999 -9999 -9999 -9999 -9999 -9999 -9999 -9999 -9999 -9999 -9999 -9999 -9999 -9999 -9999 -9999 -9999 -9999 -9999 -9999 -9999 -9999 -9999 -9999
