Electronic Materials (Flash Drives)/data/NZclimate/LGM/Miroc_LGM/bio14nz.asc
ncols         384
nrows         384
xllcorner     164
yllcorner     -49
cellsize      0.041666666666667
NODATA_value  -9999
[rows 185 to 221 of 384, columns 166 to 248 of 384]
-9999 -9999 -9999 -9999 -9999 -9999 -9999 -9999 -9999 -9999 -9999 -9999 -9999 -9999 122 120 118 118 116 115 113 112 110 110 107 107 105 104 103 103 103 103 103 108 119 132 133 133 130 148 144 137 125 113 98 88 85 82 80 78 76 75 73 72 70 69 68 67 66 64 63 62 60 59 57 55 54 52 51 50 47 48 45 45 45 44 44 43 42 41 41 40 39
-9999 -9999 -9999 -9999 -9999 -9999 -9999 -9999 -9999 -9999 -9999 -9999 -9999 124 121 119 118 117 116 115 113 112 110 109 107 106 105 104 104 104 104 118 118 124 132 133 132 130 130 163 147 132 130 117 105 91 83 81 79 80 75 74 73 72 70 69 68 67 66 65 64 63 62 60 59 57 56 54 53 50 49 48 47 48 47 47 46 45 44 43 42 41 40
-9999 -9999 -9999 -9999 -9999 -9999 -9999 -9999 -9999 -9999 -9999 129 126 124 -9999 120 118 117 116 115 114 112 111 109 108 107 105 105 104 109 129 136 133 134 133 133 130 132 146 133 125 121 119 122 108 96 86 86 85 90 77 73 72 72 70 70 69 68 67 67 66 65 64 62 61 59 58 56 55 52 52 50 49 50 49 49 48 47 46 45 43 42 40
-9999 -9999 -9999 -9999 -9999 -9999 -9999 -9999 -9999 -9999 -9999 -9999 -9999 124 122 120 119 118 117 115 114 112 111 109 108 106 106 105 105 125 138 142 136 136 137 131 131 134 125 123 122 119 121 118 108 97 95 102 98 92 80 79 73 71 70 70 69 69 69 68 67 66 65 64 63 62 61 59 58 54 53 53 54 53 52 51 50 49 48 46 45 43 41
-9999 -9999 -9999 -9999 -9999 -9999 -9999 -9999 -9999 -9999 -9999 -9999 126 125 123 122 120 119 117 116 114 112 111 109 108 107 106 106 126 132 134 132 134 135 131 133 126 125 128 136 138 130 114 114 108 98 103 105 105 94 91 78 73 71 69 70 70 70 69 69 68 68 67 67 66 65 63 62 62 58 57 59 56 56 56 56 53 52 50 48 46 44 42
-9999 -9999 -9999 -9999 -9999 -9999 -9999 -9999 135 133 131 129 127 126 124 123 121 119 118 116 114 112 111 109 108 106 106 106 126 117 123 127 129 131 134 137 125 123 133 136 121 121 117 109 107 100 102 106 107 97 90 76 73 71 69 70 70 70 70 70 70 69 69 68 67 67 66 65 65 64 63 62 60 61 60 59 58 55 53 50 48 44 42
-9999 -9999 -9999 -9999 -9999 -9999 -9999 138 136 134 131 130 128 127 125 124 122 120 118 116 114 112 110 109 107 106 104 103 114 125 130 138 131 132 136 129 124 121 123 136 133 138 116 106 104 101 101 103 97 90 86 76 72 70 69 71 70 71 71 71 71 71 71 71 70 70 69 68 66 66 65 64 66 65 63 63 62 61 56 54 49 46 42
-9999 -9999 -9999 -9999 -9999 -9999 141 139 137 135 133 130 128 126 126 124 122 120 118 116 114 112 110 109 107 105 102 99 117 137 151 141 135 144 132 139 132 143 123 140 130 117 115 104 101 96 99 96 91 83 76 68 66 68 70 70 71 71 72 73 73 74 74 74 74 73 72 72 71 72 68 70 70 67 68 63 62 61 61 57 53 48 44
-9999 -9999 -9999 -9999 -9999 -9999 142 141 138 137 134 132 129 127 126 124 122 120 118 116 114 112 110 108 107 104 100 96 120 140 141 134 138 138 140 134 125 133 137 128 125 117 108 102 97 94 97 91 86 80 73 65 64 68 70 70 71 72 73 74 76 76 77 81 79 78 78 74 74 74 68 73 72 72 71 64 62 62 61 59 56 49 45
-9999 -9999 -9999 -9999 -9999 144 144 141 139 137 135 132 130 128 126 124 122 120 118 116 114 112 110 108 106 103 99 -9999 115 128 125 127 131 134 138 133 137 116 136 128 129 122 106 100 98 100 97 93 81 74 70 63 62 67 69 70 71 72 74 76 77 79 81 81 79 79 73 74 78 68 72 77 71 76 70 64 70 62 62 59 52 49 49
-9999 -9999 -9999 -9999 147 146 144 142 139 137 135 133 131 129 126 124 122 120 118 116 114 112 110 108 106 103 99 94 110 125 117 125 129 125 138 126 131 113 124 126 127 115 104 105 105 100 94 84 75 69 67 64 64 63 67 70 71 73 75 81 82 83 82 78 79 73 71 71 75 75 77 75 66 74 69 67 63 67 63 57 53 49 48
-9999 -9999 -9999 150 149 146 144 141 139 137 135 133 131 129 126 124 122 119 117 115 114 112 110 107 105 103 100 96 102 111 113 116 128 118 118 121 112 113 124 115 107 115 114 108 96 87 79 74 71 66 65 62 62 63 65 67 71 73 78 80 82 81 75 81 83 77 77 70 75 68 71 73 71 78 79 74 69 65 63 59 56 52 50
-9999 -9999 153 151 149 146 144 141 139 138 136 133 131 129 126 124 122 119 117 115 114 112 109 107 105 103 101 99 100 104 105 115 114 122 125 120 119 110 107 106 105 114 126 99 90 76 81 72 70 64 62 61 59 -9999 64 64 68 76 79 81 77 74 73 86 86 75 71 70 75 69 73 72 70 74 74 74 70 66 62 59 54 48 45
-9999 154 153 152 149 147 144 142 139 137 135 133 131 129 127 124 122 120 117 116 114 111 109 107 106 104 102 100 102 100 103 121 108 118 125 123 115 106 109 119 117 107 100 97 88 75 74 71 70 65 61 57 56 62 67 70 73 76 77 75 74 75 79 83 82 83 77 77 74 71 69 67 68 67 70 62 62 62 60 57 53 46 44
-9999 155 153 151 149 147 144 142 140 137 135 134 131 129 127 124 122 120 118 116 114 111 109 108 106 103 101 101 100 101 113 122 113 125 128 118 109 111 109 114 120 100 87 82 79 72 73 72 72 72 67 59 58 62 67 69 74 75 74 72 72 77 80 78 75 74 69 65 70 64 64 62 62 62 60 60 60 62 57 55 50 47 43
-9999 155 153 150 149 147 144 142 139 137 135 133 131 129 127 125 122 120 119 117 114 112 109 107 104 102 98 101 100 102 103 115 128 124 129 130 113 117 111 112 114 100 86 81 76 70 73 80 76 73 68 60 58 62 68 72 74 73 74 71 71 72 68 67 70 71 63 67 66 62 61 60 56 58 59 57 59 57 53 50 48 44 41
-9999 155 152 150 149 147 145 142 140 138 135 133 131 129 127 125 123 121 119 118 115 113 110 107 104 100 105 106 101 100 107 130 132 131 123 119 120 123 116 114 106 97 87 74 78 70 77 83 78 71 62 59 60 64 70 71 73 72 70 69 68 67 67 65 65 64 63 62 62 59 57 57 53 54 51 51 49 48 48 45 44 42 40
-9999 155 152 150 148 146 144 143 140 138 136 133 131 128 126 124 123 122 120 118 116 113 110 106 102 112 116 109 104 106 122 133 124 122 127 126 121 112 109 103 100 95 96 75 79 78 80 81 73 65 63 65 68 71 73 73 75 70 68 70 66 71 64 64 63 62 59 60 57 55 53 45 42 39 40 42 44 44 43 41 41 40 39
-9999 155 153 151 148 146 144 143 140 138 136 133 131 128 126 125 123 123 121 119 116 114 110 105 109 114 118 118 118 131 118 129 120 119 121 123 116 111 111 106 105 98 91 81 89 77 78 82 74 72 76 74 74 74 72 74 78 73 71 76 65 64 62 60 61 58 59 56 50 45 40 37 35 34 35 37 38 39 40 39 37 38 37
157 156 153 151 149 146 144 142 139 138 135 133 131 129 127 125 124 123 121 119 116 113 108 104 112 111 122 121 120 116 103 112 113 121 125 119 118 115 122 122 112 101 96 89 89 85 82 83 77 80 80 78 75 74 75 75 74 73 65 64 62 61 60 59 58 57 54 49 45 40 36 34 33 33 34 34 35 36 36 36 35 35 35
158 156 154 151 149 147 144 142 139 137 135 133 131 128 127 126 125 123 121 119 115 111 107 118 117 113 114 133 131 118 100 114 129 128 120 112 121 112 123 110 113 102 96 94 90 89 87 80 85 84 81 84 75 72 72 69 68 71 66 62 60 57 56 55 54 52 49 46 42 38 35 34 34 39 35 34 35 37 34 34 34 34 34
159 156 153 151 149 147 144 141 139 136 134 132 130 129 127 126 124 122 120 117 114 110 117 121 120 119 126 148 138 125 103 111 122 125 114 121 115 108 105 105 108 101 98 96 90 89 88 84 87 83 83 90 73 70 68 69 65 63 61 58 57 56 54 53 51 49 46 42 41 41 42 43 38 40 40 36 34 32 32 33 33 33 33
159 156 153 151 149 146 143 141 138 136 134 132 130 129 128 126 124 121 118 115 113 118 132 133 129 119 120 143 134 118 117 126 126 119 112 117 107 102 100 105 104 100 97 97 92 89 87 86 83 80 91 91 71 69 67 66 63 61 60 58 56 54 52 50 49 46 45 45 46 49 48 48 45 39 34 32 32 31 30 31 32 32 32
159 156 153 150 148 146 143 140 137 135 133 131 130 130 130 127 124 120 117 122 120 128 151 144 127 122 125 140 128 132 125 124 117 106 105 109 97 96 101 104 102 100 97 97 94 91 89 86 83 78 83 78 71 69 66 65 62 60 58 56 55 52 50 49 48 46 48 47 45 51 44 39 36 32 32 30 30 29 29 30 31 31 31
159 156 153 150 147 145 142 139 136 134 132 131 132 134 131 131 129 126 124 123 129 141 147 135 125 123 125 128 135 132 114 115 121 111 99 95 96 107 107 101 101 99 97 95 93 91 87 84 83 76 74 73 67 66 65 61 62 57 64 54 52 50 50 49 46 47 49 51 58 57 42 36 36 35 34 31 30 28 29 33 32 31 31
158 156 152 149 146 143 141 138 136 134 132 131 135 134 132 130 127 126 128 149 151 146 136 122 123 123 110 126 115 106 99 98 92 89 94 92 105 102 102 102 100 99 97 95 93 90 83 83 78 78 74 79 66 63 61 58 65 86 59 52 54 50 55 46 47 57 56 58 62 44 38 39 42 41 42 38 32 31 33 33 32 31 31
158 155 152 148 145 142 140 137 135 134 132 131 134 132 131 130 128 126 142 143 131 134 124 119 119 118 113 111 109 109 105 97 99 91 94 89 101 92 102 102 99 97 95 91 88 87 84 85 78 76 90 72 64 75 59 58 78 69 51 54 50 53 50 51 56 67 51 43 41 41 41 42 44 41 37 35 33 33 34 32 32 31 31
157 154 151 148 144 141 138 137 134 133 132 130 132 131 131 133 146 159 138 129 128 120 119 118 115 112 117 135 130 115 109 98 97 92 104 97 103 93 100 100 98 95 93 90 96 85 87 85 74 94 90 87 63 70 57 92 82 56 50 59 51 64 51 49 49 50 43 42 45 43 49 49 51 44 38 39 34 34 34 33 32 31 31
157 153 150 147 143 140 138 136 134 133 131 128 132 132 133 141 167 179 152 152 132 125 126 115 113 111 122 143 136 115 119 101 100 93 103 101 104 97 99 97 96 93 91 109 103 82 102 79 79 98 83 69 88 60 73 86 62 64 68 62 65 59 53 45 43 43 46 52 53 52 50 45 46 44 42 36 34 34 33 33 32 31 31
156 152 148 146 143 140 137 134 133 132 129 132 140 135 135 169 184 172 149 168 135 136 126 111 111 112 133 143 127 119 100 107 107 101 104 108 102 101 96 98 97 91 90 108 95 84 95 74 84 87 94 79 70 62 77 88 85 83 78 55 50 49 45 44 52 55 57 80 52 47 44 44 45 43 45 37 34 34 33 32 31 31 31
154 151 148 145 142 139 136 135 133 131 128 137 147 136 139 180 185 162 170 169 157 133 113 109 110 128 145 141 133 120 99 111 124 108 102 101 97 94 93 104 101 92 90 107 89 99 89 73 85 102 99 86 82 90 79 86 77 82 79 56 45 47 47 50 96 105 88 61 46 45 44 48 45 40 38 35 34 34 33 32 32 31 31
154 150 146 144 141 138 136 134 131 129 136 143 148 144 152 187 184 182 175 167 151 117 109 109 113 130 134 139 137 125 108 114 115 102 94 100 100 96 90 108 93 111 92 109 109 104 93 71 88 92 94 88 93 73 68 68 70 81 46 45 45 60 62 80 98 112 69 46 47 46 48 45 43 40 37 35 34 34 34 33 32 32 32
153 149 146 144 141 138 136 134 130 127 144 157 137 144 188 190 186 178 179 171 130 113 107 112 129 136 132 135 136 128 108 113 103 102 103 106 113 97 93 118 96 108 111 110 92 85 78 80 77 94 77 90 80 64 60 66 49 43 44 49 46 62 87 94 52 47 47 48 48 48 48 46 43 38 36 35 35 34 34 33 33 33 33
153 149 145 142 140 138 135 134 131 133 145 139 148 182 193 185 177 181 173 144 119 124 106 125 129 133 140 132 132 133 110 98 100 99 99 112 117 99 91 117 104 113 111 111 94 97 105 79 79 76 64 66 58 55 55 48 45 51 56 60 65 93 61 51 48 51 48 51 54 49 49 48 43 39 38 36 35 34 34 34 33 33 33
153 149 145 142 140 138 136 135 132 133 138 154 167 187 194 185 183 168 131 119 119 125 125 130 132 130 125 131 135 133 114 97 100 106 105 105 125 106 90 111 115 100 98 112 95 86 85 76 67 73 63 59 54 73 54 53 62 71 59 58 78 48 50 52 49 49 70 90 51 51 53 48 44 41 39 37 36 35 34 34 33 33 32
151 148 144 141 138 136 136 135 131 134 156 170 187 197 188 185 150 132 120 118 122 132 141 142 122 141 139 136 134 133 112 97 98 104 105 106 125 115 91 100 120 91 100 91 88 93 93 77 66 68 71 60 64 67 68 65 59 50 47 47 48 54 48 49 58 62 108 62 50 50 51 50 41 42 39 37 36 35 32 -9999 -9999 -9999 -9999
151 148 144 141 138 136 136 135 130 136 181 203 202 187 153 144 135 124 116 125 124 140 151 148 137 140 139 133 134 127 108 98 99 103 103 104 122 99 107 110 102 83 96 85 83 91 89 82 71 86 72 57 60 58 58 56 50 49 54 53 52 49 49 59 97 90 70 51 54 55 59 42 41 41 39 38 36 -9999 -9999 -9999 -9999 -9999 -9999
