Electronic Materials (Flash Drives)/data/NZclimate/LGM/Miroc_LGM/bio12nz.asc
ncols         384
nrows         384
xllcorner     164
yllcorner     -49
cellsize      0.041666666666667
NODATA_value  -9999
[rows 280 to 314 of 384, columns 79 to 157 of 384]
-9999 -9999 -9999 -9999 -9999 -9999 4018 3631 3494 2951 2814 2687 2683 2690 2714 2531 2448 2412 2478 2313 2136 2421 2487 2070 1786 1717 2170 1968 1679 2433 2534 2186 1898 1471 1399 1581 1907 1738 2111 1307 789 906 1171 648 618 598 585 586 647 1079 924 726 663 661 673 771 931 896 1482 1578 1135 1103 861 1311 1301 1089 785 649 487 615 732 870 689 478 454 474 482 490 509
-9999 -9999 -9999 -9999 -9999 3451 3560 3149 2786 2685 2643 2833 2880 3129 2514 2362 2382 2454 2446 2104 2029 2365 2114 2010 1662 1560 1545 1536 1810 2422 2164 1869 1792 1429 1105 1634 2162 1877 1263 1047 1171 1460 1371 824 576 582 568 541 543 720 932 869 814 628 660 662 657 939 1087 1708 1182 777 669 844 1541 1221 1011 779 582 523 712 1269 1104 571 467 470 470 499 554
-9999 -9999 -9999 3297 3117 3082 2724 2920 2923 2584 2528 2667 2471 2373 2332 2502 2448 2314 2343 2196 1936 2188 2305 2320 1604 1539 1342 1422 2038 2226 2167 2293 1851 1536 1174 1737 1998 1722 1166 1368 1693 1361 746 671 1205 1060 772 632 518 528 825 676 564 524 605 639 695 769 815 1204 1078 823 597 633 1326 1202 980 713 906 675 588 952 1261 684 500 470 464 471 496
-9999 3252 3098 2942 2744 3006 2650 2662 2556 2470 2504 2431 2376 2294 2347 2311 2364 2289 2125 1878 1909 2046 1922 2423 1796 1378 1267 1617 2099 2106 1766 1843 1488 1182 1131 1690 1631 1332 1190 1515 1039 800 625 1099 1484 1453 1334 1231 632 492 499 499 509 520 595 767 1108 1027 942 663 844 637 555 545 947 1162 914 924 1037 911 771 849 1203 852 620 514 470 471 472
3005 3023 2724 2767 2735 2701 2512 2463 2425 2370 2440 2300 2244 2201 2151 2133 2120 2287 2171 1850 1826 2066 1644 1874 2120 1288 1205 1512 1839 2100 1567 1439 1183 1043 1558 1631 1136 1518 1249 1811 1190 659 950 1569 1678 1870 1466 841 490 468 472 473 498 729 895 1187 1204 1304 886 545 553 533 524 525 670 1122 1092 1070 1009 916 704 693 920 1004 924 597 551 483 481
2688 2692 2709 2546 2507 2470 2457 2381 2332 2335 2206 2166 2267 2148 1983 1930 2114 1941 1768 1823 1774 2066 1941 1476 1548 1219 1174 1423 2135 1594 1391 1306 1148 977 1245 1276 1178 1031 1118 1414 953 1038 1359 1642 1846 1536 706 467 456 456 458 479 595 945 1066 854 1049 775 552 484 508 484 524 594 556 718 1087 1054 921 859 789 814 903 901 677 659 600 534 532
2627 2564 2703 2477 2408 2343 2330 2339 2266 2242 2232 2056 1983 1923 1887 1811 2032 1692 1916 1988 2061 1623 1794 1619 1316 1164 1136 1151 1677 1513 1452 1060 944 1123 1069 858 749 774 1338 1347 1089 1299 1198 1528 1428 667 462 447 459 504 555 635 657 830 882 674 622 513 469 452 461 468 516 519 550 598 751 954 959 893 751 767 777 658 566 538 560 559 516
2483 2438 2472 2443 2295 2259 2272 2263 2122 2016 2163 2136 1997 1887 1948 1770 1907 1591 2027 1798 2102 1841 1410 1446 1977 1310 1092 1000 1258 1540 1195 1064 1112 812 707 667 637 632 853 1203 1269 988 847 1195 845 468 440 450 627 847 1041 1042 834 734 637 492 454 444 436 431 491 555 486 479 491 520 581 588 569 521 493 510 572 766 660 609 540 521 516
2384 2340 2290 2231 2202 2136 2110 2174 2089 2029 1865 2064 1900 1674 1684 1759 1805 1534 1730 1930 2062 1790 1529 1538 1898 1659 1012 959 1596 1474 962 1303 906 756 690 686 859 878 754 613 641 624 613 610 587 443 431 553 917 1262 1369 1091 682 498 454 439 433 424 417 447 532 438 467 532 475 467 491 488 477 463 452 457 561 870 760 666 598 576 572
2295 2230 2228 2286 2229 2146 1943 2178 2003 1844 1692 1802 1694 1597 1602 1863 1474 1473 1721 1865 1821 1912 1291 1675 1688 1437 970 950 1036 878 807 766 730 697 668 785 1941 1763 1248 946 777 560 768 603 447 433 464 695 1004 1255 841 566 452 444 432 418 409 419 431 425 416 469 614 476 426 426 429 430 425 435 417 431 482 722 899 759 617 595 607
2277 2172 2096 2066 2031 2071 1855 1801 2005 1961 1757 1482 1405 1378 1377 1401 1350 1801 1805 1683 1648 1711 1226 1475 1625 1169 953 899 866 827 792 930 1402 688 655 895 1728 1756 1343 1018 762 794 860 706 465 450 587 508 481 634 490 441 431 433 421 396 417 436 408 412 453 623 519 422 392 387 393 388 391 402 402 417 463 539 815 705 721 652 639
2104 2127 2181 2091 1847 1787 1729 1632 1574 1667 1735 1509 1246 1224 1226 1234 1325 1563 1641 1838 1332 1341 1685 1283 1518 1038 1158 1110 1099 1286 1320 1441 1144 862 649 919 1667 1812 1461 1094 783 932 1047 908 532 488 651 746 428 440 421 416 408 397 425 459 450 411 409 433 576 641 491 397 381 370 368 363 368 378 387 404 445 507 638 814 719 775 706
2067 2222 2113 2020 2003 1990 1917 1765 1454 1401 1285 1223 1150 1118 1127 1141 1249 1527 1392 1712 1209 1499 1576 1501 1038 1140 1378 1481 1351 1468 1172 1030 822 726 641 1056 1690 1661 1511 979 686 774 1083 903 673 587 527 520 390 378 387 382 379 391 430 493 420 410 427 514 659 649 512 395 375 366 357 352 356 368 379 400 445 534 546 630 807 783 696
2132 2092 1900 2044 2046 1981 1977 1948 1752 1306 1235 1162 1093 1064 1065 1148 1204 1494 1231 1637 1431 1255 1363 1276 1030 1134 1617 1380 1156 1019 1148 1083 1369 1079 642 951 1377 1693 1386 810 806 1007 1439 1218 946 694 612 458 379 374 376 377 385 410 451 452 430 428 461 516 605 675 473 388 374 370 368 376 418 502 466 420 479 589 539 529 587 626 640
2061 2092 1764 1817 1792 1930 1937 1785 1744 1506 1150 1112 1045 1046 1039 1105 1099 1158 1447 1375 1513 1205 1276 1050 1184 1448 1532 1271 1320 1335 1353 1287 1175 1391 651 705 1429 1483 1096 947 1243 1319 1552 1370 1149 1068 850 502 410 385 394 418 412 427 451 487 491 503 556 605 641 642 444 388 381 388 408 502 638 640 535 423 467 534 585 542 513 559 631
1977 2034 1871 1591 1634 1454 1785 1793 1708 1488 1097 1064 1011 1038 1007 1021 1212 1088 1180 1238 1260 1031 1006 1224 1655 1392 1440 1467 1519 1406 1175 901 1053 1069 657 772 1378 1133 841 1211 1406 1462 1330 1346 1197 1306 1092 587 454 434 493 459 461 542 528 542 543 585 641 653 708 574 404 395 406 511 624 806 855 764 504 423 498 526 572 575 518 514 533
1954 1962 1979 1965 1816 1545 1355 1249 1173 1116 1074 1019 992 977 1008 981 1022 1015 1135 999 1092 1086 996 1354 1622 1296 1103 1092 1053 893 849 845 882 678 777 1282 1138 845 1113 1388 1474 1272 1240 1161 1350 1271 1076 551 457 490 605 568 612 581 579 605 627 680 688 780 742 544 428 435 449 629 781 895 886 625 426 440 509 563 531 540 567 572 545
1964 1710 1804 1964 1761 1657 1839 1678 1271 1079 1035 991 975 964 950 1063 1029 1088 1011 1035 1113 984 1380 1297 1443 1414 1049 900 1099 892 751 743 694 681 830 1247 944 1066 1242 1420 1409 1198 1011 1000 1132 1323 1009 560 443 531 607 658 649 641 624 623 633 720 830 783 652 521 504 504 566 808 944 901 608 431 435 501 546 538 553 567 581 600 602
1760 1674 1662 1858 1778 1632 1419 1379 1158 1047 1004 978 957 940 936 1027 994 992 904 922 958 1331 1292 1371 1483 1203 1222 876 1008 914 792 769 790 681 720 933 1121 1256 1327 1298 1106 1085 857 832 1030 1138 1048 605 452 463 544 694 680 662 662 639 655 719 712 641 541 502 522 615 755 880 949 591 430 433 479 562 534 537 592 599 620 605 613
1818 1543 1521 1541 1332 1256 1189 1132 1086 1029 1003 965 950 933 922 941 913 895 896 886 994 1153 1047 1203 1203 970 974 937 795 766 763 721 738 690 797 804 991 1198 1282 1193 1027 902 700 648 923 928 956 583 444 469 557 660 712 729 699 678 659 647 615 574 521 568 672 757 859 910 648 437 431 461 525 551 541 571 608 668 654 636 619
1544 1580 1476 1337 1278 1226 1166 1110 1059 1016 980 951 930 917 913 900 880 937 947 882 889 883 976 922 879 889 870 817 789 751 726 735 759 715 739 845 896 1019 961 992 958 716 638 751 833 835 822 573 466 515 552 568 599 686 727 658 637 656 597 603 675 748 722 719 779 779 461 438 448 477 518 552 558 607 666 700 663 650 642
1781 1670 1396 1662 1520 1196 1141 1089 1048 1008 977 963 933 916 900 893 929 947 886 865 831 913 976 821 875 819 781 777 768 804 796 753 722 801 918 855 916 840 699 690 683 633 840 1050 883 740 833 758 515 534 542 570 596 630 658 632 624 720 676 708 738 729 709 715 732 590 464 460 468 497 524 551 583 657 693 687 701 686 692
1675 1440 1734 1736 1750 1339 1131 1113 1057 1004 975 966 988 1044 1120 1070 1104 1205 884 860 818 823 898 810 797 779 771 764 786 1026 903 799 751 902 812 817 790 739 672 658 645 741 957 958 831 710 834 788 554 538 553 554 594 687 705 686 728 808 788 755 815 784 695 596 536 501 499 499 501 519 544 582 619 673 715 703 725 708 636
1588 1422 1859 1619 1545 1583 1238 1104 1096 1002 981 1112 1400 1467 1437 1332 988 1049 870 829 820 809 797 792 784 780 772 772 835 846 892 855 759 856 777 756 757 707 688 677 722 771 872 817 693 670 702 647 598 584 582 580 587 628 730 779 864 880 804 864 863 766 644 614 593 593 581 570 568 562 576 601 657 701 707 740 750 726 686
1522 1555 1716 1716 1487 1739 1291 1075 1042 1002 1004 1357 1458 1488 1292 1061 937 1010 875 820 813 808 800 795 789 783 778 799 839 810 817 808 747 781 782 747 720 714 704 753 737 855 760 723 707 721 714 665 641 628 623 625 608 610 631 714 878 890 885 898 849 743 637 634 604 589 611 596 596 594 604 633 667 713 771 791 808 793 747
1582 1488 1707 1581 1305 1281 1127 1079 1056 1020 1045 1291 1451 1508 1334 1061 943 899 853 824 810 803 814 844 831 795 784 783 806 798 778 786 754 747 742 731 728 726 724 749 805 860 771 749 725 731 725 704 682 668 679 652 661 635 640 690 767 844 904 895 831 721 723 699 684 673 681 689 684 667 650 670 710 746 798 822 850 870 680
1452 1492 1690 1666 1257 1147 1111 1080 1037 1002 1042 1355 1415 1254 1226 961 1017 954 926 862 811 804 804 848 836 804 791 783 784 792 778 761 747 740 732 726 739 797 758 778 780 831 801 752 715 718 722 709 704 700 691 680 704 665 674 664 736 753 800 835 830 755 732 707 694 674 676 702 701 697 701 716 738 780 841 878 879 938 787
1663 1394 1669 1422 1190 1147 1123 1072 1038 1001 975 1026 1089 1033 965 943 987 987 933 842 815 821 820 810 834 811 801 799 791 782 785 765 750 735 730 720 736 748 793 780 782 795 772 763 754 757 740 736 730 726 716 710 712 706 669 682 728 739 743 747 730 715 719 731 732 725 729 732 714 700 712 725 755 815 874 921 897 958 958
1593 1313 1570 1263 1191 1272 1138 1094 1032 997 971 947 944 939 961 948 920 973 884 827 816 864 896 809 802 796 822 850 821 794 788 775 759 735 723 713 707 724 766 743 768 810 769 773 762 749 743 750 750 747 768 755 734 711 681 668 670 721 758 757 734 734 750 767 778 778 793 839 799 610 608 649 638 649 740 937 949 774 848
1639 1469 1289 1290 1331 1173 1139 1063 1028 995 965 940 918 918 925 896 872 895 890 822 818 866 885 805 795 801 847 912 898 864 803 788 774 747 726 715 708 721 751 752 751 765 758 770 762 758 765 771 768 791 839 775 727 714 711 665 637 637 675 731 737 730 777 803 797 817 829 837 665 549 562 590 640 729 697 755 753 690 729
1350 1558 1405 1257 1178 1142 1100 1058 1024 996 963 937 920 906 890 878 873 871 851 824 820 867 896 831 797 809 876 935 930 951 932 821 770 757 751 732 726 728 763 756 759 761 773 779 779 781 782 788 835 895 822 768 723 708 696 653 625 647 644 657 669 725 818 834 822 711 661 602 575 568 634 707 692 724 673 703 600 661 648
1322 1313 1252 1212 1169 1128 1094 1057 1024 999 968 941 930 916 956 900 875 860 843 824 812 828 853 860 800 800 882 948 919 979 985 979 955 913 853 780 754 754 764 776 785 778 790 790 792 804 788 810 858 813 798 739 692 668 654 631 675 697 628 619 641 778 814 818 791 683 627 601 596 619 671 660 546 632 641 647 635 645 638
1322 1292 1246 1209 1169 1133 1104 1071 1035 1001 985 958 947 929 941 912 885 863 842 822 805 799 795 797 794 797 832 904 992 1008 1013 1007 974 960 919 890 903 874 793 793 809 803 806 814 816 817 795 823 810 780 732 695 661 629 613 649 678 641 638 644 693 740 746 733 708 646 613 639 682 643 643 550 585 597 633 650 656 658 652
1353 1294 1247 1213 1167 1136 1103 1079 1043 1013 997 973 964 948 935 918 902 878 846 820 802 795 791 785 785 794 808 836 887 908 1031 1029 1023 1012 990 982 937 943 864 819 826 827 838 829 857 848 820 812 792 753 707 672 638 608 593 615 615 638 684 732 649 649 684 645 639 645 708 717 728 648 627 630 633 633 637 639 646 648 640
1467 1332 1241 1205 1170 1139 1105 1080 1051 1027 1008 992 976 977 953 942 925 901 862 822 806 796 789 780 781 794 828 824 844 894 1013 1046 1044 1041 1025 974 909 882 866 850 874 883 861 853 859 847 832 825 788 758 711 662 623 594 580 585 604 639 687 699 634 605 606 609 613 657 785 763 672 652 629 636 634 639 642 641 642 644 647
