Electronic Materials (Flash Drives)/data/NZclimate/LGM/Miroc_LGM/bio13nz.asc
ncols         384
nrows         384
xllcorner     164
yllcorner     -49
cellsize      0.041666666666667
NODATA_value  -9999
[rows 72 to 107 of 384, columns 246 to 327 of 384]
131 137 147 138 136 136 140 140 142 145 147 151 153 152 152 154 156 157 160 163 166 172 174 175 179 183 187 202 194 194 193 193 194 194 199 204 197 187 185 185 183 182 183 183 184 184 183 -9999 -9999 -9999 -9999 -9999 -9999 -9999 -9999 -9999 -9999 -9999 -9999 -9999 -9999 -9999 -9999 -9999 -9999 -9999 -9999 -9999 -9999 -9999 -9999 -9999 -9999 -9999 -9999 -9999 -9999 -9999 -9999 -9999 -9999 -9999
131 134 140 144 149 155 151 146 148 146 147 147 149 150 151 153 154 156 158 161 165 169 171 174 179 185 214 226 203 201 196 195 196 196 198 201 198 193 190 188 187 186 186 185 186 186 183 -9999 -9999 -9999 -9999 -9999 -9999 -9999 -9999 -9999 -9999 -9999 -9999 -9999 -9999 -9999 -9999 -9999 -9999 -9999 -9999 -9999 -9999 -9999 -9999 -9999 -9999 -9999 -9999 -9999 -9999 -9999 -9999 -9999 -9999 -9999
126 131 135 137 145 148 143 142 145 147 148 147 148 150 151 152 153 155 158 159 161 165 169 173 180 187 213 215 212 212 203 202 199 198 196 196 195 194 192 191 190 188 187 186 185 183 182 -9999 -9999 -9999 -9999 -9999 -9999 -9999 -9999 -9999 -9999 -9999 -9999 -9999 -9999 -9999 -9999 -9999 -9999 -9999 -9999 -9999 -9999 -9999 -9999 -9999 -9999 -9999 -9999 -9999 -9999 -9999 -9999 -9999 -9999 -9999
124 129 135 137 138 142 144 145 146 148 149 148 148 148 149 150 150 152 155 158 160 164 169 173 180 198 208 211 216 210 206 206 203 198 197 195 194 193 192 190 190 189 186 184 180 -9999 -9999 -9999 -9999 -9999 -9999 -9999 -9999 -9999 -9999 -9999 -9999 -9999 -9999 -9999 -9999 -9999 -9999 -9999 -9999 -9999 -9999 -9999 -9999 -9999 -9999 -9999 -9999 -9999 -9999 -9999 -9999 -9999 -9999 -9999 -9999 -9999
120 127 135 138 140 143 148 151 151 150 151 148 147 147 148 148 149 150 153 191 206 169 172 175 182 198 204 225 226 212 205 205 201 198 198 197 195 193 192 193 191 188 186 181 -9999 -9999 -9999 -9999 -9999 -9999 -9999 -9999 -9999 -9999 -9999 -9999 -9999 -9999 -9999 -9999 -9999 -9999 -9999 -9999 -9999 -9999 -9999 -9999 -9999 -9999 -9999 -9999 -9999 -9999 -9999 -9999 -9999 -9999 -9999 -9999 -9999 -9999
121 125 133 137 140 142 147 151 153 155 156 152 150 147 147 146 146 147 149 173 184 164 171 175 181 194 202 212 210 207 200 203 202 198 199 197 194 192 191 191 190 189 187 182 -9999 -9999 -9999 -9999 -9999 -9999 -9999 -9999 -9999 -9999 -9999 -9999 -9999 -9999 -9999 -9999 -9999 -9999 -9999 -9999 -9999 -9999 -9999 -9999 -9999 -9999 -9999 -9999 -9999 -9999 -9999 -9999 -9999 -9999 -9999 -9999 -9999 -9999
123 127 131 135 139 143 146 151 154 158 160 160 163 154 148 145 144 145 147 149 154 158 165 170 176 181 187 202 209 213 212 205 203 197 196 195 193 193 193 192 192 190 187 182 -9999 -9999 -9999 -9999 -9999 -9999 -9999 -9999 -9999 -9999 -9999 -9999 -9999 -9999 -9999 -9999 -9999 -9999 -9999 -9999 -9999 -9999 -9999 -9999 -9999 -9999 -9999 -9999 -9999 -9999 -9999 -9999 -9999 -9999 -9999 -9999 -9999 -9999
121 126 129 135 139 144 148 151 159 164 162 158 155 152 145 144 141 141 144 147 150 155 160 166 170 176 181 186 205 208 224 201 201 197 196 197 197 196 194 192 192 190 187 180 -9999 -9999 -9999 -9999 -9999 -9999 -9999 -9999 -9999 -9999 -9999 -9999 -9999 -9999 -9999 -9999 -9999 -9999 -9999 -9999 -9999 -9999 -9999 -9999 -9999 -9999 -9999 -9999 -9999 -9999 -9999 -9999 -9999 -9999 -9999 -9999 -9999 -9999
121 127 132 135 139 147 150 156 160 161 158 154 151 148 147 141 139 138 141 143 147 152 156 161 167 172 178 183 188 197 217 200 200 197 198 198 199 198 197 195 193 190 186 179 -9999 -9999 -9999 -9999 -9999 -9999 -9999 -9999 -9999 -9999 -9999 -9999 -9999 -9999 -9999 -9999 -9999 -9999 -9999 -9999 -9999 -9999 -9999 -9999 -9999 -9999 -9999 -9999 -9999 -9999 -9999 -9999 -9999 -9999 -9999 -9999 -9999 -9999
121 125 130 133 139 146 148 154 157 159 158 154 150 145 143 138 135 134 136 139 144 148 153 158 163 169 175 180 183 187 190 194 195 196 197 198 202 205 201 196 192 189 187 180 -9999 -9999 -9999 -9999 -9999 -9999 -9999 -9999 -9999 -9999 -9999 -9999 -9999 -9999 -9999 -9999 -9999 -9999 -9999 -9999 -9999 -9999 -9999 -9999 -9999 -9999 -9999 -9999 -9999 -9999 -9999 -9999 -9999 -9999 -9999 -9999 -9999 -9999
122 124 127 131 138 146 152 152 156 158 157 152 146 139 139 132 130 130 132 136 140 145 150 156 161 166 173 178 182 185 189 192 195 196 197 199 222 210 204 195 192 189 187 180 172 -9999 -9999 -9999 -9999 -9999 -9999 -9999 -9999 -9999 -9999 -9999 -9999 -9999 -9999 -9999 -9999 -9999 -9999 -9999 -9999 -9999 -9999 -9999 -9999 -9999 -9999 -9999 -9999 -9999 -9999 -9999 -9999 -9999 -9999 -9999 -9999 -9999
124 123 126 130 136 146 147 151 155 153 152 145 140 133 129 126 125 126 129 132 136 141 147 153 158 170 187 207 185 188 190 192 194 196 198 199 200 201 200 196 194 191 188 183 175 -9999 -9999 -9999 -9999 -9999 -9999 -9999 -9999 -9999 -9999 -9999 -9999 -9999 -9999 -9999 -9999 -9999 -9999 -9999 -9999 -9999 -9999 -9999 -9999 -9999 -9999 -9999 -9999 -9999 -9999 -9999 -9999 -9999 -9999 -9999 -9999 -9999
125 123 126 129 134 143 146 149 150 148 145 140 133 127 122 120 120 122 124 128 133 138 144 150 156 169 221 242 211 199 213 196 198 198 199 199 200 199 197 195 194 191 188 185 181 170 -9999 -9999 -9999 -9999 -9999 -9999 -9999 -9999 -9999 -9999 -9999 -9999 -9999 -9999 -9999 -9999 -9999 -9999 -9999 -9999 -9999 -9999 -9999 -9999 -9999 -9999 -9999 -9999 -9999 -9999 -9999 -9999 -9999 -9999 -9999 -9999
126 125 128 128 134 139 144 146 146 143 140 132 127 121 117 114 115 117 121 125 130 135 142 147 153 159 185 216 219 209 213 198 201 202 204 206 207 205 201 196 195 193 189 186 182 175 -9999 -9999 -9999 -9999 -9999 -9999 -9999 -9999 -9999 -9999 -9999 -9999 -9999 -9999 -9999 -9999 -9999 -9999 -9999 -9999 -9999 -9999 -9999 -9999 -9999 -9999 -9999 -9999 -9999 -9999 -9999 -9999 -9999 -9999 -9999 -9999
122 129 125 128 133 139 142 143 143 138 134 129 123 117 113 110 111 114 118 123 127 134 139 145 152 158 164 178 193 201 203 214 198 196 204 200 214 233 208 203 217 202 193 187 182 176 -9999 -9999 -9999 -9999 -9999 -9999 -9999 -9999 -9999 -9999 -9999 -9999 -9999 -9999 -9999 -9999 -9999 -9999 -9999 -9999 -9999 -9999 -9999 -9999 -9999 -9999 -9999 -9999 -9999 -9999 -9999 -9999 -9999 -9999 -9999 -9999
121 125 129 128 132 136 139 140 141 136 132 126 119 114 110 110 110 113 116 120 126 131 137 143 150 155 162 170 191 204 225 213 190 199 200 194 215 227 207 213 209 208 199 188 182 178 172 -9999 -9999 -9999 -9999 -9999 -9999 -9999 -9999 -9999 -9999 -9999 -9999 -9999 -9999 -9999 -9999 -9999 -9999 -9999 -9999 -9999 -9999 -9999 -9999 -9999 -9999 -9999 -9999 -9999 -9999 -9999 -9999 -9999 -9999 -9999
120 123 127 130 131 138 141 141 139 135 130 123 117 114 113 111 112 114 118 121 126 132 138 144 148 154 161 170 198 227 226 216 224 201 200 198 211 198 205 207 206 204 199 192 186 180 173 163 -9999 -9999 -9999 -9999 -9999 -9999 -9999 -9999 -9999 -9999 -9999 -9999 -9999 -9999 -9999 -9999 -9999 -9999 -9999 -9999 -9999 -9999 -9999 -9999 -9999 -9999 -9999 -9999 -9999 -9999 -9999 -9999 -9999 -9999
119 121 124 130 131 137 139 141 138 133 128 124 122 116 114 114 118 116 119 122 127 137 137 143 147 153 159 168 190 203 233 231 215 206 214 220 226 216 206 206 205 200 198 197 189 177 165 -9999 -9999 -9999 -9999 -9999 -9999 -9999 -9999 -9999 -9999 -9999 -9999 -9999 -9999 -9999 -9999 -9999 -9999 -9999 -9999 -9999 -9999 -9999 -9999 -9999 -9999 -9999 -9999 -9999 -9999 -9999 -9999 -9999 -9999 -9999
118 121 122 126 131 134 138 141 136 129 127 126 123 119 125 121 124 120 123 128 131 142 151 142 147 151 157 172 183 187 213 230 211 214 228 223 216 203 202 198 194 193 194 191 184 172 161 -9999 -9999 -9999 -9999 -9999 -9999 -9999 -9999 -9999 -9999 -9999 -9999 -9999 -9999 -9999 -9999 -9999 -9999 -9999 -9999 -9999 -9999 -9999 -9999 -9999 -9999 -9999 -9999 -9999 -9999 -9999 -9999 -9999 -9999 -9999
117 119 121 123 130 132 134 135 132 126 124 126 122 123 125 124 119 122 121 127 136 140 136 140 146 149 155 161 183 196 212 230 235 231 212 206 222 202 200 190 181 181 184 183 180 176 169 160 -9999 -9999 -9999 -9999 -9999 -9999 -9999 -9999 -9999 -9999 -9999 -9999 -9999 -9999 -9999 -9999 -9999 -9999 -9999 -9999 -9999 -9999 -9999 -9999 -9999 -9999 -9999 -9999 -9999 -9999 -9999 -9999 -9999 -9999
117 118 120 121 127 130 131 131 128 124 121 124 128 128 128 119 117 117 118 122 128 131 138 139 143 148 152 168 188 188 229 235 219 208 202 219 211 210 193 194 185 179 175 173 176 179 179 173 164 -9999 -9999 -9999 -9999 -9999 -9999 -9999 -9999 -9999 -9999 -9999 -9999 -9999 -9999 -9999 -9999 -9999 -9999 -9999 -9999 -9999 -9999 -9999 -9999 -9999 -9999 -9999 -9999 -9999 -9999 -9999 -9999 -9999
116 117 118 118 123 127 129 128 126 124 121 127 137 138 126 121 122 118 126 130 125 128 138 136 141 144 149 153 188 219 233 257 226 212 200 209 206 214 230 190 187 183 179 178 180 182 182 174 163 -9999 -9999 -9999 -9999 -9999 -9999 -9999 -9999 -9999 -9999 -9999 -9999 -9999 -9999 -9999 -9999 -9999 -9999 -9999 -9999 -9999 -9999 -9999 -9999 -9999 -9999 -9999 -9999 -9999 -9999 -9999 -9999 -9999
115 117 117 116 119 124 135 133 125 123 121 122 122 122 119 117 123 121 136 128 125 130 139 140 137 140 143 149 165 188 210 242 257 227 205 212 230 217 230 183 186 183 182 186 198 191 186 172 156 -9999 -9999 -9999 -9999 -9999 -9999 -9999 -9999 -9999 -9999 -9999 -9999 -9999 -9999 -9999 -9999 -9999 -9999 -9999 -9999 -9999 -9999 -9999 -9999 -9999 -9999 -9999 -9999 -9999 -9999 -9999 -9999 -9999
100 112 112 113 114 121 132 122 122 119 118 116 116 118 116 119 125 124 129 123 129 151 150 146 144 132 140 143 148 166 197 238 249 236 240 253 255 245 204 185 186 180 179 187 193 192 181 167 153 -9999 -9999 -9999 -9999 -9999 -9999 -9999 -9999 -9999 -9999 -9999 -9999 -9999 -9999 -9999 -9999 -9999 -9999 -9999 -9999 -9999 -9999 -9999 -9999 -9999 -9999 -9999 -9999 -9999 -9999 -9999 -9999 -9999
112 111 113 113 114 118 119 118 117 117 117 116 114 115 116 119 121 123 122 128 154 173 181 200 163 134 126 137 141 144 197 256 259 276 291 274 261 223 200 251 192 189 181 179 179 176 168 157 -9999 -9999 -9999 -9999 -9999 -9999 -9999 -9999 -9999 -9999 -9999 -9999 -9999 -9999 -9999 -9999 -9999 -9999 -9999 -9999 -9999 -9999 -9999 -9999 -9999 -9999 -9999 -9999 -9999 -9999 -9999 -9999 -9999 -9999
111 111 112 112 113 115 115 119 119 118 117 117 116 116 117 117 119 126 141 136 149 169 187 197 151 131 118 128 131 135 190 253 266 253 278 255 200 202 219 234 195 190 178 167 167 167 162 150 -9999 -9999 -9999 -9999 -9999 -9999 -9999 -9999 -9999 -9999 -9999 -9999 -9999 -9999 -9999 -9999 -9999 -9999 -9999 -9999 -9999 -9999 -9999 -9999 -9999 -9999 -9999 -9999 -9999 -9999 -9999 -9999 -9999 -9999
109 111 112 111 112 113 115 119 119 118 117 118 119 119 119 119 119 128 146 138 141 153 170 168 134 126 111 121 122 127 180 242 231 219 277 221 217 239 215 195 188 186 175 163 160 161 153 -9999 -9999 -9999 -9999 -9999 -9999 -9999 -9999 -9999 -9999 -9999 -9999 -9999 -9999 -9999 -9999 -9999 -9999 -9999 -9999 -9999 -9999 -9999 -9999 -9999 -9999 -9999 -9999 -9999 -9999 -9999 -9999 -9999 -9999 -9999
109 111 111 110 111 112 114 118 121 120 119 119 120 121 120 120 121 125 142 146 138 147 156 141 132 121 106 115 116 121 135 172 190 224 264 219 219 230 195 222 187 186 184 177 167 156 143 -9999 -9999 -9999 -9999 -9999 -9999 -9999 -9999 -9999 -9999 -9999 -9999 -9999 -9999 -9999 -9999 -9999 -9999 -9999 -9999 -9999 -9999 -9999 -9999 -9999 -9999 -9999 -9999 -9999 -9999 -9999 -9999 -9999 -9999 -9999
108 110 110 110 111 111 112 115 125 123 121 121 124 123 124 125 127 136 147 144 130 129 127 126 131 121 112 113 113 118 119 125 176 244 282 250 242 219 198 203 185 184 184 179 167 152 139 -9999 -9999 -9999 -9999 -9999 -9999 -9999 -9999 -9999 -9999 -9999 -9999 -9999 -9999 -9999 -9999 -9999 -9999 -9999 -9999 -9999 -9999 -9999 -9999 -9999 -9999 -9999 -9999 -9999 -9999 -9999 -9999 -9999 -9999 -9999
107 109 110 110 111 112 113 115 123 130 123 122 126 125 128 130 127 131 127 116 114 115 116 120 134 139 113 111 110 110 110 110 121 149 242 253 264 244 191 206 182 181 176 168 158 145 138 138 141 139 -9999 -9999 -9999 -9999 -9999 -9999 -9999 -9999 -9999 -9999 -9999 -9999 -9999 -9999 -9999 -9999 -9999 -9999 -9999 -9999 -9999 -9999 -9999 -9999 -9999 -9999 -9999 -9999 -9999 -9999 -9999 -9999
109 110 111 112 113 114 115 116 117 134 130 123 123 122 123 122 123 126 119 118 114 113 114 120 125 126 113 111 109 109 108 109 114 128 189 233 276 260 209 196 177 175 169 160 152 144 145 232 203 167 147 -9999 -9999 -9999 -9999 -9999 -9999 -9999 -9999 -9999 -9999 -9999 -9999 -9999 -9999 -9999 -9999 -9999 -9999 -9999 -9999 -9999 -9999 -9999 -9999 -9999 -9999 -9999 -9999 -9999 -9999 -9999
110 110 109 111 113 115 117 117 118 123 135 125 123 123 128 133 131 134 127 116 114 112 124 117 121 124 133 113 109 107 108 109 112 120 161 224 273 277 247 227 203 174 169 161 154 148 152 206 204 169 147 -9999 -9999 -9999 -9999 -9999 -9999 -9999 -9999 -9999 -9999 -9999 -9999 -9999 -9999 -9999 -9999 -9999 -9999 -9999 -9999 -9999 -9999 -9999 -9999 -9999 -9999 -9999 -9999 -9999 -9999 -9999
110 110 108 110 112 114 116 116 118 120 130 131 132 153 141 140 134 137 124 117 115 112 113 113 113 119 153 132 109 108 109 110 113 118 157 250 260 274 246 228 236 170 171 166 160 158 154 155 164 158 142 126 -9999 -9999 -9999 -9999 -9999 -9999 -9999 -9999 -9999 -9999 -9999 -9999 -9999 -9999 -9999 -9999 -9999 -9999 -9999 -9999 -9999 -9999 -9999 -9999 -9999 -9999 -9999 -9999 -9999 -9999
111 112 112 112 112 114 115 116 118 120 125 136 156 149 142 134 127 128 122 117 116 114 112 117 117 129 162 155 118 108 109 110 113 116 135 227 205 207 201 216 195 165 167 163 160 158 155 154 155 151 146 138 126 -9999 -9999 -9999 -9999 -9999 -9999 -9999 -9999 -9999 -9999 -9999 -9999 -9999 -9999 -9999 -9999 -9999 -9999 -9999 -9999 -9999 -9999 -9999 -9999 -9999 -9999 -9999 -9999 -9999
111 115 117 116 116 117 117 118 120 121 132 139 150 147 144 138 137 125 121 118 114 114 112 117 128 127 142 169 160 118 109 110 112 122 163 213 189 202 204 204 174 167 165 161 159 156 154 149 143 138 140 140 135 126 -9999 -9999 -9999 -9999 -9999 -9999 -9999 -9999 -9999 -9999 -9999 -9999 -9999 -9999 -9999 -9999 -9999 -9999 -9999 -9999 -9999 -9999 -9999 -9999 -9999 -9999 -9999 -9999
111 116 117 118 117 118 119 120 121 121 121 138 136 135 144 137 134 126 121 118 117 116 115 115 119 122 167 141 133 124 108 109 111 114 138 229 227 257 231 208 167 164 169 161 157 154 150 141 132 127 133 138 138 133 125 -9999 -9999 -9999 -9999 -9999 -9999 -9999 -9999 -9999 -9999 -9999 -9999 -9999 -9999 -9999 126 -9999 -9999 -9999 -9999 -9999 -9999 -9999 -9999 -9999 -9999 -9999
