Electronic Materials (Flash Drives)/data/NZclimate/LGM/Miroc_LGM/bio12nz.asc
ncols         384
nrows         384
xllcorner     164
yllcorner     -49
cellsize      0.041666666666667
NODATA_value  -9999
[rows 105 to 139 of 384, columns 237 to 315 of 384]
-9999 -9999 -9999 -9999 -9999 -9999 -9999 -9999 994 1048 1061 1061 1061 1068 1083 1099 1114 1140 1165 1225 1343 1563 1496 1447 1378 1316 1331 1259 1203 1189 1150 1139 1193 1215 1356 1725 1660 1216 1093 1107 1125 1167 1231 1419 2339 2107 2111 2030 2167 1946 1622 1626 1580 1540 1512 1473 1459 1457 1419 1373 1295 1181 -9999 -9999 -9999 -9999 -9999 -9999 -9999 -9999 -9999 -9999 -9999 -9999 -9999 -9999 -9999 -9999 -9999
-9999 -9999 -9999 -9999 -9999 -9999 -9999 -9999 -9999 1047 1088 1108 1099 1098 1113 1122 1140 1160 1177 1290 1371 1496 1476 1456 1407 1415 1290 1242 1194 1153 1144 1139 1189 1331 1315 1515 1804 1709 1213 1092 1117 1154 1297 1724 2217 1955 2072 2077 2067 1729 1645 1610 1562 1527 1496 1456 1408 1349 1304 1313 1312 1265 1184 -9999 -9999 -9999 -9999 -9999 -9999 -9999 -9999 -9999 -9999 -9999 -9999 -9999 -9999 -9999 -9999
-9999 -9999 -9999 -9999 -9999 -9999 -9999 -9999 -9999 1047 1100 1119 1127 1121 1128 1143 1151 1166 1178 1182 1362 1352 1354 1446 1393 1383 1301 1243 1202 1183 1167 1159 1162 1208 1250 1780 1488 1394 1271 1085 1101 1134 1195 1463 2393 2362 2668 2383 2131 1666 1622 1655 1564 1513 1478 1424 1344 1252 1198 1246 1291 1289 1247 1174 -9999 -9999 -9999 -9999 -9999 -9999 -9999 -9999 -9999 -9999 -9999 -9999 -9999 -9999 -9999
-9999 -9999 -9999 -9999 -9999 -9999 -9999 -9999 1003 1066 1091 1107 1127 1136 1127 1136 1153 1165 1176 1183 1290 1326 1450 1484 1442 1364 1307 1301 1242 1235 1207 1204 1270 1179 1151 1182 1149 1170 1198 1073 1085 1116 1170 1309 2481 2777 2718 2377 1867 1652 1604 1607 1586 1529 1503 1457 1371 1302 1280 1304 1322 1332 1316 1283 1229 1137 -9999 -9999 -9999 -9999 -9999 -9999 -9999 -9999 -9999 -9999 -9999 -9999 1451
-9999 -9999 -9999 -9999 -9999 -9999 -9999 -9999 983 1080 1105 1116 1132 1136 1126 1138 1157 1178 1195 1193 1203 1387 1474 1477 1469 1350 1404 1480 1329 1255 1249 1307 1232 1171 1150 1141 1145 1302 1255 1074 1077 1104 1186 1301 1662 2040 2807 2346 1725 1597 1570 1565 1551 1551 1466 1433 1379 1345 1341 1345 1372 1388 1379 1364 1330 1233 1110 -9999 -9999 -9999 -9999 -9999 -9999 -9999 -9999 -9999 -9999 -9999 -9999
-9999 -9999 -9999 -9999 -9999 -9999 -9999 -9999 1032 1093 1109 1122 1140 1147 1147 1159 1171 1188 1201 1205 1212 1401 1386 1454 1445 1436 1545 1586 1415 1371 1403 1311 1217 1191 1165 1144 1132 1157 1137 1087 1077 1102 1190 1299 1417 1538 2047 2331 1771 1603 1557 1542 1535 1494 1454 1392 1367 1346 1331 1349 1429 1504 1411 1396 1343 1263 1188 1127 -9999 -9999 -9999 -9999 -9999 -9999 -9999 1148 1184 1201 1179
-9999 -9999 -9999 -9999 -9999 -9999 -9999 998 1088 1120 1134 1141 1151 1163 1165 1174 1183 1188 1191 1205 1225 1232 1386 1387 1421 1506 1515 1505 1536 1526 1415 1264 1233 1203 1175 1155 1142 1127 1123 1122 1100 1125 1178 1271 1392 1501 1829 2540 2024 1719 1598 1546 1492 1451 1410 1378 1378 1359 1359 1367 1453 1484 1395 1383 1350 1292 1244 1232 1189 1152 1144 1100 -9999 1114 1180 1212 1231 1229 1206
-9999 -9999 -9999 -9999 -9999 -9999 -9999 -9999 1092 1132 1160 1165 1175 1200 1207 1191 1196 1196 1201 1211 1231 1242 1424 1394 1413 1485 1477 1558 1641 1516 1327 1279 1248 1214 1184 1162 1148 1135 1126 1180 1127 1170 1212 1259 1354 1441 1513 2386 2400 2090 1881 1690 1550 1465 1431 1352 1357 1384 1402 1380 1381 1377 1375 1367 1363 1331 1267 1243 1230 1225 1213 1204 1214 1225 1230 1234 1226 1205 1187
-9999 -9999 -9999 -9999 -9999 -9999 -9999 1067 1112 1141 1165 1171 1177 1178 1175 1178 1184 1198 1208 1223 1236 1244 1397 1402 1468 1412 1432 1592 1680 1414 1309 1290 1260 1221 1189 1168 1158 1146 1272 1217 1164 1189 1226 1287 1332 1397 1452 1691 2426 2354 2157 1992 1791 1503 1455 1467 1511 1555 1398 1400 1397 1369 1374 1353 1340 1334 1310 1287 1274 1273 1270 1268 1261 1248 1240 1239 1225 1214 1214
-9999 -9999 -9999 -9999 -9999 -9999 1077 1116 1144 1164 1177 1185 1180 1148 1128 1140 1151 1177 1202 1212 1229 1242 1233 1462 1391 1340 1445 1760 1695 1374 1326 1286 1269 1229 1196 1173 1161 1157 1220 1364 1357 1260 1268 1313 1320 1355 1404 1468 2357 2394 2261 2016 1612 1614 1635 1892 1955 1749 1425 1395 1389 1374 1382 1352 1276 1316 1312 1296 1292 1291 1291 1284 1265 1253 1249 1245 1236 1239 1254
-9999 -9999 -9999 -9999 -9999 -9999 1108 1139 1145 1139 1127 1130 1116 1095 1099 1112 1127 1152 1173 1200 1245 1324 1442 1388 1408 1396 1433 1647 1681 1475 1335 1312 1287 1243 1204 1178 1169 1166 1253 1502 1526 1682 1406 1367 1333 1329 1376 1490 2233 2387 2024 1947 1883 1879 1948 2145 2279 1844 1620 1484 1404 1370 1356 1355 1351 1347 1297 1266 1246 1250 1252 1254 1263 1276 1275 1262 1259 1264 1284
-9999 -9999 -9999 -9999 -9999 -9999 1142 1150 1121 1075 1036 1020 1033 1047 1066 1090 1106 1128 1154 1203 1281 1985 2088 1623 1564 1651 1754 1500 1674 1661 1363 1329 1316 1269 1220 1188 1185 1179 1176 1324 1427 1585 1654 1413 1313 1328 1356 1417 1863 2317 2041 1971 2030 2099 2157 2186 2111 2014 1813 1604 1461 1425 1429 1420 1449 1383 1359 1359 1301 1245 1241 1248 1264 1292 1329 1330 1306 1298 1303
-9999 -9999 -9999 -9999 -9999 1079 1172 1164 1129 1075 1040 1025 1040 1057 1070 1094 1111 1122 1143 1177 1247 1580 1710 1653 1823 1948 2191 1657 1656 1547 1388 1352 1319 1291 1240 1213 1201 1191 1189 1187 1248 1404 1382 1334 1313 1334 1377 1417 1622 2190 2196 2124 2164 2180 2211 2249 2218 2105 1903 1647 1599 1587 1593 1569 1544 1553 1491 1581 1656 1322 1277 1263 1277 1291 1320 1352 1347 1337 1325
-9999 -9999 -9999 -9999 -9999 1150 1211 1218 1198 1162 1128 1110 1112 1125 1135 1144 1154 1156 1159 1173 1196 1458 1492 1486 1727 1789 2044 1923 2005 1772 1508 1370 1345 1301 1267 1252 1232 1213 1218 1303 1218 1275 1336 1354 1367 1344 1381 1431 1654 2192 2149 2182 2201 2270 2221 2179 2120 2037 1884 1772 1804 1803 1721 1781 1707 1642 1679 1891 1512 1327 1301 1277 1291 1332 1363 1414 1385 1374 1352
-9999 -9999 -9999 -9999 1097 1192 1226 1254 1260 1250 1240 1231 1224 1220 1218 1219 1223 1222 1226 1229 1230 1546 1454 1369 1559 1939 2197 2224 2505 2582 2109 1430 1364 1336 1299 1268 1248 1222 1236 1435 1366 1400 1318 1381 1441 1374 1386 1478 1653 1961 2190 2217 2222 2214 2155 2101 2025 1961 1933 1871 1932 1938 1932 2036 2027 2017 2115 2024 1488 1377 1352 1338 1344 1370 1430 1548 1457 1430 1411
-9999 -9999 -9999 -9999 1197 1237 1262 1276 1306 1323 1290 1219 1208 1244 1258 1256 1254 1254 1268 1276 1268 1365 1450 1464 1749 1961 1889 2184 2541 2477 2122 1525 1373 1338 1313 1294 1267 1257 1465 1635 2133 1799 1367 1379 1479 1406 1412 1504 1640 1820 2044 2154 2162 2136 2085 1964 1919 1908 1883 1843 1885 1965 2101 2115 2167 2172 2108 1686 1479 1442 1414 1399 1503 1490 1477 1650 1526 1494 1447
-9999 -9999 1121 1185 1248 1264 1276 1286 1313 1305 1231 1172 1177 1223 1279 1281 1265 1262 1280 1296 1298 1406 1442 1388 1423 1534 1791 2151 2279 2090 1659 1423 1441 1411 1333 1287 1282 1289 1388 1601 1675 1499 1366 1381 1420 1440 1472 1536 1664 1834 1999 2056 2088 2043 1885 1717 1642 1643 1656 1771 1934 1997 2100 2178 2145 2104 1774 1583 1562 1503 1456 1574 1619 1536 1519 1590 1625 1613 1527
1196 1243 1274 1282 1279 1277 1289 1293 1295 1277 1242 1211 1208 1225 1294 1333 1290 1276 1296 1427 1792 1401 1375 1406 1482 1532 1879 2118 2069 1849 1632 1482 1431 1361 1354 1348 1274 1276 1343 1425 1427 1401 1413 1416 1457 1485 1513 1552 1621 1730 1899 1995 2025 1992 1746 1871 1570 1531 1536 1842 2040 2022 2210 2079 2038 2025 1697 1574 1674 1593 1529 1659 1553 1536 1543 1597 1620 1613 1551
1311 1302 1297 1305 1303 1299 1304 1309 1305 1301 1298 1296 1277 1268 1295 1315 1292 1281 1295 1569 1602 1640 1491 1602 1924 1807 2107 2204 1943 1715 1694 1502 1406 1388 1403 1387 1319 1363 1406 1381 1425 1462 1418 1499 1502 1519 1528 1548 1624 1672 1697 1899 2006 2032 1796 1653 1491 1484 1627 1823 1707 1999 2265 1817 1646 1570 1540 1620 1705 1705 1600 1745 1591 1535 1549 1617 1614 1583 1599
1334 1322 1309 1309 1303 1302 1310 1307 1309 1323 1331 1372 1398 1352 1303 1285 1280 1286 1292 1410 1589 1792 2092 1891 2113 2012 2320 2375 2041 1915 1829 1458 1403 1376 1376 1345 1427 1421 1437 1419 1487 1533 1554 1507 1559 1556 1568 1563 1615 1692 1764 1886 2022 2068 1905 1701 1551 1521 1790 1704 1542 1573 1709 1773 1677 1620 1621 1753 1760 1673 1558 1684 1717 1655 1575 1653 1645 1600 1804
1353 1335 1324 1319 1322 1329 1327 1329 1329 1331 1330 1356 1407 1389 1343 1315 1309 1312 1307 1274 1779 1964 2113 2175 2265 2253 2406 2311 2015 1786 1551 1437 1380 1375 1371 1515 1450 1522 1597 1639 1590 1740 1669 1537 1608 1630 1612 1570 1585 1609 1706 1818 1916 1816 1779 1542 1474 1531 1590 1715 1543 1498 1875 2230 1882 1715 1709 1776 1721 1593 1487 1563 1842 1957 1670 1751 1874 1671 1918
1357 1342 1330 1336 1355 1351 1347 1346 1335 1328 1327 1327 1359 1371 1356 1355 1347 1337 1320 1270 1908 1712 1849 2003 2125 2184 2204 2213 1870 1673 1503 1449 1479 1485 1693 1533 1503 1667 1770 1762 1734 1757 1615 1498 1568 1626 1646 1568 1570 1597 1627 1686 1707 1565 1550 1400 1406 1498 1692 1638 1483 1447 1517 1666 1670 1668 1678 1675 1595 1498 1456 1671 1864 1936 1786 1661 1821 1630 1923
1366 1354 1341 1354 1374 1365 1355 1350 1342 1344 1351 1350 1343 1331 1329 1349 1350 1330 1306 1456 1756 2151 2233 2256 2232 2243 2253 2192 1936 1685 1523 1594 1621 1692 1821 1536 1719 2011 1973 1947 1867 1696 1573 1462 1492 1550 1550 1504 1543 1642 1506 1425 1451 1418 1367 1331 1315 1356 1454 1544 1436 1430 1490 1519 1553 1548 1586 1571 1470 1379 1444 1778 1876 1914 1623 1565 1668 1698 1732
1379 1352 1354 1372 1371 1368 1357 1356 1365 1379 1382 1369 1344 1331 1329 1338 1347 1331 1486 2115 1834 2333 2444 2315 2287 2274 2294 2173 1919 1578 1659 1603 1736 1770 1739 1652 1884 2219 2294 2169 1932 1669 1519 1470 1454 1405 1361 1445 1685 1593 1370 1319 1301 1405 1355 1267 1362 1452 1432 1320 1327 1429 1508 1538 1505 1516 1513 1464 1352 1297 1333 1962 1935 1845 1623 1578 1753 1792 1882
1444 1394 1377 1372 1365 1372 1346 1342 1370 1382 1380 1363 1344 1336 1349 1358 1358 1349 1688 2213 2174 2541 2491 2335 2304 2251 2237 2094 1922 1780 1692 1713 1668 1665 1661 1729 1856 2017 2076 2161 1911 1672 1535 1451 1402 1349 1420 1643 1646 1343 1319 1289 1280 1307 1294 1338 1567 1562 1250 1221 1266 1400 1466 1515 1510 1466 1455 1350 1270 1258 1299 1876 1969 1773 1631 1582 1805 1788 1856
1417 1400 1398 1389 1379 1390 1389 1369 1369 1364 1360 1357 1356 1359 1367 1373 1374 1378 1868 2148 2405 2569 2481 2336 2267 2170 2123 1970 1744 1751 1693 1699 1703 1690 1666 1807 1789 1851 1856 1913 1875 1752 1597 1459 1377 1360 1357 1442 1364 1320 1302 1521 1364 1360 1271 1411 1444 1276 1194 1191 1253 1402 1465 1510 1484 1416 1357 1284 1257 1295 1818 1737 1885 1606 1711 1644 1904 1782 1972
1369 1383 1401 1400 1385 1400 1456 1423 1374 1361 1361 1374 1373 1374 1385 1386 1385 1400 1798 1983 2330 2627 2381 2294 2211 2052 2005 1780 1767 1762 1684 1657 1640 1652 1666 1698 1687 1719 1750 1839 1821 1798 1676 1522 1455 1427 1442 1575 1497 1424 1383 1633 1568 1512 1230 1275 1295 1198 1164 1174 1240 1348 1455 1487 1444 1381 1356 1280 1283 1464 2116 1759 1930 1736 1706 1767 1859 2016 1979
1359 1377 1401 1416 1407 1406 1452 1423 1374 1367 1368 1372 1379 1380 1389 1388 1386 1401 1842 2232 2484 2713 2301 2194 2005 1988 1931 1726 1752 1684 1753 1784 1742 1746 1654 1620 1795 1700 1701 1788 1837 1991 1976 2011 1619 1460 1482 1539 1553 1441 1448 1581 1502 1338 1259 1175 1160 1180 1148 1163 1270 1381 1443 1414 1380 1395 1353 1408 1407 1535 1812 1836 1809 1711 1662 1975 1934 1918 2021
1378 1390 1410 1418 1398 1396 1404 1388 1370 1375 1386 1377 1382 1381 1384 1385 1386 1398 1809 2223 2366 2587 2249 1882 1721 1717 1706 1650 1669 1629 1621 1728 1758 1721 1669 1709 1619 1591 1745 1781 1886 2319 2298 1819 1574 1500 1520 1658 1732 1557 1538 1490 1453 1325 1218 1197 1170 1159 1148 1220 1402 1528 1449 1353 1341 1356 1388 1509 1518 1511 1842 2039 1995 1921 1728 1972 2025 1956 2325
1405 1414 1421 1410 1389 1394 1402 1400 1381 1383 1396 1393 1389 1390 1391 1387 1381 1508 1935 2041 2193 1870 1849 1835 1593 1589 1663 1608 1620 1771 1596 1626 1763 1697 1539 1426 1445 1530 1616 1689 2050 2353 2150 1777 1542 1499 1550 1605 1558 1600 1562 1427 1312 1230 1191 1162 1159 1130 1165 1378 1525 1559 1454 1379 1394 1376 1569 1510 1476 1479 1791 1815 1927 1758 1823 2144 2273 2430 2581
1414 1413 1410 1399 1395 1396 1401 1402 1399 1394 1387 1391 1390 1396 1398 1388 1390 1487 1744 1894 2009 2076 2300 2213 1634 1758 1680 1823 1870 1821 1755 1784 1836 1608 1439 1436 1502 1604 1615 1978 2411 2439 2066 1730 1589 1477 1462 1435 1401 1350 1489 1445 1287 1194 1237 1170 1166 1204 1393 1479 1536 1522 1481 1461 1464 1531 1640 1521 1451 1671 1828 1949 1859 1770 1928 2287 2365 2589 2478
1410 1406 1402 1393 1390 1389 1386 1386 1391 1389 1372 1373 1384 1398 1392 1388 1389 1506 1705 1654 1656 1860 1801 2004 1823 2005 1988 1963 1724 1778 1690 1672 1586 1522 1507 1529 1666 1713 1919 2101 2260 1880 1681 1578 1542 1383 1304 1265 1267 1363 1326 1306 1168 1216 1499 1273 1265 1366 1557 1556 1506 1505 1524 1542 1598 1707 1655 1526 1738 2038 2070 2085 1922 2169 2358 2368 2148 2459 2442
1398 1396 1394 1390 1384 1385 1385 1387 1383 1382 1375 1378 1404 1414 1404 1398 1405 1536 1678 1809 1926 2034 2073 1927 2025 2088 1965 1856 1682 1632 1619 1559 1566 1479 1469 1418 1617 2026 2256 2464 2111 1898 1727 1618 1445 1283 1273 1254 1243 1217 1218 1205 1162 1247 1384 1433 1418 1571 1575 1541 1515 1533 1586 1658 1748 1879 1705 1656 2017 2000 1965 1821 1996 2294 2271 2138 2011 2148 2248
1383 1382 1383 1380 1376 1368 1373 1379 1380 1382 1391 1401 1410 1415 1414 1415 1426 1688 1835 1815 1895 2082 2303 2359 2303 2154 1848 1777 1596 1574 1557 1669 1500 1532 1532 1454 1635 2195 2337 2241 2369 2226 1909 1587 1372 1285 1285 1266 1251 1235 1214 1188 1174 1242 1329 1494 1610 1598 1564 1572 1563 1590 1644 1774 1838 1962 1780 1892 2080 1927 2103 1913 2165 2032 2041 1912 1930 1891 1999
1365 1360 1367 1366 1354 1348 1356 1362 1367 1373 1398 1415 1420 1428 1439 1448 1551 1659 1765 1832 2036 2271 2410 2412 2270 2041 1831 1669 1710 1875 1830 1721 1472 1502 1412 1373 1594 1590 1712 2038 2447 2419 2051 1621 1519 1509 1401 1286 1275 1258 1235 1217 1279 1284 1371 1549 1657 1657 1598 1606 1631 1644 1728 1839 1900 2024 1989 2083 2202 2220 2189 1691 2016 1924 2028 2091 2164 1924 1651
