Electronic Materials (Flash Drives)/data/NZclimate/LGM/Miroc_LGM/bio14nz.asc
ncols         384
nrows         384
xllcorner     164
yllcorner     -49
cellsize      0.041666666666667
NODATA_value  -9999
[rows 148 to 184 of 384, columns 166 to 248 of 384]
-9999 -9999 -9999 -9999 -9999 -9999 -9999 -9999 -9999 -9999 -9999 -9999 -9999 -9999 -9999 -9999 -9999 -9999 -9999 -9999 -9999 -9999 -9999 -9999 -9999 -9999 -9999 -9999 -9999 -9999 -9999 -9999 -9999 -9999 -9999 -9999 93 94 92 91 93 97 98 97 95 93 91 91 91 91 90 88 85 84 85 84 84 84 82 82 81 80 79 77 77 76 75 75 77 91 97 106 128 175 180 172 157 148 141 133 126 122 120
-9999 -9999 -9999 -9999 -9999 -9999 -9999 -9999 -9999 -9999 -9999 -9999 -9999 -9999 -9999 -9999 -9999 -9999 -9999 -9999 -9999 -9999 -9999 -9999 -9999 -9999 -9999 -9999 -9999 -9999 -9999 -9999 -9999 -9999 -9999 -9999 94 95 93 91 91 93 94 95 96 95 93 91 90 90 89 88 86 85 85 84 83 83 82 81 80 79 77 76 76 75 75 76 86 92 103 117 141 196 266 241 190 168 149 138 132 125 116
-9999 -9999 -9999 -9999 -9999 -9999 -9999 -9999 -9999 -9999 -9999 -9999 -9999 -9999 -9999 -9999 -9999 -9999 -9999 -9999 -9999 -9999 -9999 -9999 -9999 -9999 -9999 -9999 -9999 -9999 -9999 -9999 -9999 -9999 -9999 -9999 -9999 93 93 93 92 91 90 91 93 94 91 89 88 88 89 88 86 86 85 83 82 82 81 80 79 78 76 75 74 74 74 75 84 93 107 122 150 187 256 270 256 195 161 141 131 124 113
-9999 -9999 -9999 -9999 -9999 -9999 -9999 -9999 -9999 -9999 -9999 -9999 -9999 -9999 -9999 -9999 -9999 -9999 -9999 -9999 -9999 -9999 -9999 -9999 -9999 -9999 -9999 -9999 -9999 -9999 -9999 -9999 -9999 -9999 -9999 -9999 -9999 -9999 91 93 95 93 90 90 92 91 88 86 86 86 87 87 86 85 83 83 82 81 80 79 78 77 75 74 73 72 72 74 82 90 101 118 146 181 257 267 271 205 166 141 125 117 112
-9999 -9999 -9999 -9999 -9999 -9999 -9999 -9999 -9999 -9999 -9999 -9999 -9999 -9999 -9999 -9999 -9999 -9999 -9999 -9999 -9999 -9999 -9999 -9999 -9999 -9999 -9999 -9999 -9999 -9999 -9999 -9999 -9999 -9999 -9999 -9999 -9999 -9999 -9999 90 92 93 93 93 93 91 88 86 86 87 88 87 85 84 83 82 82 81 79 78 77 76 74 73 72 71 71 72 80 84 92 103 120 142 176 204 192 169 149 131 116 108 104
-9999 -9999 -9999 -9999 -9999 -9999 -9999 -9999 -9999 -9999 -9999 -9999 -9999 -9999 -9999 -9999 -9999 -9999 -9999 -9999 -9999 -9999 -9999 -9999 -9999 -9999 -9999 -9999 -9999 101 99 -9999 -9999 -9999 -9999 -9999 -9999 -9999 -9999 -9999 -9999 90 94 95 94 91 88 86 86 87 88 87 85 84 82 82 81 80 79 77 76 75 73 72 71 70 69 70 78 80 84 90 98 106 121 133 131 125 118 110 104 102 100
-9999 -9999 -9999 -9999 -9999 -9999 -9999 -9999 -9999 -9999 -9999 -9999 -9999 -9999 -9999 -9999 -9999 -9999 -9999 -9999 -9999 -9999 -9999 -9999 -9999 -9999 103 103 102 101 101 99 97 95 96 96 94 -9999 -9999 -9999 -9999 90 93 95 93 90 89 87 86 85 85 85 84 83 82 81 80 79 78 76 75 74 73 71 70 69 68 68 69 77 78 80 84 89 93 93 93 95 96 95 93 94 95
-9999 -9999 -9999 -9999 -9999 -9999 -9999 -9999 -9999 -9999 -9999 -9999 -9999 -9999 -9999 -9999 -9999 -9999 -9999 -9999 -9999 -9999 -9999 -9999 -9999 -9999 -9999 103 102 102 101 100 97 95 95 95 95 92 91 91 90 90 92 93 92 90 89 88 86 85 84 84 83 83 82 81 80 78 77 76 74 73 72 70 69 68 67 67 67 67 73 74 77 79 80 79 79 80 82 83 84 90 85
-9999 -9999 -9999 -9999 -9999 -9999 -9999 -9999 -9999 -9999 -9999 -9999 -9999 -9999 -9999 -9999 -9999 -9999 -9999 -9999 -9999 -9999 -9999 107 106 -9999 -9999 -9999 101 101 101 100 98 96 95 95 93 93 92 92 91 90 90 92 92 91 89 87 86 85 83 83 82 82 81 80 79 78 76 75 73 72 71 69 68 67 66 65 65 64 64 71 71 71 71 70 70 70 73 73 76 78 82
-9999 -9999 -9999 -9999 -9999 -9999 -9999 -9999 -9999 -9999 -9999 -9999 -9999 -9999 -9999 -9999 -9999 -9999 -9999 -9999 -9999 -9999 -9999 109 107 105 -9999 -9999 -9999 -9999 99 99 99 98 97 95 93 93 92 92 91 90 89 92 93 90 87 86 85 85 83 83 82 82 81 79 78 77 75 74 72 71 70 68 67 66 65 64 63 63 62 62 62 67 67 65 65 65 66 68 70 71 72
-9999 -9999 -9999 -9999 -9999 -9999 -9999 -9999 -9999 -9999 -9999 -9999 -9999 -9999 -9999 -9999 -9999 -9999 -9999 -9999 -9999 -9999 -9999 108 106 -9999 -9999 -9999 -9999 -9999 -9999 -9999 97 97 96 95 93 93 92 92 90 90 89 90 90 87 86 86 85 84 83 82 82 82 81 79 77 76 75 73 72 70 69 67 66 65 64 63 62 62 61 60 60 60 60 60 59 59 64 65 68 67 67
-9999 -9999 -9999 -9999 -9999 -9999 -9999 -9999 -9999 -9999 -9999 -9999 -9999 -9999 -9999 -9999 -9999 -9999 -9999 -9999 -9999 -9999 -9999 -9999 -9999 -9999 -9999 -9999 -9999 -9999 -9999 -9999 -9999 -9999 -9999 94 94 92 92 91 90 90 89 88 87 87 86 86 84 84 82 81 81 80 80 78 76 75 74 72 71 69 68 66 65 64 63 61 61 60 60 59 59 59 58 58 58 58 58 58 58 65 64
-9999 -9999 -9999 -9999 -9999 -9999 -9999 -9999 -9999 -9999 -9999 -9999 -9999 -9999 -9999 -9999 -9999 -9999 -9999 -9999 -9999 -9999 -9999 -9999 -9999 -9999 -9999 -9999 -9999 -9999 -9999 -9999 -9999 -9999 -9999 94 93 92 91 91 90 89 89 88 87 87 86 85 84 83 81 80 80 79 78 77 75 74 73 72 70 68 67 66 64 63 62 60 60 59 58 58 58 58 57 57 56 56 56 57 57 57 61
-9999 -9999 -9999 -9999 -9999 -9999 -9999 -9999 -9999 -9999 -9999 -9999 -9999 -9999 -9999 -9999 -9999 -9999 -9999 -9999 -9999 -9999 -9999 -9999 -9999 -9999 -9999 -9999 -9999 -9999 -9999 -9999 -9999 -9999 -9999 -9999 92 91 91 90 90 89 89 88 87 86 86 84 83 82 81 80 79 78 77 76 74 73 72 71 69 68 66 65 64 63 61 60 58 58 58 57 57 56 56 55 55 55 55 55 56 56 56
-9999 -9999 -9999 -9999 -9999 -9999 -9999 -9999 -9999 -9999 -9999 -9999 -9999 -9999 -9999 -9999 -9999 -9999 -9999 -9999 -9999 -9999 -9999 -9999 -9999 -9999 -9999 103 102 -9999 -9999 -9999 -9999 -9999 -9999 -9999 -9999 91 90 90 90 89 88 88 87 86 85 84 83 82 81 80 79 77 76 75 74 72 71 70 68 67 66 64 63 62 60 59 57 57 57 56 56 55 55 54 54 54 54 54 54 55 55
-9999 -9999 -9999 -9999 -9999 -9999 -9999 -9999 -9999 -9999 -9999 -9999 -9999 -9999 -9999 -9999 -9999 -9999 -9999 -9999 -9999 -9999 -9999 -9999 -9999 -9999 -9999 -9999 -9999 -9999 -9999 -9999 -9999 -9999 -9999 -9999 -9999 91 90 90 90 89 88 88 87 86 85 83 82 81 80 79 78 77 76 74 73 72 70 69 67 66 66 64 62 61 59 58 57 57 56 55 54 54 54 53 53 53 53 53 53 53 53
-9999 -9999 -9999 -9999 -9999 -9999 -9999 -9999 -9999 -9999 -9999 -9999 -9999 -9999 -9999 -9999 -9999 -9999 -9999 -9999 -9999 -9999 -9999 -9999 -9999 -9999 -9999 -9999 -9999 -9999 -9999 -9999 96 -9999 -9999 92 92 91 91 90 90 89 88 88 87 86 85 84 82 81 80 79 77 76 75 74 72 71 69 68 67 66 64 63 62 60 58 57 57 56 55 54 53 53 53 52 52 52 52 52 52 52 52
-9999 -9999 -9999 -9999 -9999 -9999 -9999 -9999 -9999 -9999 -9999 -9999 -9999 -9999 -9999 -9999 -9999 -9999 -9999 -9999 -9999 -9999 -9999 -9999 -9999 -9999 -9999 -9999 -9999 -9999 -9999 -9999 -9999 -9999 -9999 92 92 91 91 90 90 89 89 88 87 86 85 84 82 81 80 79 77 76 75 73 72 70 69 67 66 64 63 62 61 60 58 57 56 54 53 53 52 51 51 51 51 51 51 51 51 51 51
-9999 -9999 -9999 -9999 -9999 -9999 -9999 -9999 -9999 -9999 -9999 -9999 -9999 -9999 -9999 -9999 -9999 -9999 -9999 -9999 -9999 -9999 -9999 -9999 -9999 -9999 -9999 -9999 -9999 -9999 -9999 -9999 -9999 -9999 -9999 92 92 92 92 92 90 89 88 87 87 86 85 84 82 81 80 78 77 76 74 73 71 70 68 66 65 63 62 61 60 59 57 56 54 53 52 52 51 50 50 50 50 50 50 50 50 50 50
-9999 -9999 -9999 -9999 -9999 -9999 -9999 -9999 -9999 -9999 -9999 -9999 -9999 -9999 -9999 -9999 -9999 -9999 -9999 -9999 -9999 -9999 -9999 -9999 -9999 -9999 -9999 -9999 -9999 -9999 -9999 -9999 -9999 -9999 -9999 93 92 93 93 92 90 89 89 88 87 86 85 84 83 81 80 78 77 75 74 72 71 69 67 66 64 63 61 60 59 58 57 56 54 52 51 50 50 49 48 48 48 48 48 48 48 48 48
-9999 -9999 -9999 -9999 -9999 -9999 -9999 -9999 -9999 -9999 -9999 -9999 -9999 -9999 -9999 -9999 -9999 -9999 -9999 -9999 -9999 -9999 -9999 -9999 -9999 -9999 -9999 -9999 -9999 -9999 -9999 -9999 -9999 -9999 93 92 93 93 93 92 90 89 88 88 87 87 85 84 83 81 80 78 76 75 73 71 70 68 67 65 64 62 61 59 58 57 55 55 53 52 50 49 49 48 48 47 46 47 47 47 47 47 47
-9999 -9999 -9999 -9999 -9999 -9999 -9999 -9999 -9999 -9999 -9999 -9999 -9999 -9999 -9999 -9999 -9999 -9999 -9999 -9999 -9999 -9999 -9999 -9999 -9999 -9999 -9999 -9999 -9999 -9999 -9999 -9999 -9999 -9999 93 93 93 93 92 91 90 90 89 89 87 87 85 84 83 81 80 78 76 74 73 71 69 68 66 65 63 61 60 58 57 56 55 54 53 51 50 48 48 47 47 46 46 45 45 45 45 45 45
-9999 -9999 -9999 -9999 -9999 -9999 -9999 -9999 -9999 -9999 -9999 -9999 -9999 -9999 -9999 -9999 -9999 -9999 -9999 -9999 -9999 -9999 -9999 -9999 -9999 -9999 -9999 -9999 -9999 -9999 -9999 -9999 -9999 94 94 93 93 92 92 91 91 91 89 89 87 86 85 84 82 81 79 78 76 74 72 71 69 68 66 64 63 61 59 58 56 55 54 53 52 51 49 48 47 46 45 45 45 44 44 44 44 44 44
-9999 -9999 -9999 -9999 -9999 -9999 -9999 -9999 -9999 -9999 -9999 -9999 -9999 -9999 -9999 -9999 -9999 -9999 -9999 -9999 -9999 -9999 -9999 -9999 -9999 -9999 -9999 -9999 -9999 -9999 -9999 -9999 -9999 94 94 94 93 93 92 92 91 91 90 89 88 86 85 84 82 81 79 78 76 74 72 70 69 67 66 64 62 60 59 57 55 55 54 52 51 50 48 47 46 45 44 44 44 43 43 43 43 43 43
-9999 -9999 -9999 -9999 -9999 -9999 -9999 -9999 -9999 -9999 -9999 -9999 -9999 -9999 -9999 -9999 -9999 -9999 -9999 -9999 -9999 -9999 -9999 -9999 -9999 -9999 -9999 -9999 -9999 -9999 -9999 95 95 95 95 95 95 95 93 93 92 91 90 89 88 87 85 84 82 81 79 77 76 74 72 70 69 67 65 63 62 60 58 56 55 54 53 52 50 49 48 46 45 44 44 43 43 43 42 42 42 42 42
-9999 -9999 -9999 -9999 -9999 -9999 -9999 -9999 -9999 -9999 -9999 -9999 -9999 -9999 -9999 -9999 -9999 -9999 -9999 -9999 -9999 -9999 -9999 -9999 -9999 -9999 -9999 -9999 -9999 -9999 97 96 96 96 96 95 95 95 93 93 92 92 91 90 88 86 85 84 82 82 80 78 76 74 72 70 68 67 65 63 61 60 58 56 55 54 52 51 49 48 47 46 44 43 43 43 42 41 41 41 41 41 42
-9999 -9999 -9999 -9999 -9999 -9999 -9999 -9999 -9999 -9999 -9999 -9999 -9999 -9999 -9999 -9999 -9999 -9999 -9999 -9999 -9999 -9999 -9999 -9999 -9999 -9999 -9999 -9999 -9999 98 98 97 97 96 96 96 96 95 94 94 93 93 91 90 89 87 85 84 83 81 79 78 76 74 72 70 68 66 64 63 61 59 57 56 54 53 52 50 49 47 46 45 44 43 42 42 41 41 40 40 41 40 41
-9999 -9999 -9999 -9999 -9999 -9999 -9999 -9999 -9999 -9999 -9999 -9999 -9999 -9999 -9999 -9999 -9999 -9999 -9999 -9999 -9999 -9999 -9999 -9999 -9999 -9999 -9999 -9999 98 98 98 98 98 97 97 96 96 96 95 95 94 93 92 91 90 88 86 85 83 81 79 78 76 74 72 70 68 66 64 62 60 59 57 55 54 53 51 50 48 47 45 44 43 42 41 41 41 40 40 40 40 40 40
-9999 -9999 -9999 -9999 -9999 -9999 -9999 -9999 -9999 -9999 -9999 -9999 -9999 -9999 -9999 -9999 -9999 -9999 -9999 -9999 -9999 -9999 -9999 -9999 -9999 -9999 101 100 99 99 99 98 98 98 97 97 96 96 96 96 96 95 94 93 91 89 88 85 83 81 79 78 76 74 72 70 68 66 64 62 60 58 57 55 54 52 51 49 48 46 45 44 43 42 41 40 40 40 40 39 39 39 39
-9999 -9999 -9999 -9999 -9999 -9999 -9999 -9999 -9999 -9999 -9999 -9999 -9999 -9999 -9999 -9999 -9999 -9999 -9999 -9999 -9999 -9999 -9999 -9999 -9999 103 103 102 101 100 99 99 99 98 98 98 97 97 98 98 98 97 95 94 92 90 88 86 84 81 79 78 75 74 71 70 68 66 64 62 60 58 56 54 54 52 50 49 47 46 45 44 42 41 40 40 39 39 39 39 39 39 39
-9999 -9999 -9999 -9999 -9999 -9999 -9999 -9999 -9999 -9999 -9999 -9999 -9999 -9999 -9999 -9999 -9999 -9999 -9999 -9999 -9999 -9999 -9999 105 105 104 104 102 101 100 99 99 99 98 97 97 98 99 99 99 99 98 97 95 93 91 89 86 84 81 79 77 75 73 71 69 67 65 64 62 60 58 56 54 53 52 50 49 47 46 44 43 42 41 40 40 39 39 39 39 38 38 38
-9999 -9999 -9999 -9999 -9999 -9999 -9999 -9999 -9999 -9999 -9999 -9999 -9999 -9999 -9999 -9999 -9999 -9999 -9999 -9999 -9999 -9999 107 107 106 105 104 103 102 101 100 99 98 98 97 98 99 100 100 101 101 100 99 99 97 93 90 87 84 81 78 77 75 73 71 69 67 65 64 62 60 58 56 54 53 52 50 48 47 45 44 43 42 41 40 40 39 38 38 38 38 38 38
-9999 -9999 -9999 -9999 -9999 -9999 -9999 -9999 -9999 -9999 -9999 -9999 -9999 -9999 -9999 -9999 -9999 -9999 -9999 -9999 -9999 -9999 107 107 106 105 104 103 102 101 100 99 99 99 98 99 100 101 103 104 115 114 115 106 102 98 95 91 88 85 81 78 74 72 71 69 67 66 64 62 60 58 56 55 53 52 50 49 47 45 44 43 42 41 40 40 39 39 38 38 38 38 38
-9999 -9999 -9999 -9999 -9999 -9999 -9999 -9999 -9999 -9999 -9999 -9999 -9999 -9999 -9999 -9999 -9999 -9999 -9999 -9999 -9999 109 109 108 107 106 104 103 102 101 101 100 99 99 98 99 101 103 106 117 115 120 119 107 93 97 93 90 87 84 82 78 76 73 71 69 67 65 63 62 60 59 57 55 53 52 51 49 47 46 44 43 42 41 41 40 40 39 39 38 38 38 38
-9999 -9999 -9999 -9999 -9999 -9999 -9999 -9999 -9999 -9999 -9999 -9999 -9999 -9999 -9999 -9999 -9999 -9999 -9999 -9999 111 111 110 109 108 106 105 104 103 102 101 101 99 99 99 100 103 123 121 120 127 128 118 102 87 95 92 88 85 82 80 78 75 73 71 69 67 66 64 62 61 59 57 56 54 52 51 49 48 46 45 44 43 42 41 41 40 40 39 39 38 38 38
-9999 -9999 -9999 -9999 -9999 -9999 -9999 -9999 -9999 -9999 -9999 -9999 -9999 -9999 -9999 -9999 -9999 -9999 114 113 113 112 111 109 108 106 105 104 103 103 101 101 100 99 99 109 116 122 133 134 130 131 116 101 94 94 90 86 83 81 78 77 75 73 71 69 67 66 64 63 61 60 58 56 55 53 51 50 49 47 46 45 44 43 42 42 41 40 40 39 39 38 38
-9999 -9999 -9999 -9999 -9999 -9999 -9999 -9999 -9999 -9999 -9999 -9999 -9999 -9999 -9999 119 117 116 115 114 113 112 110 110 107 107 105 104 103 102 102 101 101 101 107 113 126 136 135 133 137 126 121 111 101 91 87 84 81 79 77 76 74 72 71 69 68 66 65 64 62 61 59 57 56 54 52 51 50 48 47 46 45 43 43 43 42 42 41 40 40 39 38
