Electronic Materials (Flash Drives)/data/NZclimate/LGM/Miroc_LGM/bio12nz.asc
ncols         384
nrows         384
xllcorner     164
yllcorner     -49
cellsize      0.041666666666667
NODATA_value  -9999
[rows 175 to 209 of 384, columns 158 to 236 of 384]
-9999 -9999 -9999 -9999 -9999 -9999 -9999 -9999 -9999 -9999 -9999 -9999 -9999 -9999 -9999 -9999 -9999 -9999 -9999 -9999 -9999 -9999 -9999 -9999 -9999 -9999 -9999 -9999 -9999 -9999 -9999 -9999 -9999 -9999 -9999 -9999 1741 1742 1751 1753 1762 1760 1762 1764 1766 1764 1761 1767 1765 1753 1741 1717 1697 1669 1633 1603 1571 1536 1500 1455 1416 1382 1336 1292 1257 1219 1187 1154 1119 1091 1059 1027 997 969 937 907 882 853 828
-9999 -9999 -9999 -9999 -9999 -9999 -9999 -9999 -9999 -9999 -9999 -9999 -9999 -9999 -9999 -9999 -9999 -9999 -9999 -9999 -9999 -9999 -9999 -9999 -9999 -9999 -9999 -9999 -9999 -9999 -9999 -9999 -9999 -9999 1777 1768 1762 1764 1771 1770 1777 1778 1779 1779 1782 1794 1799 1800 1798 1791 1777 1753 1725 1692 1663 1622 1581 1537 1496 1455 1416 1376 1339 1301 1264 1224 1186 1153 1117 1086 1053 1024 992 961 936 906 880 853 827
-9999 -9999 -9999 -9999 -9999 -9999 -9999 -9999 -9999 -9999 -9999 -9999 -9999 -9999 -9999 -9999 -9999 -9999 -9999 -9999 -9999 -9999 -9999 -9999 -9999 -9999 -9999 -9999 -9999 -9999 -9999 -9999 -9999 1812 1820 1816 1806 1794 1792 1793 1793 1788 1796 1799 1804 1817 1839 1847 1849 1836 1810 1785 1749 1711 1675 1635 1595 1545 1500 1458 1416 1379 1337 1302 1266 1231 1191 1159 1125 1092 1058 1024 992 961 933 907 876 853 830
-9999 -9999 -9999 -9999 -9999 -9999 -9999 -9999 -9999 -9999 -9999 -9999 -9999 -9999 -9999 -9999 -9999 -9999 -9999 -9999 -9999 -9999 -9999 -9999 -9999 -9999 -9999 -9999 -9999 -9999 -9999 1829 1831 1838 1833 1819 1808 1793 1789 1793 1794 1787 1793 1804 1829 1853 1869 1874 1868 1854 1842 1816 1773 1734 1692 1644 1598 1547 1503 1455 1410 1370 1333 1295 1257 1222 1190 1156 1128 1093 1057 1026 992 966 935 905 877 852 828
-9999 -9999 -9999 -9999 -9999 -9999 -9999 -9999 -9999 -9999 -9999 -9999 -9999 -9999 -9999 -9999 -9999 -9999 -9999 -9999 -9999 -9999 -9999 -9999 -9999 -9999 -9999 -9999 -9999 -9999 1858 1867 1863 1849 1836 1825 1823 1810 1803 1793 1796 1804 1811 1832 1858 1880 1901 1914 1917 1904 1892 1911 1861 1793 1730 1672 1613 1555 1495 1441 1400 1369 1334 1298 1259 1223 1191 1160 1129 1097 1062 1029 998 968 941 909 883 856 834
-9999 -9999 -9999 -9999 -9999 -9999 -9999 -9999 -9999 -9999 -9999 -9999 -9999 -9999 -9999 -9999 -9999 -9999 -9999 -9999 -9999 -9999 -9999 -9999 -9999 -9999 -9999 -9999 -9999 -9999 1857 1866 1867 1857 1850 1843 1837 1818 1806 1803 1807 1821 1836 1847 1871 1913 1946 1977 2263 2253 2273 2087 1985 1917 1844 1774 1710 1651 1563 1470 1393 1353 1322 1293 1260 1231 1196 1161 1129 1097 1064 1033 1003 977 945 918 891 863 842
-9999 -9999 -9999 -9999 -9999 -9999 -9999 -9999 -9999 -9999 -9999 -9999 -9999 -9999 -9999 -9999 -9999 -9999 -9999 -9999 -9999 -9999 -9999 -9999 -9999 -9999 -9999 -9999 -9999 1884 1885 1885 1879 1866 1854 1847 1839 1833 1828 1827 1827 1832 1842 1864 1908 1963 2023 2301 2265 2374 2366 2100 1772 1873 1809 1744 1680 1641 1584 1520 1450 1385 1329 1291 1256 1219 1188 1159 1137 1112 1076 1042 1014 986 956 927 901 877 856
-9999 -9999 -9999 -9999 -9999 -9999 -9999 -9999 -9999 -9999 -9999 -9999 -9999 -9999 -9999 -9999 -9999 -9999 -9999 -9999 -9999 -9999 -9999 -9999 -9999 -9999 -9999 -9999 1905 1913 1915 1908 1899 1881 1866 1857 1855 1854 1847 1845 1848 1850 1862 1893 1956 2425 2373 2362 2539 2615 2347 1959 1631 1842 1777 1702 1644 1596 1549 1503 1446 1389 1338 1298 1261 1227 1198 1173 1150 1121 1091 1058 1027 996 968 941 918 892 870
-9999 -9999 -9999 -9999 -9999 -9999 -9999 -9999 -9999 -9999 -9999 -9999 -9999 -9999 -9999 -9999 -9999 -9999 -9999 -9999 -9999 -9999 -9999 -9999 -9999 -9999 1931 1933 1943 1945 1934 1920 1905 1890 1875 1871 1874 1867 1860 1865 1871 1870 1879 2102 2274 2395 2669 2747 2702 2691 2300 1950 1797 1821 1733 1665 1609 1560 1518 1475 1427 1382 1334 1295 1263 1232 1206 1181 1157 1128 1103 1073 1046 1018 989 965 938 913 893
-9999 -9999 -9999 -9999 -9999 -9999 -9999 -9999 -9999 -9999 -9999 -9999 -9999 -9999 -9999 -9999 -9999 -9999 -9999 -9999 -9999 -9999 -9999 2004 1978 1965 1972 1964 1956 1948 1933 1920 1906 1893 1891 1891 1884 1872 1880 1888 1899 1905 2056 2195 2491 2738 2771 2750 2810 2508 2408 2200 1986 1745 1674 1620 1569 1526 1481 1440 1401 1364 1323 1288 1262 1237 1211 1188 1164 1143 1123 1095 1066 1040 1014 990 966 941 919
-9999 -9999 -9999 -9999 -9999 -9999 -9999 -9999 -9999 -9999 -9999 -9999 -9999 -9999 -9999 -9999 -9999 -9999 -9999 -9999 -9999 -9999 2047 2021 1999 2009 1998 1983 1967 1955 1938 1926 1908 1901 1902 1895 1891 1899 1913 1922 1944 2061 2327 2636 2741 2752 2714 3009 2908 2774 2511 2256 1899 1688 1620 1587 1551 1506 1457 1408 1378 1345 1313 1284 1262 1240 1221 1199 1181 1162 1146 1122 1095 1067 1041 1020 999 977 968
-9999 -9999 -9999 -9999 -9999 -9999 -9999 -9999 -9999 -9999 -9999 -9999 -9999 -9999 -9999 -9999 -9999 -9999 -9999 -9999 -9999 2058 2024 1997 1991 1994 1994 1980 1967 1955 1942 1926 1910 1903 1898 1891 1901 1910 1939 2266 2313 2439 2658 2727 2738 2713 2708 3295 3027 2748 2695 2354 2093 1761 1597 1561 1533 1571 1445 1395 1364 1330 1305 1282 1264 1244 1228 1215 1198 1182 1167 1151 1124 1099 1076 1057 1042 1041 1010
-9999 -9999 -9999 -9999 -9999 -9999 -9999 -9999 -9999 -9999 -9999 -9999 -9999 -9999 -9999 -9999 -9999 -9999 -9999 2113 2086 2055 -9999 2001 1996 1993 1991 1983 1974 1959 1943 1929 1924 1911 1898 1904 1906 2044 2547 2742 2691 2736 2744 2758 2715 2739 2998 2766 2643 2549 2503 2537 2175 1909 1693 1712 1688 1824 1501 1365 1350 1326 1300 1281 1267 1252 1238 1231 1219 1205 1191 1178 1159 1139 1121 1109 1096 1089 1139
-9999 -9999 -9999 -9999 -9999 -9999 -9999 -9999 -9999 -9999 -9999 -9999 -9999 -9999 -9999 -9999 -9999 -9999 -9999 -9999 -9999 2051 2030 2011 2003 1998 1995 1987 1978 1963 1941 1927 1917 1902 1903 1905 1923 2435 2784 2888 2785 2785 2818 2698 2698 2755 2626 2571 2586 2507 2553 2482 2206 1925 1930 2145 2061 1884 1558 1538 1360 1293 1270 1266 1263 1257 1252 1247 1238 1228 1221 1211 1204 1188 1175 1166 1188 1149 1140
-9999 -9999 -9999 -9999 -9999 -9999 -9999 -9999 -9999 -9999 -9999 -9999 -9999 -9999 -9999 -9999 -9999 -9999 -9999 -9999 2076 2058 2049 2035 2021 2009 2003 1994 1982 1962 1943 1926 1917 1907 1905 1926 2454 2619 2688 2661 2737 2771 2708 2751 2618 2592 2676 2829 2859 2713 2407 2411 2221 1987 2171 2229 2218 1956 1875 1513 1367 1297 1239 1251 1262 1262 1263 1263 1261 1259 1253 1252 1245 1239 1229 1224 1253 1245 1221
-9999 -9999 -9999 -9999 -9999 -9999 -9999 -9999 -9999 -9999 -9999 -9999 -9999 -9999 -9999 -9999 2199 2167 2139 2106 2083 2072 2067 2057 2039 2023 2006 1990 1975 1957 1939 1923 1913 1900 1904 1932 2448 2260 2415 2538 2613 2667 2753 2824 2592 2556 2762 2817 2556 2545 2461 2303 2263 2034 2159 2236 2263 2044 1859 1453 1349 1269 1218 1244 1258 1264 1269 1277 1280 1284 1287 1288 1290 1288 1288 1284 1332 1329 1318
-9999 -9999 -9999 -9999 -9999 -9999 -9999 -9999 -9999 -9999 -9999 -9999 -9999 -9999 -9999 2231 2201 2174 2143 2118 2095 2087 2084 2071 2058 2033 2013 1990 1973 1952 1934 1918 1908 1894 1878 1863 2153 2460 2590 2807 2658 2711 2787 2674 2572 2525 2570 2813 2752 2869 2433 2246 2203 2097 2131 2172 2053 1852 1747 1423 1322 1247 1208 1246 1257 1266 1277 1289 1299 1313 1323 1332 1338 1342 1342 1350 1411 1399 1389
-9999 -9999 -9999 -9999 -9999 -9999 -9999 -9999 -9999 -9999 -9999 -9999 -9999 -9999 2259 2244 2218 2190 2167 2134 2111 2094 2083 2066 2053 2032 2010 1984 1959 1942 1926 1910 1897 1873 1826 1762 2255 2754 3028 2855 2756 2926 2704 2836 2723 2941 2568 2880 2698 2456 2425 2190 2143 2004 2088 2016 1874 1616 1421 1172 1133 1168 1210 1234 1249 1261 1280 1303 1321 1342 1361 1375 1397 1408 1505 1497 1488 1475 1457
-9999 -9999 -9999 -9999 -9999 -9999 -9999 -9999 -9999 -9999 -9999 -9999 -9999 -9999 2280 2265 2240 2220 2193 2159 2126 2105 2088 2069 2050 2027 2006 1981 1957 1938 1920 1903 1887 1849 1778 1685 2331 2807 2845 2714 2800 2813 2855 2746 2577 2737 2814 2648 2591 2451 2260 2145 2056 1979 2043 1880 1755 1532 1343 1088 1070 1172 1207 1219 1237 1259 1283 1318 1349 1382 1404 1579 1586 1582 1573 1549 1554 1554 1478
-9999 -9999 -9999 -9999 -9999 -9999 -9999 -9999 -9999 -9999 -9999 -9999 -9999 2310 2299 2270 2249 2222 2192 2158 2134 2115 2094 2070 2050 2026 2000 1974 1952 1931 1914 1894 1874 1826 1749 -9999 2211 2534 2490 2552 2659 2729 2807 2721 2789 2389 2772 2624 2646 2523 2222 2087 2045 2092 2030 1924 1624 1322 1246 1035 1010 1121 1163 1193 1217 1249 1286 1327 1368 1407 1612 1622 1614 1619 1548 1567 1609 1480 1542
-9999 -9999 -9999 -9999 -9999 -9999 -9999 -9999 -9999 -9999 -9999 -9999 2346 2338 2303 2274 2243 2210 2188 2168 2149 2122 2096 2074 2046 2019 1994 1967 1949 1931 1909 1884 1865 1818 1745 1652 2072 2458 2296 2501 2616 2545 2793 2577 2679 2331 2551 2583 2603 2390 2167 2174 2172 2077 1956 1705 1462 1226 1176 1101 1055 1025 1092 1161 1202 1243 1295 1479 1555 1607 1633 1600 1620 1549 1521 1516 1581 1591 1630
-9999 -9999 -9999 -9999 -9999 -9999 -9999 -9999 -9999 -9999 -9999 2372 2364 2335 2302 2269 2238 2211 2190 2169 2145 2113 2089 2059 2033 2005 1981 1961 1946 1926 1899 1869 1853 1819 1764 1693 1884 2136 2204 2294 2584 2374 2382 2464 2283 2308 2537 2349 2198 2379 2349 2221 1972 1773 1586 1402 1322 1181 1160 1081 996 1007 1031 1073 1164 1227 1360 1574 1578 1614 1564 1639 1681 1595 1602 1501 1589 1474 1518
-9999 -9999 -9999 -9999 -9999 -9999 -9999 -9999 -9999 -9999 2407 2395 2368 2334 2304 2269 2241 2219 2197 2163 2137 2107 2078 2053 2029 2002 1977 1963 1950 1923 1888 1868 1852 1829 1804 1773 1845 1959 2031 2270 2279 2468 2537 2424 2433 2221 2173 2149 2145 2339 2563 2017 1811 1527 1605 1372 1313 1171 1099 1073 993 -9999 991 990 1078 1351 1537 1534 1557 1536 1521 1696 1717 1570 1513 1488 1598 1489 1573
-9999 -9999 -9999 -9999 -9999 -9999 -9999 -9999 -9999 2427 2420 2393 2360 2331 2301 2268 2237 2212 2185 2153 2129 2100 2076 2048 2023 1995 1972 1963 1946 1911 1878 1863 1855 1836 1820 1815 1880 1866 1981 2394 2142 2343 2519 2491 2315 2129 2190 2420 2381 2162 2020 1950 1733 1471 1438 1321 1303 1179 1099 1002 949 989 1031 1085 1204 1410 1517 1520 1533 1533 1590 1658 1665 1669 1597 1605 1564 1520 1494
-9999 -9999 -9999 -9999 -9999 -9999 -9999 -9999 -9999 2440 2414 2382 2356 2330 2299 2266 2236 2208 2178 2151 2127 2098 2074 2043 2020 1994 1974 1962 1943 1907 1876 1866 1850 1816 1793 1841 1841 1890 2209 2437 2226 2503 2574 2362 2176 2210 2179 2297 2436 1983 1726 1609 1528 1344 1363 1328 1314 1323 1204 1039 950 966 1003 1090 1414 1480 1480 1477 1467 1535 1590 1584 1547 1550 1466 1398 1490 1377 1381
-9999 -9999 -9999 -9999 -9999 -9999 -9999 -9999 -9999 2428 2398 2369 2346 2319 2292 2257 2226 2198 2175 2146 2121 2087 2061 2034 2012 1998 1983 1969 1947 1914 1892 1873 1830 1775 1719 1831 1832 1916 1976 2247 2539 2476 2571 2609 2234 2340 2199 2257 2289 1962 1671 1559 1428 1271 1343 1478 1384 1324 1212 1048 951 981 1188 1355 1444 1451 1489 1434 1434 1456 1408 1387 1461 1491 1344 1425 1400 1312 1292
-9999 -9999 -9999 -9999 -9999 -9999 -9999 -9999 -9999 2426 2391 2362 2340 2315 2289 2254 2228 2197 2169 2143 2111 2083 2058 2030 2013 2004 1992 1982 1955 1927 1902 1861 1798 1726 1909 1973 1858 1859 2071 2579 2616 2611 2438 2357 2392 2465 2325 2291 2099 1861 1637 1347 1426 1216 1377 1506 1406 1237 1057 989 1011 1085 1300 1348 1424 1426 1391 1383 1374 1358 1371 1339 1353 1336 1324 1293 1292 1244 1198
-9999 -9999 -9999 -9999 -9999 -9999 -9999 -9999 -9999 2407 2375 2358 2336 2306 2286 2260 2224 2192 2167 2135 2103 2073 2048 2028 2017 2007 2002 1983 1962 1929 1895 1830 1759 2058 2176 2048 1953 2010 2388 2627 2444 2405 2509 2497 2394 2204 2149 1975 1899 1776 1785 1360 1402 1377 1404 1446 1255 1092 1064 1099 1177 1295 1390 1410 1487 1378 1344 1416 1340 1444 1301 1293 1296 1279 1236 1242 1188 1157 1105
-9999 -9999 -9999 -9999 -9999 -9999 -9999 -9999 -9999 2411 2384 2362 2338 2311 2287 2254 2223 2190 2161 2126 2093 2063 2043 2032 2026 2022 2007 1987 1962 1933 1886 1804 1927 2107 2247 2244 2287 2559 2299 2528 2355 2334 2382 2440 2288 2153 2183 2024 2039 1814 1646 1423 1592 1319 1340 1437 1234 1204 1340 1304 1332 1376 1353 1448 1552 1445 1419 1534 1284 1273 1244 1223 1234 1195 1207 1158 1023 882 801
-9999 -9999 -9999 -9999 -9999 -9999 -9999 -9999 2444 2420 2395 2363 2337 2307 2279 2247 2216 2181 2147 2112 2081 2053 2033 2025 2028 2026 2004 1980 1951 1905 1841 1762 2006 2019 2332 2327 2312 2248 1970 2164 2209 2373 2462 2344 2324 2257 2414 2415 2212 1904 1725 1531 1540 1445 1402 1430 1291 1407 1466 1423 1389 1417 1452 1476 1456 1437 1245 1225 1208 1194 1186 1186 1177 1153 1092 982 881 775 706
-9999 -9999 -9999 -9999 -9999 -9999 -9999 2488 2463 2434 2402 2371 2343 2312 2282 2246 2210 2171 2133 2104 2073 2045 2022 2019 2027 2015 1999 1970 1928 1870 1808 2146 2156 2074 2122 2566 2540 2288 1904 2205 2549 2533 2343 2174 2385 2176 2439 2160 2232 1938 1676 1623 1542 1536 1521 1344 1510 1581 1521 1634 1381 1360 1376 1328 1319 1393 1268 1172 1137 1084 1072 1085 1068 1036 973 874 799 739 686
-9999 -9999 -9999 -9999 -9999 -9999 2551 2513 2476 2437 2405 2374 2339 2310 2272 2235 2194 2157 2118 2088 2061 2039 2021 2009 2001 1993 1978 1939 1890 1833 2052 2203 2221 2229 2417 2912 2694 2418 1962 2150 2374 2435 2206 2354 2225 2054 1984 2010 2099 1842 1717 1694 1517 1522 1529 1412 1676 1558 1611 1781 1343 1300 1259 1328 1208 1170 1126 1064 1058 1061 1050 1042 1013 990 867 775 793 818 840
-9999 -9999 -9999 -9999 -9999 2583 2569 2523 2480 2439 2402 2372 2338 2302 2262 2224 2181 2149 2111 2079 2051 2045 2038 2010 1986 1960 1938 1897 1863 2049 2481 2523 2444 2244 2293 2787 2607 2277 2267 2449 2469 2310 2159 2264 2002 1900 1828 2008 2000 1789 1698 1700 1584 1524 1490 1504 1493 1440 1777 1799 1315 1268 1198 1156 1098 1088 1088 1072 1050 1043 1013 988 954 882 869 894 933 995 1004
-9999 -9999 -9999 -9999 -9999 2601 2564 2511 2473 2433 2394 2364 2329 2289 2246 2203 2163 2128 2098 2074 2064 2073 2072 2022 1973 1937 1910 2048 2048 2309 2912 2751 2414 2301 2391 2720 2491 2572 2437 2397 2260 2038 1981 2077 1809 1760 1846 1973 1844 1760 1698 1694 1645 1556 1531 1469 1564 1401 1610 1478 1247 1199 1167 1149 1112 1083 1076 1046 1041 980 952 940 909 884 950 941 917 1037 906
-9999 -9999 -9999 -9999 2623 2597 2557 2511 2468 2433 2398 2361 2316 2277 2233 2192 2153 2118 2089 2081 2098 2159 2106 2090 2074 2060 2056 2072 2336 2648 2809 2572 2345 2322 2377 2470 2631 2566 2200 2220 2341 2130 1865 1783 1789 2019 2043 1832 1840 1800 1687 1639 1635 1578 1524 1460 1579 1391 1302 1251 1208 1166 1136 1096 1144 1058 1217 1006 957 939 965 938 880 913 962 1022 1159 1146 865
