Electronic Materials (Flash Drives)/data/NZclimate/2050/miroc_4_2050/bio05.nz.asc
ncols         384
nrows         384
xllcorner     164
yllcorner     -49
cellsize      0.041666666666667
NODATA_value  -9999
[rows 210 to 244 of 384, columns 160 to 239 of 384]
-9999 -9999 -9999 -9999 -9999 -9999 -9999 -9999 -9999 -9999 -9999 -9999 -9999 -9999 -9999 -9999 -9999 -9999 221 220 220 220 221 220 217 202 200 201 205 214 210 208 217 202 208 212 215 214 216 217 213 214 203 206 204 199 200 203 205 205 207 202 195 202 199 207 188 181 196 196 202 200 186 170 191 209 194 206 193 211 207 191 193 191 187 213 228 224 218 221
-9999 -9999 -9999 -9999 -9999 -9999 -9999 -9999 -9999 -9999 -9999 -9999 -9999 -9999 -9999 -9999 -9999 -9999 221 221 220 219 220 220 208 206 211 208 213 218 213 211 213 212 211 210 211 214 211 215 213 215 207 213 201 193 204 199 202 196 193 200 201 181 202 187 172 185 199 180 201 192 175 180 201 193 199 193 198 195 191 180 197 212 219 220 220 218 214 221
-9999 -9999 -9999 -9999 -9999 -9999 -9999 -9999 -9999 -9999 -9999 -9999 -9999 -9999 -9999 -9999 -9999 -9999 222 220 219 216 208 200 209 213 213 218 217 218 219 219 209 192 194 205 207 213 212 214 205 209 201 211 201 195 194 207 198 188 176 186 180 179 194 169 171 172 191 182 194 165 171 189 196 186 194 182 193 199 196 196 211 213 208 212 202 202 201 214
-9999 -9999 -9999 -9999 -9999 -9999 -9999 -9999 -9999 -9999 -9999 -9999 -9999 -9999 -9999 -9999 -9999 -9999 221 219 217 212 199 187 203 202 210 212 210 219 220 217 205 184 187 205 199 211 210 213 204 205 198 207 202 200 194 205 201 167 170 190 167 184 181 165 174 184 169 190 178 168 184 182 178 183 179 185 189 205 210 208 204 193 193 196 199 211 210 215
-9999 -9999 -9999 -9999 -9999 -9999 -9999 -9999 -9999 -9999 -9999 -9999 -9999 -9999 -9999 -9999 -9999 221 215 216 215 200 186 194 204 191 207 206 210 220 218 214 197 183 196 200 213 205 204 206 202 193 198 195 203 190 187 197 189 166 174 182 171 190 175 171 166 175 180 185 174 166 167 168 171 186 191 193 202 205 191 188 187 169 194 204 214 213 212 217
-9999 -9999 -9999 -9999 -9999 -9999 -9999 -9999 -9999 -9999 -9999 -9999 -9999 -9999 -9999 -9999 -9999 218 212 215 213 195 186 200 193 191 197 207 216 219 216 204 185 184 189 199 213 202 181 199 203 201 204 206 205 178 178 187 184 166 178 168 174 188 173 161 162 169 170 165 172 166 172 168 169 185 200 194 196 191 157 151 163 183 206 221 220 203 214 228
-9999 -9999 -9999 -9999 -9999 -9999 -9999 -9999 -9999 -9999 -9999 -9999 -9999 -9999 -9999 -9999 219 215 212 212 209 190 189 186 190 193 201 213 217 216 212 202 196 186 183 194 206 197 191 203 209 200 195 200 206 173 187 166 180 164 162 164 170 190 170 167 164 166 163 175 177 176 175 167 193 200 197 182 180 167 155 147 175 207 218 215 204 224 227 232
-9999 -9999 -9999 -9999 -9999 -9999 -9999 -9999 -9999 -9999 -9999 -9999 -9999 -9999 -9999 -9999 216 210 216 212 194 186 188 192 184 190 210 215 216 214 205 199 198 190 184 188 206 198 205 202 197 189 176 192 195 163 180 167 162 162 173 177 182 177 178 165 175 165 170 181 182 177 189 195 195 189 195 180 162 158 189 199 210 214 204 204 219 229 231 237
-9999 -9999 -9999 -9999 -9999 -9999 -9999 -9999 -9999 -9999 -9999 -9999 -9999 -9999 -9999 221 215 217 212 201 190 195 197 190 194 207 213 211 216 209 206 201 188 193 187 180 204 210 207 204 201 178 171 186 196 163 172 162 162 160 171 167 160 178 176 176 186 181 186 187 186 190 192 186 182 179 175 156 180 189 208 214 199 193 190 215 229 226 234 -9999
-9999 -9999 -9999 -9999 -9999 -9999 -9999 -9999 -9999 -9999 -9999 -9999 -9999 -9999 -9999 221 218 212 208 199 191 196 194 202 212 215 213 211 210 208 205 204 205 194 182 179 199 211 205 193 190 186 162 177 194 166 161 171 171 159 169 175 173 179 187 178 186 187 190 173 187 186 179 172 180 181 166 191 208 212 207 194 173 159 194 214 227 231 234 -9999
-9999 -9999 -9999 -9999 -9999 -9999 -9999 -9999 -9999 -9999 -9999 -9999 -9999 -9999 -9999 221 213 208 202 194 199 198 210 213 215 215 213 210 206 203 211 193 188 186 182 178 200 211 207 195 188 182 161 167 189 175 158 179 168 174 174 169 167 178 187 182 178 187 181 177 175 177 181 188 192 197 199 209 195 199 181 178 146 181 203 205 211 230 -9999 -9999
-9999 -9999 -9999 -9999 -9999 -9999 -9999 -9999 -9999 -9999 -9999 -9999 -9999 -9999 -9999 220 207 198 196 203 211 212 214 215 217 214 214 209 202 200 205 195 186 190 181 183 204 210 204 193 189 183 163 181 170 165 170 187 171 178 177 170 169 173 181 167 176 191 184 185 184 184 189 193 204 205 203 199 192 180 152 156 173 204 212 214 223 -9999 -9999 -9999
-9999 -9999 -9999 -9999 -9999 -9999 -9999 -9999 -9999 -9999 -9999 -9999 -9999 -9999 -9999 210 195 191 203 210 215 215 216 217 217 215 212 206 200 197 195 202 186 185 187 183 207 204 192 191 171 179 167 160 172 188 181 185 172 170 184 170 168 175 177 182 189 191 181 188 178 169 196 203 194 190 198 181 176 169 175 189 208 218 223 224 -9999 -9999 -9999 -9999
-9999 -9999 -9999 -9999 -9999 -9999 -9999 -9999 -9999 -9999 -9999 -9999 -9999 -9999 214 203 194 200 208 215 217 218 218 216 214 216 213 209 209 199 198 192 189 188 191 193 209 203 197 192 185 174 176 176 173 177 194 187 181 172 183 180 172 174 179 187 191 177 185 177 186 195 197 195 192 192 186 181 189 203 191 206 223 228 -9999 -9999 -9999 -9999 -9999 -9999
-9999 -9999 -9999 -9999 -9999 -9999 -9999 -9999 -9999 -9999 -9999 -9999 -9999 220 213 202 197 212 216 219 218 217 216 213 211 214 214 213 211 204 204 191 182 184 186 202 205 199 193 181 182 183 175 179 183 183 194 184 175 171 184 185 187 186 184 192 181 184 182 182 199 186 190 185 188 199 207 211 216 220 222 226 228 -9999 -9999 -9999 -9999 -9999 -9999 -9999
-9999 -9999 -9999 -9999 -9999 -9999 -9999 -9999 -9999 -9999 -9999 -9999 -9999 217 216 207 201 217 219 218 215 213 213 214 214 212 210 209 204 196 204 202 185 188 201 205 193 190 185 188 177 186 174 180 172 178 192 187 182 186 192 193 189 189 194 195 193 199 196 197 186 192 196 190 204 212 220 222 224 225 227 228 229 -9999 -9999 -9999 -9999 -9999 -9999 -9999
-9999 -9999 -9999 -9999 -9999 -9999 -9999 -9999 -9999 -9999 -9999 -9999 220 218 218 216 218 218 215 215 215 215 212 211 212 215 214 203 185 195 190 205 196 200 190 187 178 181 182 176 180 187 174 177 172 185 198 188 186 177 189 191 185 189 188 176 189 190 178 178 191 202 211 212 213 211 211 208 215 223 229 -9999 227 229 -9999 -9999 -9999 -9999 -9999 -9999
-9999 -9999 -9999 -9999 -9999 -9999 -9999 -9999 -9999 -9999 -9999 -9999 219 216 218 216 217 218 214 212 212 212 213 211 211 213 216 208 184 190 191 202 203 192 187 182 179 176 177 181 184 193 175 188 187 198 189 175 175 178 188 193 192 194 181 188 195 187 194 195 207 208 213 216 217 212 208 206 220 -9999 -9999 -9999 -9999 -9999 -9999 -9999 -9999 -9999 -9999 -9999
-9999 -9999 -9999 -9999 -9999 -9999 -9999 -9999 -9999 -9999 -9999 219 218 214 214 215 214 216 215 214 213 213 213 211 208 211 215 214 205 206 196 186 184 189 187 185 179 186 187 182 188 192 183 184 183 198 185 186 199 206 211 214 213 209 200 203 202 209 211 209 206 204 212 218 218 209 210 221 227 -9999 -9999 -9999 -9999 -9999 -9999 -9999 -9999 -9999 -9999 -9999
-9999 -9999 -9999 -9999 -9999 -9999 -9999 -9999 -9999 -9999 220 219 217 217 216 214 212 213 217 217 216 214 207 208 213 212 215 214 211 208 206 206 189 188 186 174 181 178 173 184 198 179 182 194 195 198 202 205 212 216 218 216 214 207 207 207 212 215 217 209 210 208 216 220 216 212 220 225 226 -9999 -9999 -9999 -9999 -9999 -9999 -9999 -9999 -9999 -9999 -9999
-9999 -9999 -9999 -9999 -9999 -9999 -9999 -9999 -9999 -9999 218 218 217 214 215 213 214 215 218 218 217 217 210 204 211 210 198 191 195 190 193 200 189 179 178 182 180 189 187 192 197 202 203 204 204 203 196 188 198 205 213 207 207 211 217 220 221 220 220 218 219 219 221 223 222 224 225 228 -9999 -9999 -9999 -9999 -9999 -9999 -9999 -9999 -9999 -9999 -9999 -9999
-9999 -9999 -9999 -9999 -9999 -9999 -9999 -9999 219 219 217 216 217 217 216 213 210 208 217 208 212 217 211 201 189 187 204 186 187 194 183 177 183 182 178 185 184 193 180 182 189 191 186 190 190 196 188 188 204 206 215 211 216 222 223 224 224 222 223 221 217 223 225 224 220 216 226 -9999 -9999 -9999 -9999 -9999 -9999 -9999 -9999 -9999 -9999 -9999 -9999 -9999
-9999 -9999 -9999 -9999 -9999 -9999 -9999 219 219 218 216 213 215 217 217 201 192 194 213 210 211 203 190 198 187 184 189 181 182 189 178 187 191 196 198 193 199 198 175 174 183 180 188 178 180 203 193 191 209 204 216 218 221 223 223 223 222 226 221 223 213 224 227 227 216 223 227 -9999 -9999 -9999 -9999 -9999 -9999 -9999 -9999 -9999 -9999 -9999 -9999 -9999
-9999 -9999 -9999 -9999 -9999 -9999 219 219 217 215 216 216 215 215 215 211 198 207 213 216 208 192 187 191 182 185 189 189 186 179 181 179 177 181 184 189 193 195 198 194 192 188 197 185 201 209 201 201 212 214 216 216 221 222 223 224 224 220 214 221 225 228 229 229 218 223 -9999 -9999 -9999 -9999 -9999 -9999 -9999 -9999 -9999 -9999 -9999 -9999 -9999 -9999
-9999 -9999 -9999 -9999 -9999 221 219 218 219 218 216 215 216 208 203 206 211 206 205 203 193 197 208 206 208 204 192 185 179 177 181 181 181 177 179 190 194 197 201 202 195 184 203 201 207 211 207 211 215 219 220 221 222 223 224 221 211 211 217 220 224 227 228 226 224 226 -9999 -9999 -9999 -9999 -9999 -9999 -9999 -9999 -9999 -9999 -9999 -9999 -9999 -9999
-9999 -9999 -9999 -9999 222 221 220 218 219 218 211 216 206 213 206 194 184 184 193 205 188 200 195 187 190 186 176 183 179 186 177 181 175 173 181 189 199 197 193 198 201 186 207 207 209 215 217 218 219 220 221 222 223 224 221 213 211 217 220 219 222 227 228 221 222 -9999 -9999 -9999 -9999 -9999 -9999 -9999 -9999 -9999 -9999 -9999 -9999 -9999 -9999 -9999
-9999 -9999 -9999 223 222 220 221 221 220 220 212 216 204 202 203 199 196 185 197 181 180 194 185 176 182 185 185 188 198 182 188 182 176 167 176 183 183 174 178 195 200 198 207 209 211 216 218 219 220 221 222 222 220 220 221 219 219 221 220 218 225 228 226 226 -9999 -9999 -9999 -9999 -9999 -9999 -9999 -9999 -9999 -9999 -9999 -9999 -9999 -9999 -9999 -9999
-9999 225 223 222 220 216 219 218 221 220 219 217 209 201 194 190 189 179 189 167 169 182 177 170 174 181 172 183 194 187 186 192 177 177 184 184 180 172 186 199 202 205 207 206 211 217 218 220 220 220 213 210 216 220 219 221 222 222 224 225 226 229 228 226 -9999 -9999 -9999 -9999 -9999 -9999 -9999 -9999 -9999 -9999 -9999 -9999 -9999 -9999 -9999 -9999
226 225 222 211 212 212 213 217 220 216 206 202 196 193 181 175 175 170 180 172 172 185 177 178 171 185 184 189 182 202 191 184 193 190 190 193 181 175 185 198 196 201 207 211 213 218 216 219 220 219 218 220 222 224 224 220 219 222 221 224 227 226 229 -9999 -9999 -9999 -9999 -9999 -9999 -9999 -9999 -9999 -9999 -9999 -9999 -9999 -9999 -9999 -9999 -9999
226 223 211 213 217 206 209 211 213 199 182 198 179 191 170 177 178 163 182 185 189 182 192 177 180 196 196 191 182 201 179 177 190 198 186 175 178 184 193 193 197 201 209 211 216 217 213 217 219 218 220 222 224 225 219 221 222 221 224 226 226 229 -9999 -9999 -9999 -9999 -9999 -9999 -9999 -9999 -9999 -9999 -9999 -9999 -9999 -9999 -9999 -9999 -9999 -9999
225 224 215 207 215 212 200 195 209 203 194 191 184 169 183 187 173 168 167 177 188 193 199 200 200 201 201 203 179 200 190 182 197 191 176 180 190 179 190 202 204 206 207 212 218 212 210 215 222 223 226 227 227 222 220 225 224 225 228 -9999 -9999 -9999 -9999 -9999 -9999 -9999 -9999 -9999 -9999 -9999 -9999 -9999 -9999 -9999 -9999 -9999 -9999 -9999 -9999 -9999
214 225 215 211 198 196 183 183 207 200 188 180 173 174 192 194 185 169 175 184 171 176 181 179 174 193 203 205 201 205 205 203 193 173 184 194 195 201 206 201 202 205 212 213 214 219 222 222 226 228 228 222 219 220 221 223 225 230 -9999 -9999 -9999 -9999 -9999 -9999 -9999 -9999 -9999 -9999 -9999 -9999 -9999 -9999 -9999 -9999 -9999 -9999 -9999 -9999 -9999 -9999
210 220 202 191 183 177 174 194 200 176 171 181 165 177 185 194 195 172 172 190 173 165 183 177 174 175 196 188 202 200 206 197 168 189 196 200 208 209 201 202 206 204 205 204 206 214 221 225 228 228 228 222 224 227 227 -9999 -9999 -9999 -9999 -9999 -9999 -9999 -9999 -9999 -9999 -9999 -9999 -9999 -9999 -9999 -9999 -9999 -9999 -9999 -9999 -9999 -9999 -9999 -9999 -9999
199 200 204 198 187 176 169 194 179 172 178 192 167 180 186 192 203 192 179 184 191 180 189 176 180 192 192 196 201 200 201 197 179 191 196 210 212 204 199 199 208 217 217 218 215 218 223 226 229 230 230 230 228 -9999 -9999 -9999 -9999 -9999 -9999 -9999 -9999 -9999 -9999 -9999 -9999 -9999 -9999 -9999 -9999 -9999 -9999 -9999 -9999 -9999 -9999 -9999 -9999 -9999 -9999 -9999
210 189 181 183 185 170 166 186 170 175 184 198 168 183 171 173 194 207 203 189 200 200 171 166 192 199 197 198 203 206 205 193 196 202 206 210 202 200 209 214 212 221 224 224 222 219 224 227 230 231 232 -9999 -9999 -9999 -9999 -9999 -9999 -9999 -9999 -9999 -9999 -9999 -9999 -9999 -9999 -9999 -9999 -9999 -9999 -9999 -9999 -9999 -9999 -9999 -9999 -9999 -9999 -9999 -9999 -9999
