Electronic Materials (Flash Drives)/data/NZclimate/2050/miroc_4_2050/bio06nz.asc
ncols         384
nrows         384
xllcorner     164
yllcorner     -49
cellsize      0.041666666666667
NODATA_value  -9999
[rows 252 to 287 of 384, columns 81 to 161 of 384]
-9999 -9999 -9999 -9999 -9999 -9999 -9999 -9999 -9999 -9999 -9999 -9999 -9999 -9999 -9999 -9999 -9999 -9999 -9999 -9999 -9999 -9999 -9999 -9999 -9999 -9999 -9999 -9999 -9999 -9999 -9999 -9999 -9999 -9999 -9999 -9999 -9999 -9999 -9999 -9999 -9999 -9999 -9999 -9999 -9999 -9999 -9999 -9999 -9999 -9999 -9999 -9999 -9999 -9999 -9999 32 32 32 30 30 14 -3 9 -16 -21 -39 -55 -76 -70 -70 -61 -76 -54 -63 -19 -36 -57 -47 -48 -39 -26
-9999 -9999 -9999 -9999 -9999 -9999 -9999 -9999 -9999 -9999 -9999 -9999 -9999 -9999 -9999 -9999 -9999 -9999 -9999 -9999 -9999 -9999 -9999 -9999 -9999 -9999 -9999 -9999 -9999 -9999 -9999 -9999 -9999 -9999 -9999 -9999 -9999 -9999 -9999 -9999 -9999 -9999 -9999 -9999 -9999 -9999 -9999 -9999 -9999 -9999 -9999 -9999 -9999 32 31 31 28 27 30 5 -20 -28 -11 -16 -21 -45 -86 -77 -36 -54 -71 -47 -50 -46 -18 -42 -58 -31 -55 -49 -61
-9999 -9999 -9999 -9999 -9999 -9999 -9999 -9999 -9999 -9999 -9999 -9999 -9999 -9999 -9999 -9999 -9999 -9999 -9999 -9999 -9999 -9999 -9999 -9999 -9999 -9999 -9999 -9999 -9999 -9999 -9999 -9999 -9999 -9999 -9999 -9999 -9999 -9999 -9999 -9999 -9999 -9999 -9999 -9999 -9999 -9999 -9999 -9999 -9999 32 31 32 30 32 28 28 9 -11 14 7 3 -17 -35 -36 -38 -65 -84 -39 -35 -63 -31 -49 -69 -49 -15 -32 -56 -28 -49 -41 -62
-9999 -9999 -9999 -9999 -9999 -9999 -9999 -9999 -9999 -9999 -9999 -9999 -9999 -9999 -9999 -9999 -9999 -9999 -9999 -9999 -9999 -9999 -9999 -9999 -9999 -9999 -9999 -9999 -9999 -9999 -9999 -9999 -9999 -9999 -9999 -9999 -9999 -9999 -9999 -9999 -9999 -9999 -9999 -9999 -9999 -9999 -9999 30 24 27 15 30 27 28 2 3 -6 -30 8 -3 -26 -31 -18 -20 -38 -45 -50 -17 -20 -30 -51 -60 -40 -53 -14 -33 -43 -28 -21 -43 -57
-9999 -9999 -9999 -9999 -9999 -9999 -9999 -9999 -9999 -9999 -9999 -9999 -9999 -9999 -9999 -9999 -9999 -9999 -9999 -9999 -9999 -9999 -9999 -9999 -9999 -9999 -9999 -9999 -9999 -9999 -9999 -9999 -9999 -9999 -9999 -9999 -9999 -9999 -9999 -9999 -9999 -9999 -9999 -9999 31 28 23 24 17 28 21 21 6 15 -6 -24 -14 -16 -16 -8 -27 -36 -49 -69 -52 -25 -34 -9 -51 -56 -58 -55 -32 -55 -31 -7 -18 -11 -33 -53 -43
-9999 -9999 -9999 -9999 -9999 -9999 -9999 -9999 -9999 -9999 -9999 -9999 -9999 -9999 -9999 -9999 -9999 -9999 -9999 -9999 -9999 -9999 -9999 -9999 -9999 -9999 -9999 -9999 -9999 -9999 -9999 -9999 -9999 -9999 -9999 -9999 -9999 -9999 -9999 -9999 -9999 -9999 32 26 23 25 16 11 25 14 18 9 -14 -21 10 7 -12 -30 -32 -35 -24 -38 -53 -56 -39 -9 -7 -20 -52 -34 -54 -56 -30 -52 -50 -10 -5 -12 -39 -54 -40
-9999 -9999 -9999 -9999 -9999 -9999 -9999 -9999 -9999 -9999 -9999 -9999 -9999 -9999 -9999 -9999 -9999 -9999 -9999 -9999 -9999 -9999 -9999 -9999 -9999 -9999 -9999 -9999 -9999 -9999 -9999 -9999 -9999 -9999 -9999 -9999 -9999 -9999 -9999 -9999 -9999 31 30 19 8 14 15 17 3 -20 2 20 4 -2 -11 -35 -30 -36 -36 -40 -29 -42 -52 -52 -55 -14 -3 -43 -36 -39 -58 -49 -28 -51 -42 -13 -5 -15 -37 -50 -53
-9999 -9999 -9999 -9999 -9999 -9999 -9999 -9999 -9999 -9999 -9999 -9999 -9999 -9999 -9999 -9999 -9999 -9999 -9999 -9999 -9999 -9999 -9999 -9999 -9999 -9999 -9999 -9999 -9999 -9999 -9999 -9999 -9999 -9999 -9999 -9999 -9999 -9999 -9999 -9999 30 30 29 22 8 -7 -9 2 -1 -8 -13 4 -9 -40 -40 -27 -48 -33 -14 -29 -49 -45 -32 -49 -40 -5 0 -28 -22 -51 -53 -38 -23 -36 -31 -7 -6 -14 -30 -44 -60
-9999 -9999 -9999 -9999 -9999 -9999 -9999 -9999 -9999 -9999 -9999 -9999 -9999 -9999 -9999 -9999 -9999 -9999 -9999 -9999 -9999 -9999 -9999 -9999 -9999 -9999 -9999 -9999 -9999 -9999 -9999 -9999 -9999 -9999 -9999 -9999 -9999 -9999 30 30 29 29 23 0 -11 -3 -10 -21 -26 -31 -33 -23 -22 -26 -21 -32 -17 -5 -46 -51 -38 -51 -19 -56 -37 -6 2 -5 -24 -40 -48 -32 -33 -11 -8 -5 -7 -17 -44 -49 -56
-9999 -9999 -9999 -9999 -9999 -9999 -9999 -9999 -9999 -9999 -9999 -9999 -9999 -9999 -9999 -9999 -9999 -9999 -9999 -9999 -9999 -9999 -9999 -9999 -9999 -9999 -9999 -9999 -9999 -9999 -9999 -9999 -9999 -9999 -9999 -9999 30 30 29 29 28 23 -7 4 -5 -15 -12 -30 -31 -24 -25 3 2 -6 -22 -6 -8 -43 -37 -27 -31 -41 -21 -63 -49 -10 3 -2 -18 -26 -26 -22 -17 -11 -7 -6 -9 -22 -45 -42 -31
-9999 -9999 -9999 -9999 -9999 -9999 -9999 -9999 -9999 -9999 -9999 -9999 -9999 -9999 -9999 -9999 -9999 -9999 -9999 -9999 -9999 -9999 -9999 -9999 -9999 -9999 -9999 -9999 -9999 -9999 -9999 -9999 -9999 -9999 30 29 29 29 28 21 2 5 19 5 -1 13 7 2 -19 -8 6 16 -3 -18 -20 -18 -45 -46 -28 -23 -52 -19 -27 -59 -42 -17 3 2 -10 -17 -16 -16 -14 -10 -7 -6 -11 -31 -49 -39 -17
-9999 -9999 -9999 -9999 -9999 -9999 -9999 -9999 -9999 -9999 -9999 -9999 -9999 -9999 -9999 -9999 -9999 -9999 -9999 -9999 -9999 -9999 -9999 -9999 -9999 -9999 -9999 30 24 26 27 30 30 29 29 29 19 12 1 -2 10 -21 -17 11 1 -23 -18 -12 12 19 3 -27 -42 -43 -41 -50 -31 -44 -17 -38 -55 -8 -39 -53 -55 -25 2 2 -5 -10 -12 -13 -13 -10 -8 -8 -13 -28 -31 -18 -6
-9999 -9999 -9999 -9999 -9999 -9999 -9999 -9999 -9999 -9999 -9999 -9999 -9999 -9999 -9999 -9999 -9999 -9999 -9999 -9999 -9999 -9999 -9999 31 28 20 19 17 18 21 19 26 27 25 26 22 2 -25 6 -18 -9 3 -15 -18 -17 -12 -10 4 1 -15 -25 -31 -40 -31 -26 -51 -35 -31 -9 -46 -26 -10 -41 -52 -49 -28 2 2 -4 -8 -11 -11 -10 -8 -8 -10 -19 -36 -20 1 4
-9999 -9999 -9999 -9999 -9999 -9999 -9999 -9999 -9999 -9999 -9999 -9999 -9999 -9999 -9999 -9999 -9999 -9999 -9999 -9999 -9999 -9999 30 30 30 30 26 15 7 2 18 21 26 12 -5 7 -10 -12 -18 -10 -21 -7 -3 -11 -23 -16 -29 -24 -11 -48 -39 -41 -42 -12 -41 -53 -42 -47 -13 -13 -4 -31 -45 -46 -34 -24 1 2 -1 -5 -7 -6 -6 -5 -6 -7 -12 -17 -12 -4 1
-9999 -9999 -9999 -9999 -9999 -9999 -9999 -9999 -9999 -9999 -9999 -9999 -9999 -9999 -9999 -9999 -9999 -9999 -9999 -9999 -9999 26 19 21 11 7 13 27 7 11 12 5 20 -24 6 11 -22 -19 -25 -26 -20 -27 -29 -19 -20 -32 -24 -11 -38 -38 -38 -30 -8 -25 -51 -46 -40 -43 -13 0 -9 -51 -44 -30 -12 -13 1 1 -3 -5 -1 -3 -3 -2 -3 -3 -7 -11 -1 -9 -10
-9999 -9999 -9999 -9999 -9999 -9999 -9999 -9999 -9999 -9999 -9999 -9999 -9999 -9999 -9999 -9999 -9999 -9999 -9999 -9999 28 23 14 5 3 4 1 18 5 -5 -9 7 15 -7 -2 -25 -18 -13 -38 -25 -36 -27 -27 -29 -23 -7 -4 -23 -30 -31 -43 -15 -20 -54 -31 -51 -45 -28 -10 1 -16 -44 -27 -9 -4 -2 1 1 -1 -7 0 0 0 0 -1 -1 -7 -23 -5 -5 -20
-9999 -9999 -9999 -9999 -9999 -9999 -9999 -9999 -9999 -9999 -9999 -9999 -9999 -9999 -9999 -9999 -9999 -9999 27 19 21 17 13 6 2 10 10 -6 -21 -30 3 20 -14 8 -19 -26 -35 -32 -37 -28 -25 -29 -16 -18 -5 -6 -29 -38 -42 -29 -19 -6 -44 -42 -24 -43 -42 -26 -12 1 -17 -41 -16 -3 0 1 1 1 0 0 1 1 1 0 0 0 -6 -18 -7 1 -6
-9999 -9999 -9999 -9999 -9999 -9999 -9999 -9999 -9999 -9999 -9999 -9999 -9999 -9999 -9999 -9999 30 26 18 10 7 12 0 -8 -1 9 -14 -21 -21 1 16 -2 -29 3 -36 -54 -37 -33 -35 -13 -13 -31 -29 -16 6 -37 -34 -45 -29 -28 0 -42 -42 -17 -37 -52 -34 -48 -8 1 -17 -31 -12 0 2 3 3 4 3 2 0 2 -1 1 -2 -4 -8 -25 -13 -3 3
-9999 -9999 -9999 -9999 -9999 -9999 -9999 -9999 -9999 -9999 -9999 -9999 -9999 -9999 -9999 -9999 26 20 8 1 -4 7 -4 -19 -3 -22 -31 -25 -2 21 6 2 -6 -8 -13 -47 -17 -21 -17 -30 -30 -12 -3 10 -17 -39 -29 -30 -39 -10 -11 -46 -30 -17 -53 -37 -48 -42 -9 0 -8 -6 0 1 3 4 5 5 6 5 2 -4 -9 -2 -15 -26 -13 -33 -20 -9 -2
-9999 -9999 -9999 -9999 -9999 -9999 -9999 -9999 -9999 -9999 -9999 -9999 -9999 -9999 29 28 28 29 27 25 20 5 -6 -25 -11 -33 -31 -9 18 1 -29 1 -39 -11 -39 -36 -43 -30 -28 -27 -28 -28 -4 6 -34 -43 -41 -28 -12 5 -34 -31 -36 -16 -32 -30 -47 -45 -14 -4 -2 -2 -2 -1 2 -5 3 6 7 7 6 1 -2 -12 -27 -43 -25 -32 -14 -27 -9
-9999 -9999 -9999 -9999 -9999 -9999 -9999 -9999 -9999 -9999 -9999 -9999 -9999 -9999 29 23 3 12 -1 12 6 -24 -9 -23 -31 -36 -9 2 -21 -39 -14 -27 -44 -41 -59 -23 -45 -26 -28 -24 -16 -9 10 -5 -34 -42 -38 -28 2 -10 -39 -21 -42 -28 -11 -27 -37 -25 -13 -4 -3 -2 -2 1 -3 -29 -17 6 8 7 6 -4 -5 -14 -20 -40 -32 -11 -5 -24 -24
-9999 -9999 -9999 -9999 -9999 -9999 -9999 -9999 -9999 -9999 -9999 -9999 24 24 15 23 18 8 -18 -2 15 -17 -26 -47 -31 -18 -6 -17 -23 -39 -27 -45 -70 -41 -16 -24 -46 -44 -29 -40 -27 4 12 1 -38 -31 -17 -7 6 -18 -15 -26 -42 -27 -18 -13 -20 -39 -19 -4 -3 -4 0 -8 -18 -47 -20 1 8 4 -2 -5 -14 -11 -19 -23 -13 -9 -4 -8 -32
-9999 -9999 -9999 -9999 -9999 -9999 -9999 -9999 -9999 -9999 -9999 25 17 15 13 12 18 -15 -17 -6 13 -32 -35 -56 -51 -23 -18 -35 -55 -59 -42 -27 -65 -33 -8 -38 -46 -34 -39 -40 -25 4 12 2 -6 -3 5 6 -1 -12 -27 -39 -43 -25 -20 -10 -17 -31 -16 -1 -4 2 3 1 -16 -39 -27 -1 5 -2 -15 -15 -31 -22 -15 -22 -17 -6 -2 -2 -16
-9999 -9999 -9999 -9999 -9999 -9999 -9999 -9999 -9999 -9999 28 20 7 16 3 -13 20 -17 -13 18 -17 -15 -33 -54 -39 -35 -59 -46 -56 -46 -24 -21 -30 -22 1 -4 -26 -49 -36 -26 -30 -1 11 -18 -8 7 1 -27 -34 -38 -35 -38 -25 -26 -36 -21 -17 -19 -8 -1 1 3 4 5 4 -20 -30 0 -4 -13 -28 -26 -47 -38 -30 -45 -32 -7 0 3 -4
-9999 -9999 -9999 -9999 -9999 -9999 -9999 -9999 -9999 -9999 27 13 7 -6 -14 -21 19 -10 10 -9 -27 -37 -48 -36 -24 -22 -23 -30 -37 -62 -56 -29 -21 -27 -45 -22 7 -26 -58 -32 -4 8 4 -21 -3 7 -3 -11 -13 -24 -26 -29 -17 -16 -34 -18 -14 -21 -3 0 0 0 -18 -10 5 -2 -4 3 -7 -23 -9 -21 -30 -22 -22 -45 -20 -2 2 4 1
-9999 -9999 -9999 -9999 -9999 -9999 -9999 -9999 -9999 26 20 -9 -29 -16 -28 -33 -8 22 7 -30 -44 -31 -36 -8 -42 -54 -40 -32 -52 -54 -41 -31 -51 -37 -48 -32 7 -15 -38 -14 11 8 -16 -20 -5 7 1 -27 -27 -33 -37 -21 -10 -14 -23 -21 -41 -28 -8 -1 -13 -9 -20 -20 -3 4 -4 6 -5 -11 0 -10 -8 -15 -30 -36 -5 3 6 1 -8
-9999 -9999 -9999 -9999 -9999 -9999 -9999 20 14 17 3 -17 -19 -20 -15 -44 -28 20 -9 -18 -42 -27 -23 -15 -65 -39 -14 -39 -56 -37 -21 -43 -30 -33 -50 -40 -4 8 5 4 11 -1 5 -3 -10 6 2 -22 -26 -21 -16 -10 -15 -20 -24 -45 -43 -43 -22 -9 -16 -35 -26 -21 -4 -3 -3 9 3 9 11 0 -3 -18 -27 -8 3 7 8 -1 -10
-9999 -9999 -9999 -9999 -9999 27 19 8 -5 5 -14 -3 4 -12 -8 -18 -26 12 -9 -34 -33 -29 1 -19 -49 -32 -13 -51 -63 -41 -13 -36 -27 -27 -43 -51 -40 2 6 11 10 6 8 6 6 6 -1 -25 -30 -18 -5 -6 -18 -22 -33 -27 -39 -47 -28 -27 -33 -49 -25 -20 -12 -11 -5 -4 -4 -4 6 9 2 -12 2 6 9 11 9 3 -7
-9999 -9999 -9999 -9999 24 14 12 -1 -6 -15 -7 -3 1 -4 -5 -23 -32 2 -6 -36 -42 -20 1 -2 -34 -25 -13 -51 -58 -43 -31 -14 -13 -22 -37 -31 -49 -17 4 -4 -16 8 7 7 6 5 0 -19 -14 -5 -3 -3 -5 -12 -21 -21 -45 -50 -34 -34 -25 -43 -44 -36 -24 -18 -7 -17 -23 -30 -21 -3 9 5 9 12 11 7 5 -1 -8
-9999 -9999 -9999 15 17 7 -6 -13 -12 3 6 11 -28 -12 -24 -33 -36 -10 -3 -38 -26 -22 3 4 -3 -7 -24 -54 -44 -32 -30 -16 -3 -28 -51 -41 -17 -10 -16 -28 -26 -6 6 3 3 7 5 -7 -17 -15 -13 -4 -7 -8 -9 -24 -32 -57 -37 -21 -16 -26 -54 -43 -35 -25 -15 -11 -23 -48 -41 -14 2 6 14 7 -3 -6 -7 -8 1
-9999 15 9 9 -11 5 6 -11 -11 2 -23 -9 -6 -37 -36 -30 -34 -28 1 -32 -41 -44 -4 -5 8 -5 -38 -48 -47 -54 -36 -24 -10 -35 -47 -37 -16 -25 -39 -27 -5 -3 -24 -20 -9 -4 4 3 -15 -8 -2 3 -6 -9 -13 -18 -21 -39 -34 -24 -13 -16 -47 -43 -34 -22 -32 -21 -15 -35 -48 -22 -4 5 12 15 10 3 5 4 2
13 7 -4 11 -5 0 -5 -13 -26 -24 -23 -19 -28 -29 -35 -33 -25 -5 -17 -29 -24 -52 -22 11 8 -20 -44 -46 -32 -37 -24 -12 -12 -36 -35 -24 -20 -34 -16 -8 -2 -22 -38 -37 -34 -31 -6 7 4 3 1 0 -7 -18 -34 -31 -29 -15 -25 -15 -10 -10 -33 -42 -32 -33 -38 -33 -26 -30 -47 -32 -16 -4 8 13 16 18 15 8 4
-2 5 5 6 -8 -9 -6 -15 -28 -19 -18 -19 -19 -22 -25 -38 -33 -15 -17 -34 -12 -28 -42 8 8 -19 -36 -49 -27 -23 -13 -8 -32 -36 -17 -34 -24 -48 -25 -4 -17 -42 -48 -56 -41 -17 2 8 5 4 0 -16 -25 -38 -39 -44 -27 -8 -9 -8 -7 -8 -20 -41 -41 -40 -38 -34 -23 -22 -34 -39 -35 -13 -6 9 12 13 16 19 17
8 -10 -5 -2 2 -1 -16 -22 -11 -13 -28 -23 -4 -9 -29 -21 -11 -19 -19 -38 -33 -10 -17 5 11 -17 -51 -29 -22 -19 -14 -7 -21 -24 -21 -17 -21 -34 -17 -21 -35 -47 -56 -45 -12 3 8 5 4 0 -10 -27 -33 -25 -34 -22 -9 -3 -6 -3 -8 -15 -12 -23 -41 -40 -34 -31 -28 -29 -34 -34 -20 -18 -11 1 4 13 16 15 16
15 3 -1 -7 -15 -22 -19 -21 -25 -12 -1 -6 1 -5 -29 -3 -27 -33 -39 -18 -29 -22 -7 6 12 -6 -34 -28 -27 -10 -6 -17 -16 -7 -3 -7 -32 -34 -24 -34 -31 -44 -42 -11 3 8 2 -3 -8 -13 -15 -24 -27 -17 -15 -6 -2 -1 -2 -3 -7 -8 -12 -16 -26 -36 -36 -33 -25 -27 -28 -19 -10 -5 -5 -2 7 13 13 14 15
10 11 1 -11 -19 -22 -13 -3 -25 -27 -19 -14 13 -13 -26 0 -36 -27 -44 -33 -12 -16 -44 -14 12 5 -17 -32 -18 -13 -17 -2 5 6 5 2 -13 -30 -33 -23 -18 -33 -19 2 6 2 -12 -23 -32 -33 -25 -20 -16 -5 -1 0 0 0 -6 -12 -5 -5 -6 -10 -15 -15 -14 -9 -6 -8 -12 -26 -18 -12 -2 4 8 10 12 13 15
