Electronic Materials (Flash Drives)/data/NZclimate/2050/miroc_4_2050/bio06nz.asc
ncols         384
nrows         384
xllcorner     164
yllcorner     -49
cellsize      0.041666666666667
NODATA_value  -9999
[rows 288 to 323 of 384, columns 81 to 161 of 384]
3 -4 -9 -8 -11 -22 -18 -18 -6 -26 -18 1 10 -18 -24 -8 -24 -36 -45 -33 -22 -25 -43 -34 7 6 -35 -31 -8 -26 -8 0 5 1 -12 -15 -10 -2 -6 -5 -6 -7 -7 5 5 -8 -27 -42 -47 -36 -18 -7 -1 0 0 1 2 -3 -10 -2 -4 -11 -6 -5 -8 -7 -6 -4 -2 -2 -11 -32 -25 -17 -8 -2 1 6 11 15 18
-11 -22 -21 -18 1 -27 -18 -9 4 -14 -9 13 -9 -28 -6 -10 -27 -36 -36 -41 -12 -34 -36 -26 4 11 -10 -1 4 7 10 11 6 -8 -60 -54 -34 -22 -15 -1 -16 -8 6 6 -1 -17 -31 -43 -26 -12 -2 1 1 1 1 0 -1 -1 0 -5 -17 -6 -2 -2 -2 -2 -1 -1 1 0 -3 -22 -34 -24 -9 -4 -2 3 6 15 19
-4 -8 -10 -18 -3 -4 -23 -23 -13 6 11 11 4 -3 -1 -32 -34 -30 -30 -35 -11 -27 -35 -14 0 8 10 10 3 -11 -35 5 10 -15 -53 -55 -39 -26 -15 -18 -22 -15 1 1 -11 -6 -5 -16 -7 -1 1 0 1 2 -1 -3 0 0 -5 -18 -10 -2 0 1 0 1 1 1 3 2 0 -7 -28 -19 -19 -10 -5 -4 5 14 18
-21 -18 3 2 1 9 4 -9 -16 -5 13 12 11 6 -6 -23 -28 -40 -16 -18 -37 -19 -32 -9 -17 -17 -17 -28 -31 -37 -25 -12 9 -18 -52 -59 -45 -30 -17 -25 -31 -26 -5 -3 -15 -21 0 -2 0 0 2 3 -1 -5 -5 0 -1 -3 -15 -19 -8 0 1 2 3 4 4 4 5 4 2 -2 -13 -27 -18 -22 -13 -2 7 9 17
-21 -18 -19 -22 -20 -14 7 13 11 14 13 10 10 6 -5 -24 -18 -36 -11 -29 -34 -32 -8 -17 -30 -36 -32 -38 -25 -20 -9 -3 8 -26 -54 -54 -48 -26 -11 -18 -33 -26 -15 -11 -7 -8 3 3 2 4 5 2 -3 -9 -2 -1 -3 -11 -21 -20 -10 0 2 4 5 5 6 6 7 6 3 -5 -4 -10 -25 -21 -11 -3 0 6 16
-9 -23 -26 -25 -27 -28 -20 5 13 14 12 9 8 0 -6 -24 -12 -34 -26 -18 -25 -23 -10 -18 -42 -33 -24 -17 -26 -24 -38 -26 7 -22 -42 -57 -44 -18 -19 -30 -50 -41 -29 -18 -14 -3 5 6 4 5 3 -1 -6 -6 -3 -3 -6 -11 -17 -22 -7 1 3 4 4 4 0 -6 -2 4 0 -9 -3 1 -3 -3 -2 -3 1 8 14
-2 -12 -14 -25 -28 -22 -22 -11 11 13 9 6 5 -1 -2 -8 -26 -24 -32 -17 -23 -12 -21 -35 -40 -29 -33 -35 -37 -35 -30 -41 2 -6 -45 -49 -32 -26 -41 -45 -55 -48 -39 -36 -27 -7 0 3 1 -1 -1 -3 -5 -8 -9 -10 -14 -17 -19 -19 -4 2 3 2 1 -7 -16 -15 -6 5 2 -3 -6 1 9 5 0 -2 0 9 14
-16 2 -7 3 -22 -25 -23 -13 9 12 9 3 4 1 -12 -6 -13 -18 -21 -9 -9 -23 -45 -34 -37 -40 -43 -39 -29 -15 -25 -27 2 -12 -44 -34 -20 -39 -49 -52 -46 -48 -42 -47 -38 -13 -3 -2 -8 -5 -6 -12 -11 -12 -12 -15 -19 -20 -23 -14 1 3 2 -8 -16 -27 -30 -24 -3 9 0 -1 -4 -2 10 15 14 9 7 9 12
-26 -28 -22 -8 1 6 9 11 12 9 7 6 1 1 -3 -4 -12 -5 -13 -14 -10 -31 -45 -31 -22 -22 -21 -13 -11 -12 -16 3 -11 -40 -34 -19 -35 -48 -52 -44 -43 -40 -49 -46 -38 -10 -2 -7 -15 -13 -16 -15 -14 -16 -18 -21 -21 -27 -24 -11 0 -1 -1 -16 -26 -32 -32 -12 9 9 0 -3 2 4 3 7 15 22 18 12 13
-18 -30 -21 -18 -30 -24 -4 11 11 8 6 4 3 -6 -5 -10 -7 -9 -16 -9 -32 -29 -38 -37 -19 -11 -25 -13 -1 -2 4 3 -15 -39 -24 -32 -41 -50 -50 -41 -33 -33 -40 -49 -35 -9 1 -9 -15 -19 -18 -18 -17 -17 -17 -23 -29 -26 -18 -8 -6 -6 -10 -27 -35 -32 -11 9 12 2 -1 1 2 3 4 5 9 19 26 21 18
-12 -27 -24 -19 -9 -10 1 9 9 6 5 5 3 -5 -4 -5 0 -2 -7 -30 -29 -34 -40 -28 -30 -9 -20 -15 -6 -5 -9 5 -5 -23 -34 -42 -46 -45 -37 -36 -24 -24 -35 -41 -37 -12 2 0 -10 -20 -19 -18 -18 -17 -18 -22 -22 -17 -9 -5 -6 -13 -23 -31 -35 -9 10 14 7 -2 2 6 0 1 2 9 11 15 23 28 26
-4 -10 3 5 10 10 5 9 6 6 4 4 3 0 1 1 -1 -1 -10 -21 -16 -26 -27 -14 -16 -14 -3 -1 -2 3 -2 5 -12 -13 -27 -39 -44 -40 -32 -26 -13 -10 -29 -30 -32 -9 7 2 -10 -17 -20 -22 -20 -19 -17 -16 -14 -10 -6 -9 -17 -22 -29 -32 -13 10 14 11 3 2 6 4 2 -3 1 8 14 19 24 28 29
-3 10 11 13 12 10 10 9 8 9 7 6 3 3 3 -4 -6 -2 -4 -4 -12 -9 -6 -9 -8 -4 -2 3 8 2 -4 1 -5 -16 -21 -30 -27 -30 -28 -12 -6 -17 -24 -24 -24 -7 9 -1 -8 -9 -12 -18 -21 -16 -15 -16 -11 -11 -16 -21 -19 -19 -22 -22 7 14 15 12 7 5 8 3 -2 -3 5 12 15 19 24 29 27
2 -21 -15 8 10 10 10 10 8 4 5 5 4 3 -3 -5 -1 0 3 -7 -13 1 -6 -1 4 3 3 -4 -5 0 5 -9 -20 -16 -22 -17 -4 -4 -5 0 -22 -35 -26 -17 -24 -20 6 1 -3 -7 -10 -13 -15 -13 -12 -19 -16 -18 -19 -18 -17 -17 -17 -5 10 14 15 12 11 10 9 0 -1 3 4 12 13 21 24 30 31
-25 -27 -30 -8 6 2 4 10 6 3 -2 -7 -13 -12 -15 -22 -1 -1 4 2 -7 2 5 8 8 9 1 -23 -15 -5 1 -17 -10 -12 -10 -6 5 6 6 -11 -29 -30 -22 -13 -23 -21 6 11 2 0 -7 -15 -17 -15 -18 -24 -22 -20 -24 -21 -14 -4 1 6 8 11 14 13 12 10 8 3 0 8 8 17 24 28 30 30 29
-33 -22 -19 -24 -6 2 -1 9 5 -9 -26 -31 -31 -27 -8 -13 0 3 4 6 7 8 9 10 10 8 -4 -7 -13 -10 2 -12 -4 -2 -4 3 9 7 -5 -12 -22 -19 -6 -4 -11 -5 3 11 11 6 -3 -8 -17 -21 -27 -28 -22 -26 -26 -18 -7 -3 0 0 2 5 7 10 12 12 7 4 13 10 16 21 24 27 29 -9999 -9999
-26 -29 -17 -33 -10 10 11 7 2 -23 -30 -33 -24 -12 -3 -10 -1 5 5 6 7 7 9 10 11 5 -3 1 -2 -2 8 0 -2 3 8 10 10 -5 -4 -19 -10 -6 -5 -8 -9 -1 2 7 4 10 2 -1 -5 -14 -26 -27 -27 -28 -23 -14 -3 -2 2 3 3 6 8 10 11 12 15 12 3 3 9 20 23 23 27 -9999 -9999
-27 -22 -6 -7 4 13 3 3 -2 -20 -30 -35 -27 -12 -4 -1 2 5 6 8 5 0 2 9 11 10 5 5 8 5 9 9 8 10 11 10 6 -1 -10 -17 -8 -5 -2 -5 -6 -4 0 2 -4 4 11 4 -1 -8 -16 -22 -27 -26 -20 -9 -8 -5 -2 0 0 0 2 5 9 11 13 18 6 5 9 17 30 32 32 -9999 -9999
-27 -28 -2 9 11 12 8 8 -2 -24 -29 -21 -21 -4 -10 -6 -4 1 8 9 8 1 3 9 12 13 12 10 10 11 12 12 12 12 8 -2 3 -2 -3 -11 -8 -1 5 4 2 3 4 4 2 3 12 7 -2 -1 -10 -12 -16 -19 -18 -9 -6 -1 1 5 5 3 4 6 8 10 18 19 13 13 8 17 27 21 28 30 30
-27 -13 7 8 4 8 13 12 7 -3 -9 -7 -2 -2 -7 -8 -4 5 9 7 7 9 6 10 13 12 13 14 12 13 13 13 13 13 9 7 1 2 0 -2 1 2 2 1 4 4 5 6 3 2 9 12 8 1 -6 -7 -6 -6 -3 1 2 2 3 5 4 5 8 11 13 17 19 19 18 18 4 13 15 27 34 33 33
-21 1 6 -8 2 3 13 10 10 8 5 3 -1 -2 0 -6 2 10 11 3 -1 11 13 14 11 8 12 14 14 13 13 14 14 14 13 10 6 8 5 -1 5 4 6 10 11 10 9 6 -5 -4 11 12 12 9 6 -1 -5 -4 1 3 3 4 4 3 0 -7 1 22 24 24 28 30 28 15 21 30 26 30 31 32 30
3 -3 -10 2 2 12 15 13 13 12 12 8 4 7 8 3 3 12 12 4 2 13 15 15 10 2 6 10 14 14 13 13 14 14 13 11 9 10 10 9 11 9 11 12 12 10 8 -3 -11 -3 9 7 5 11 14 12 8 3 4 6 3 2 6 2 0 -2 18 27 27 28 28 25 30 28 30 35 32 26 29 29 34
-10 1 9 8 9 12 14 16 15 12 13 14 14 13 11 8 11 13 13 6 2 11 16 14 9 3 6 0 7 13 14 14 14 14 15 14 11 12 13 13 12 12 12 12 13 11 -5 -15 -5 2 12 10 9 13 15 12 12 11 11 8 0 -1 4 13 18 24 26 27 24 22 25 25 31 31 -9999 -9999 -9999 -9999 -9999 -9999 -9999
9 10 12 14 15 15 14 17 15 13 15 13 3 10 13 13 14 14 14 11 9 9 16 16 11 5 11 5 -3 -1 5 7 10 14 15 15 14 13 13 14 13 13 13 11 14 8 -4 2 2 10 15 14 13 14 10 8 14 16 14 5 4 5 8 16 24 26 26 25 23 25 -9999 -9999 -9999 -9999 -9999 -9999 -9999 -9999 -9999 -9999 -9999
10 11 13 13 10 11 12 16 18 15 16 15 7 10 14 15 15 15 16 16 16 16 17 17 15 12 5 6 5 4 8 7 10 12 7 9 15 15 13 14 14 13 13 12 14 8 8 11 14 16 17 18 16 13 10 13 14 14 11 9 10 12 15 21 26 23 20 24 26 -9999 -9999 -9999 -9999 -9999 -9999 -9999 -9999 -9999 -9999 -9999 -9999
12 10 15 13 13 11 14 16 19 16 18 17 13 17 17 17 17 17 17 17 17 17 18 18 18 16 14 14 8 1 3 3 6 4 9 6 12 16 15 15 14 14 10 11 13 12 13 15 18 17 18 20 17 14 15 14 11 9 15 16 15 19 21 22 18 17 18 25 28 -9999 -9999 -9999 -9999 -9999 -9999 -9999 -9999 -9999 -9999 -9999 -9999
14 14 17 14 17 14 17 19 18 16 13 8 11 17 19 18 18 18 18 18 18 18 19 18 17 18 18 15 10 6 5 1 6 13 15 15 15 17 13 11 14 15 13 14 14 14 15 15 17 19 18 20 20 17 16 14 12 12 17 21 23 24 25 20 12 15 23 26 -9999 -9999 -9999 -9999 -9999 -9999 -9999 -9999 -9999 -9999 -9999 -9999 -9999
16 17 18 19 18 17 20 20 16 12 1 -1 5 14 17 19 18 19 19 19 19 19 19 19 17 18 19 19 15 15 8 9 15 16 15 16 18 17 12 8 12 13 12 10 12 14 15 16 16 17 19 19 20 20 20 17 14 14 18 23 24 23 23 16 14 18 22 26 -9999 -9999 -9999 -9999 -9999 -9999 -9999 -9999 -9999 -9999 -9999 -9999 -9999
18 -9999 -9999 -9999 20 20 21 18 14 4 -7 1 14 12 11 18 19 19 19 19 19 20 20 19 18 16 19 19 17 18 17 18 17 16 16 18 17 14 12 11 11 13 13 13 9 5 10 15 16 17 18 19 19 20 21 21 17 19 24 23 22 17 23 22 24 23 26 -9999 -9999 -9999 -9999 -9999 -9999 -9999 -9999 -9999 -9999 -9999 -9999 -9999 -9999
-9999 -9999 -9999 -9999 -9999 -9999 22 19 14 13 3 -5 11 19 17 18 20 19 20 20 20 21 20 20 20 18 20 20 19 18 18 17 17 17 19 18 11 10 12 7 6 9 10 11 12 11 8 8 12 16 18 19 20 20 20 21 23 22 25 23 21 21 23 25 27 -9999 -9999 -9999 -9999 -9999 -9999 -9999 -9999 -9999 -9999 -9999 -9999 -9999 -9999 -9999 -9999
-9999 -9999 -9999 -9999 -9999 -9999 -9999 22 21 17 3 1 14 19 21 20 20 21 21 21 20 21 21 21 21 21 20 19 19 19 18 18 18 19 20 19 16 11 13 12 5 4 5 4 11 9 7 9 6 3 5 11 18 20 22 22 24 24 25 24 21 23 24 -9999 -9999 -9999 -9999 -9999 -9999 -9999 -9999 -9999 -9999 -9999 -9999 -9999 -9999 -9999 -9999 -9999 -9999
-9999 -9999 -9999 -9999 -9999 -9999 -9999 20 21 20 17 9 16 21 21 22 22 22 22 21 21 22 22 21 21 21 20 20 19 19 19 18 19 20 20 21 18 16 11 9 7 2 -2 6 12 9 3 4 6 3 5 10 13 14 21 23 25 25 26 22 23 24 -9999 -9999 -9999 -9999 -9999 -9999 -9999 -9999 -9999 -9999 -9999 -9999 -9999 -9999 -9999 -9999 -9999 -9999 -9999
-9999 -9999 -9999 -9999 -9999 -9999 -9999 -9999 21 21 21 21 21 20 19 21 22 22 22 22 22 22 22 22 22 21 20 20 20 20 19 19 20 21 21 20 19 18 14 7 -1 10 13 13 9 5 6 8 4 10 16 12 10 12 14 19 23 25 26 -9999 -9999 -9999 -9999 -9999 -9999 -9999 -9999 -9999 -9999 -9999 -9999 -9999 -9999 -9999 -9999 -9999 -9999 -9999 -9999 -9999 -9999
-9999 -9999 -9999 -9999 -9999 -9999 -9999 -9999 -9999 21 22 21 20 -9999 -9999 21 -9999 -9999 -9999 22 22 22 22 22 22 22 21 21 21 20 20 20 21 22 19 17 17 15 16 16 14 12 15 8 10 4 2 5 10 9 12 18 13 15 17 20 19 23 -9999 -9999 -9999 -9999 -9999 -9999 -9999 -9999 -9999 -9999 -9999 -9999 -9999 -9999 -9999 -9999 -9999 -9999 -9999 -9999 -9999 -9999 -9999
-9999 -9999 -9999 -9999 -9999 -9999 -9999 -9999 -9999 -9999 -9999 22 -9999 -9999 -9999 -9999 -9999 -9999 -9999 -9999 22 22 22 22 22 22 21 21 21 21 21 21 21 22 20 18 15 13 9 16 17 15 14 4 10 3 0 5 3 9 12 13 17 20 23 22 20 20 24 -9999 -9999 -9999 -9999 -9999 -9999 -9999 -9999 -9999 -9999 -9999 -9999 -9999 -9999 -9999 -9999 -9999 -9999 -9999 -9999 -9999 -9999
-9999 -9999 -9999 -9999 -9999 -9999 -9999 -9999 -9999 -9999 -9999 -9999 -9999 -9999 -9999 -9999 -9999 -9999 -9999 -9999 22 22 22 23 23 22 23 22 22 22 22 22 23 22 20 19 17 15 11 10 8 12 11 11 12 15 8 11 11 9 14 15 20 20 23 25 25 24 -9999 -9999 -9999 -9999 -9999 -9999 -9999 -9999 -9999 -9999 -9999 -9999 -9999 -9999 -9999 -9999 -9999 -9999 -9999 -9999 -9999 -9999 -9999
