Electronic Materials (Flash Drives)/data/NZclimate/2050/miroc_4_2050/bio01nz.asc
ncols         384
nrows         384
xllcorner     164
yllcorner     -49
cellsize      0.041666666666667
NODATA_value  -9999
[rows 280 to 314 of 384, columns 80 to 159 of 384]
-9999 -9999 -9999 -9999 -9999 115 106 103 90 86 76 85 89 93 89 88 70 61 97 89 57 51 75 98 95 62 71 85 43 36 53 66 85 87 77 61 68 48 85 110 100 87 115 114 115 114 113 108 85 92 101 105 104 102 94 84 84 55 49 68 69 79 57 57 65 79 86 98 87 79 71 81 101 114 109 113 116 114 109 108
-9999 -9999 -9999 -9999 106 108 99 85 78 80 95 98 104 64 81 68 59 57 84 92 56 69 73 101 101 95 91 73 40 52 65 68 84 98 71 44 57 84 93 86 72 76 98 113 110 111 115 114 100 88 91 92 103 100 98 97 80 71 41 64 83 89 77 44 58 67 78 89 93 80 51 58 90 106 110 118 110 100 96 95
-9999 -9999 106 100 99 79 96 98 80 80 94 68 83 87 55 56 63 58 66 96 61 52 50 92 92 106 93 57 46 48 40 61 75 90 63 49 61 85 75 59 74 100 103 78 84 96 103 113 111 91 99 107 112 101 97 93 87 83 62 67 79 92 89 52 57 67 81 69 82 88 65 50 81 99 108 115 118 113 105 106
110 104 97 87 102 86 91 86 78 64 68 68 73 64 63 56 59 68 90 77 65 71 40 73 109 106 77 51 49 64 59 75 88 89 62 64 76 81 66 86 96 104 81 62 63 68 71 100 116 112 112 110 108 100 87 68 71 75 90 78 90 95 95 69 58 69 68 62 68 75 70 52 70 86 99 111 115 119 120 117
106 88 95 96 96 82 81 85 76 62 72 73 73 73 70 68 54 60 79 77 59 83 66 52 106 107 78 60 46 71 76 87 92 66 62 83 65 76 49 77 101 86 57 50 40 59 87 110 117 114 114 108 89 79 63 62 56 76 98 97 98 98 97 84 58 59 60 62 67 79 80 66 61 65 89 96 110 114 115 117
93 98 80 85 89 93 90 75 69 80 78 63 69 89 84 63 72 84 75 75 56 61 87 79 103 109 79 42 68 76 79 86 93 78 75 79 85 80 65 86 81 65 51 40 54 93 112 118 115 114 109 97 76 69 79 68 82 97 103 100 103 98 89 92 79 59 60 66 69 73 71 66 66 81 83 90 102 105 114 116
92 106 93 90 84 75 68 71 69 66 80 91 86 95 89 64 91 66 60 54 77 65 73 90 104 110 92 62 69 70 89 94 83 84 94 100 96 67 66 77 66 70 54 58 95 112 118 111 105 99 93 91 80 76 88 91 100 105 106 104 103 98 97 92 87 76 64 63 67 75 74 73 82 92 96 96 98 108 113 113
82 100 102 92 79 71 68 78 89 66 65 72 78 107 80 67 94 56 67 49 61 84 80 49 83 110 103 80 65 81 86 82 99 108 110 109 106 89 71 67 79 85 67 84 111 116 111 94 80 70 69 79 84 90 102 106 108 108 108 100 93 100 100 98 94 88 87 88 93 96 95 89 74 83 89 99 104 108 110 112
92 93 87 81 83 80 68 72 73 86 65 74 95 104 75 69 86 69 56 48 60 73 70 51 61 106 105 61 65 92 71 92 102 107 104 89 87 93 103 99 100 99 98 99 114 115 99 76 58 52 65 86 101 107 109 109 109 109 104 94 104 100 93 98 98 95 95 96 98 99 100 90 67 75 83 92 97 101 106 110
90 78 67 69 72 92 63 73 82 96 78 84 107 84 64 88 84 66 57 57 51 84 60 58 70 103 110 88 99 105 108 112 113 109 94 34 41 65 79 88 104 87 97 115 116 108 88 70 57 77 95 107 110 111 110 111 108 105 105 106 99 86 98 102 102 100 100 100 100 103 102 98 77 65 75 90 96 97 101 105
81 86 81 79 71 88 88 67 68 79 99 105 105 98 91 93 60 58 63 64 59 85 68 59 82 98 107 110 110 103 88 61 107 112 85 42 40 59 74 88 85 80 89 110 110 95 101 103 89 100 108 111 110 110 111 107 104 107 106 100 85 93 102 104 105 103 103 103 103 104 104 100 93 71 80 79 89 93 94 103
77 68 71 94 93 92 101 96 83 75 88 106 106 105 100 88 70 64 53 79 76 56 76 62 89 79 80 80 68 66 58 73 88 112 82 43 36 51 69 85 76 69 76 101 104 90 82 109 107 110 110 113 114 107 101 102 106 106 102 88 83 95 104 106 106 105 106 105 105 106 106 102 97 86 71 80 76 85 95 104
63 68 72 70 68 70 77 99 106 104 107 107 105 104 101 89 69 76 57 84 65 60 62 88 79 65 59 64 57 71 78 91 98 111 73 40 41 48 74 91 84 66 75 88 94 99 98 114 115 114 115 117 113 105 97 105 105 103 93 81 82 92 104 106 107 107 107 107 107 107 107 103 94 95 88 73 76 86 94 97
68 80 65 63 64 62 62 71 98 106 107 106 103 103 94 88 69 83 58 68 76 69 72 86 78 51 62 73 80 71 74 58 72 109 78 54 38 52 83 82 70 46 57 71 86 91 105 116 118 117 117 114 108 101 101 103 103 99 93 85 80 96 105 106 106 106 105 101 94 97 104 99 90 96 99 95 94 95 93 97
64 88 77 76 64 61 68 68 80 105 107 103 100 99 93 92 86 67 70 61 77 71 84 74 59 54 66 62 61 59 61 66 54 104 95 50 46 66 74 56 52 40 48 59 63 74 100 110 114 112 107 108 105 101 97 96 94 90 85 82 82 99 105 106 104 102 93 83 83 92 105 101 95 91 98 106 102 96 94 96
64 73 93 83 95 67 65 67 78 103 106 103 97 98 96 81 88 81 76 73 87 87 71 48 60 57 54 51 56 67 83 72 70 104 88 51 63 80 58 47 43 50 48 55 49 60 92 105 107 98 102 101 92 93 92 91 87 83 81 77 87 104 106 103 92 83 70 67 74 95 108 98 96 93 94 107 111 110 104 102
66 62 60 67 82 93 98 102 104 106 103 101 100 95 96 91 90 81 89 81 81 85 62 48 64 74 73 75 85 87 86 82 103 88 56 63 80 63 47 42 52 53 57 46 50 60 95 105 99 88 91 87 89 89 86 84 80 79 73 75 90 102 101 99 83 72 64 65 85 107 107 98 93 99 100 99 102 110 116 112
81 71 58 68 72 59 66 88 104 105 102 100 98 98 88 89 83 88 85 78 86 61 64 55 56 76 86 71 84 98 97 104 104 84 57 74 66 55 45 45 55 66 66 57 46 63 95 109 96 88 84 84 84 85 85 84 77 70 73 82 93 94 94 89 71 61 64 87 107 109 100 96 98 98 98 99 100 103 113 119
80 77 62 64 71 81 81 94 102 102 100 99 99 97 88 89 88 95 92 88 63 64 59 52 66 64 87 76 82 92 93 90 106 95 75 62 54 49 50 60 61 75 76 63 55 60 91 110 106 94 81 82 83 83 84 82 78 78 83 92 96 93 86 75 66 61 88 107 111 103 94 99 102 96 97 96 103 105 108 116
89 86 80 94 97 103 103 99 102 99 100 98 98 97 94 95 96 94 94 84 72 78 67 66 81 80 81 95 97 96 102 97 105 87 85 70 56 51 55 65 73 88 92 69 68 66 94 114 109 94 84 80 78 80 82 83 84 86 90 95 91 82 75 68 64 84 108 112 107 99 98 102 100 97 91 95 102 107 111 116
82 86 101 103 105 105 104 103 103 102 102 101 100 97 97 98 90 88 93 91 91 82 86 89 87 88 93 96 101 107 101 95 100 94 82 77 67 70 68 69 88 96 83 76 75 75 97 116 104 95 93 90 82 79 84 86 84 89 88 82 76 79 79 74 74 104 111 112 108 103 101 103 98 92 90 99 105 108 111 115
72 92 67 74 100 103 104 104 103 102 98 99 99 98 96 91 88 93 94 98 88 82 96 89 95 101 100 100 93 93 98 104 89 77 81 75 81 96 96 96 102 77 61 72 83 75 80 111 106 100 95 92 88 85 87 88 80 83 81 78 79 81 80 79 92 107 111 111 108 106 105 103 94 92 96 97 104 105 112 114
90 63 61 58 82 98 94 97 103 100 96 91 85 79 81 77 70 92 94 99 97 88 98 101 104 105 106 98 72 81 93 100 79 88 86 88 94 106 108 108 89 68 67 77 88 75 79 110 116 106 103 94 84 82 84 80 73 75 78 72 75 83 93 99 103 104 107 110 109 107 104 101 96 93 101 100 108 114 117 120
89 53 66 69 64 85 94 91 103 98 83 64 58 59 64 85 79 94 98 99 101 102 104 105 106 107 106 92 90 83 87 100 85 94 96 95 104 110 108 95 87 76 80 94 98 90 97 107 115 115 109 99 93 81 77 70 69 75 70 70 78 90 93 96 96 98 100 101 104 106 106 100 97 105 102 107 111 113 116 118
74 61 59 71 54 80 103 104 100 94 66 59 56 67 80 89 82 93 99 100 100 103 103 105 106 107 101 93 97 95 96 107 98 96 102 108 110 110 94 96 79 89 95 96 92 91 100 104 109 106 113 104 100 95 85 70 69 69 68 72 82 94 94 97 99 98 100 101 103 104 104 106 104 94 94 100 109 112 111 115
78 60 66 84 83 95 104 95 96 89 70 59 54 63 80 88 92 96 99 101 103 100 95 97 105 107 107 102 102 105 103 107 107 107 109 110 109 106 99 88 80 91 94 99 95 94 97 102 103 96 105 113 105 99 90 81 74 68 69 75 87 87 90 93 95 94 94 95 98 101 103 104 108 97 95 99 106 117 119 118
77 60 59 88 100 103 104 100 100 89 65 60 69 69 88 82 86 88 94 102 103 103 96 98 104 108 109 108 106 107 108 109 109 110 111 107 96 102 97 96 86 90 99 105 104 102 104 105 105 103 104 112 107 97 98 87 85 80 76 77 86 89 93 96 99 99 96 97 98 100 102 108 109 103 102 97 105 113 108 114
85 60 75 97 99 95 99 105 104 99 88 81 84 89 90 85 84 88 98 103 101 101 103 100 105 108 108 109 109 108 109 110 110 110 111 107 106 99 100 99 96 100 101 102 101 104 104 105 106 102 101 109 112 108 99 91 90 90 90 92 96 97 96 97 98 97 97 99 103 104 107 109 108 107 106 93 101 103 113 119
96 66 89 96 81 92 93 104 101 102 100 97 95 90 90 92 85 94 103 104 96 92 105 107 109 106 103 107 109 109 109 109 111 111 111 111 108 104 107 104 97 104 103 105 109 111 110 108 105 92 93 110 110 110 107 103 96 90 91 96 98 98 98 97 96 92 85 92 113 114 113 116 117 114 103 107 115 111 115 115
75 91 85 78 92 92 103 106 104 104 103 103 99 96 99 101 95 95 105 105 97 95 107 109 109 105 96 101 105 109 109 109 110 111 111 111 108 107 107 108 107 109 108 110 111 111 109 107 94 85 94 107 105 103 108 111 108 103 98 98 100 97 95 99 94 92 90 109 117 117 117 116 113 116 113 114 118 116 111 114
67 77 89 99 97 99 102 105 108 106 103 104 106 106 105 103 100 103 106 105 98 95 104 110 108 103 96 101 94 102 108 110 109 110 111 111 110 107 109 110 111 109 109 110 110 111 108 92 80 91 99 109 107 105 110 111 107 107 106 105 102 93 91 96 105 109 115 116 116 113 110 113 112 117 116 -9999 -9999 -9999 -9999 -9999
92 97 98 101 104 105 106 104 108 106 104 107 104 93 101 104 105 105 107 107 104 101 102 109 110 104 99 105 99 91 93 100 102 106 110 112 112 110 110 109 111 110 110 110 108 111 104 91 98 98 107 112 110 109 110 105 103 109 110 108 98 96 97 100 107 114 116 116 114 111 113 -9999 -9999 -9999 -9999 -9999 -9999 -9999 -9999 -9999
97 99 99 102 102 99 100 102 107 108 105 108 106 97 100 106 107 107 108 108 108 109 109 110 110 109 105 98 99 99 98 102 102 104 107 102 104 111 111 109 111 110 109 109 108 111 104 104 107 111 112 113 114 112 107 105 107 108 107 104 101 102 103 105 111 115 113 110 113 113 -9999 -9999 -9999 -9999 -9999 -9999 -9999 -9999 -9999 -9999
95 99 98 104 102 102 99 103 106 109 107 108 107 104 108 108 108 108 108 109 109 109 110 110 111 111 110 108 108 101 94 97 97 100 98 103 100 108 112 111 111 109 110 105 106 109 108 109 111 114 113 113 115 112 109 109 107 104 101 107 108 106 110 111 112 107 107 107 113 116 -9999 -9999 -9999 -9999 -9999 -9999 -9999 -9999 -9999 -9999
88 101 102 106 103 106 103 106 108 108 105 103 98 101 108 109 109 109 109 109 110 110 110 111 110 109 111 111 108 103 98 98 94 99 107 109 110 110 112 108 106 109 110 108 110 110 108 110 110 112 114 113 114 114 111 109 107 104 103 109 112 113 114 114 111 102 104 111 114 -9999 -9999 -9999 -9999 -9999 -9999 -9999 -9999 -9999 -9999 -9999
