Electronic Materials (Flash Drives)/data/NZclimate/2050/miroc_4_2050/bio05.nz.asc
ncols         384
nrows         384
xllcorner     164
yllcorner     -49
cellsize      0.041666666666667
NODATA_value  -9999
[rows 105 to 139 of 384, columns 240 to 319 of 384]
-9999 -9999 -9999 -9999 -9999 -9999 -9999 -9999 -9999 -9999 -9999 -9999 -9999 -9999 -9999 -9999 256 253 247 250 252 254 256 256 258 259 258 259 259 259 258 255 249 251 258 260 260 260 260 260 260 250 254 255 257 255 257 -9999 -9999 -9999 -9999 -9999 -9999 -9999 -9999 -9999 -9999 -9999 -9999 -9999 -9999 -9999 -9999 -9999 -9999 -9999 -9999 -9999 -9999 -9999 -9999 -9999 -9999 -9999 -9999 -9999 -9999 -9999 -9999 -9999
-9999 -9999 -9999 -9999 -9999 -9999 -9999 -9999 -9999 -9999 -9999 -9999 -9999 -9999 -9999 -9999 255 252 249 250 251 253 253 256 258 259 260 260 260 259 256 256 252 248 250 258 260 260 260 259 256 251 255 255 255 255 260 260 -9999 -9999 -9999 -9999 -9999 -9999 -9999 -9999 -9999 -9999 -9999 -9999 -9999 -9999 -9999 -9999 -9999 -9999 -9999 -9999 -9999 -9999 -9999 -9999 -9999 -9999 -9999 -9999 -9999 -9999 -9999 -9999
-9999 -9999 -9999 -9999 -9999 -9999 -9999 -9999 -9999 -9999 -9999 -9999 -9999 -9999 -9999 -9999 -9999 253 254 254 252 254 254 256 258 259 259 259 259 259 258 257 248 253 254 257 260 261 261 261 258 247 249 243 250 254 260 260 260 -9999 -9999 -9999 -9999 -9999 -9999 -9999 -9999 -9999 -9999 -9999 -9999 -9999 -9999 -9999 -9999 -9999 -9999 -9999 -9999 -9999 -9999 -9999 -9999 -9999 -9999 -9999 -9999 -9999 -9999 -9999
-9999 -9999 -9999 -9999 -9999 -9999 -9999 -9999 -9999 -9999 -9999 -9999 -9999 -9999 -9999 -9999 -9999 255 255 252 251 252 255 256 257 258 258 259 259 257 259 259 258 259 258 258 260 260 261 260 260 244 238 240 249 257 260 261 260 260 -9999 -9999 -9999 -9999 -9999 -9999 -9999 -9999 -9999 -9999 -9999 -9999 -9999 -9999 -9999 -9999 -9999 -9999 -9999 -9999 -9999 -9999 -9999 -9999 -9999 268 263 -9999 -9999 -9999
-9999 -9999 -9999 -9999 -9999 -9999 -9999 -9999 -9999 -9999 -9999 -9999 -9999 -9999 -9999 -9999 -9999 -9999 253 251 251 252 255 254 253 257 258 259 257 258 259 259 259 258 255 256 260 260 261 261 261 257 252 237 248 259 261 261 260 260 259 -9999 -9999 -9999 -9999 -9999 -9999 -9999 -9999 -9999 -9999 -9999 -9999 -9999 -9999 -9999 -9999 -9999 -9999 -9999 -9999 -9999 -9999 -9999 -9999 -9999 -9999 -9999 -9999 -9999
-9999 -9999 -9999 -9999 -9999 -9999 -9999 -9999 -9999 -9999 -9999 -9999 -9999 -9999 -9999 -9999 -9999 -9999 253 254 252 253 253 251 251 255 256 255 257 259 259 259 259 259 258 259 259 259 260 260 260 260 260 252 247 258 260 260 260 260 260 260 -9999 -9999 -9999 -9999 -9999 261 261 -9999 -9999 -9999 -9999 -9999 -9999 -9999 -9999 -9999 -9999 -9999 -9999 -9999 -9999 -9999 -9999 -9999 -9999 -9999 -9999 -9999
-9999 -9999 -9999 -9999 -9999 -9999 -9999 -9999 -9999 -9999 -9999 -9999 -9999 -9999 -9999 -9999 -9999 -9999 -9999 254 254 254 252 252 254 253 253 255 258 259 259 259 259 258 259 259 259 259 260 260 260 260 260 255 241 252 258 259 260 260 260 260 260 260 -9999 -9999 -9999 261 261 -9999 -9999 -9999 -9999 -9999 -9999 -9999 -9999 -9999 -9999 -9999 -9999 -9999 -9999 -9999 -9999 -9999 -9999 -9999 -9999 -9999
-9999 -9999 -9999 -9999 -9999 -9999 -9999 -9999 -9999 -9999 -9999 -9999 -9999 -9999 -9999 -9999 -9999 -9999 -9999 253 254 254 253 253 253 251 254 258 259 258 259 259 259 258 258 258 257 259 259 259 260 259 259 259 243 244 251 255 257 259 260 260 261 260 260 260 -9999 -9999 -9999 -9999 -9999 -9999 -9999 -9999 -9999 -9999 -9999 -9999 -9999 -9999 -9999 -9999 -9999 -9999 -9999 -9999 -9999 -9999 -9999 -9999
-9999 -9999 -9999 -9999 -9999 -9999 -9999 -9999 -9999 -9999 -9999 -9999 -9999 -9999 -9999 -9999 -9999 -9999 -9999 254 254 253 254 255 252 251 256 258 258 258 258 259 259 258 258 255 256 258 259 259 259 259 259 259 256 241 244 249 252 256 259 260 259 259 258 261 262 262 -9999 262 -9999 -9999 -9999 -9999 -9999 -9999 -9999 -9999 -9999 -9999 -9999 -9999 -9999 -9999 -9999 -9999 -9999 -9999 -9999 -9999
-9999 -9999 -9999 -9999 -9999 -9999 -9999 -9999 -9999 -9999 -9999 -9999 -9999 -9999 -9999 -9999 -9999 -9999 -9999 -9999 253 255 256 255 249 251 257 258 258 258 258 258 258 258 258 256 253 254 257 258 258 259 259 258 258 242 242 245 251 258 258 257 254 253 256 261 262 262 262 261 262 -9999 -9999 -9999 -9999 -9999 -9999 -9999 -9999 -9999 -9999 -9999 -9999 -9999 -9999 -9999 -9999 -9999 -9999 -9999
-9999 -9999 -9999 -9999 -9999 -9999 -9999 -9999 -9999 -9999 -9999 -9999 -9999 -9999 -9999 -9999 -9999 -9999 256 253 255 255 255 255 252 252 255 258 258 258 258 258 258 258 257 255 250 250 249 254 256 257 258 258 257 243 240 250 252 254 254 252 249 247 254 258 260 261 262 262 262 263 262 -9999 -9999 -9999 -9999 -9999 -9999 -9999 -9999 -9999 -9999 -9999 -9999 -9999 -9999 -9999 -9999 -9999
-9999 -9999 -9999 -9999 -9999 -9999 -9999 -9999 -9999 -9999 -9999 -9999 -9999 -9999 -9999 -9999 -9999 -9999 242 241 250 252 251 249 255 252 252 257 257 257 257 257 257 257 257 257 253 251 250 250 255 257 258 258 258 251 240 248 250 249 248 247 247 250 251 254 258 260 260 261 261 261 262 262 262 264 -9999 -9999 -9999 -9999 -9999 266 -9999 -9999 -9999 -9999 -9999 -9999 -9999 -9999
-9999 -9999 -9999 -9999 -9999 -9999 -9999 -9999 -9999 -9999 -9999 -9999 -9999 -9999 -9999 -9999 -9999 -9999 250 248 250 247 246 241 253 253 255 257 258 258 257 257 257 257 257 257 257 254 253 254 256 257 257 257 258 255 242 242 245 244 244 244 244 246 249 252 257 258 258 258 259 259 259 260 258 256 264 264 265 265 -9999 -9999 -9999 -9999 -9999 -9999 -9999 -9999 -9999 -9999
-9999 -9999 -9999 -9999 -9999 -9999 -9999 -9999 -9999 -9999 -9999 -9999 -9999 -9999 -9999 -9999 -9999 -9999 253 252 253 249 249 245 249 248 252 255 257 257 257 257 257 257 256 256 254 256 255 254 256 256 257 257 257 253 240 242 241 241 239 241 243 246 249 252 254 254 254 256 255 257 258 257 253 259 265 265 265 265 265 265 264 -9999 -9999 -9999 -9999 -9999 -9999 -9999
-9999 -9999 -9999 -9999 -9999 -9999 -9999 -9999 -9999 -9999 -9999 -9999 -9999 -9999 -9999 -9999 -9999 -9999 251 253 255 252 247 242 242 234 232 246 256 257 257 257 257 256 257 256 252 253 253 255 255 254 257 257 255 252 245 239 238 238 239 241 243 246 248 249 251 251 251 252 251 252 252 250 250 261 265 265 265 265 265 264 261 265 266 266 265 266 267 266
-9999 -9999 -9999 -9999 -9999 -9999 -9999 -9999 -9999 -9999 -9999 -9999 -9999 -9999 -9999 -9999 -9999 -9999 254 253 253 249 247 249 244 234 235 246 255 257 257 257 257 257 256 252 248 238 245 254 255 253 255 256 254 251 247 241 238 238 239 240 244 246 247 248 250 250 250 248 250 249 249 250 257 264 264 264 263 259 261 264 257 264 265 266 265 265 266 266
-9999 -9999 -9999 -9999 -9999 -9999 -9999 -9999 -9999 -9999 -9999 -9999 -9999 -9999 -9999 -9999 -9999 -9999 253 253 254 254 253 250 245 241 248 254 256 256 256 257 257 257 256 254 249 247 251 255 255 255 254 254 252 249 245 241 239 238 239 243 248 251 251 251 249 246 247 244 242 246 248 255 261 263 263 263 257 257 261 265 261 260 260 264 263 260 265 265
-9999 -9999 -9999 -9999 -9999 -9999 -9999 -9999 -9999 -9999 -9999 -9999 -9999 -9999 -9999 -9999 252 247 253 254 254 254 253 249 246 247 251 254 255 256 257 256 256 257 256 255 253 253 254 254 255 254 253 252 251 249 246 241 239 238 239 245 242 250 251 251 245 240 242 236 242 247 248 256 261 256 258 260 255 259 262 265 263 261 261 263 260 251 261 258
-9999 -9999 -9999 -9999 -9999 -9999 -9999 -9999 -9999 -9999 -9999 -9999 -9999 -9999 -9999 -9999 250 250 250 253 251 247 250 244 243 249 252 252 255 256 256 255 255 256 255 254 254 253 252 253 252 252 251 251 250 248 246 245 239 237 236 242 246 250 250 247 243 247 239 232 250 256 258 260 257 254 253 257 252 257 262 264 260 264 264 261 257 247 256 251
-9999 -9999 -9999 -9999 -9999 -9999 -9999 -9999 -9999 -9999 -9999 -9999 -9999 -9999 -9999 -9999 253 250 248 244 248 244 246 239 238 246 249 250 255 256 256 256 256 254 253 253 253 251 250 250 251 250 250 249 249 247 244 242 238 235 234 238 242 246 247 241 243 250 251 247 246 252 254 255 251 250 253 257 252 252 254 260 256 257 261 251 252 240 254 253
-9999 -9999 -9999 -9999 -9999 -9999 -9999 -9999 -9999 -9999 -9999 -9999 -9999 -9999 -9999 -9999 -9999 248 246 244 243 241 241 236 239 247 251 254 255 256 256 256 252 253 251 249 247 248 244 246 250 248 247 247 248 247 245 242 239 236 238 239 245 247 245 244 241 247 250 238 230 240 247 249 247 249 254 258 255 246 243 253 251 247 255 246 250 243 250 253
-9999 -9999 -9999 -9999 -9999 -9999 -9999 -9999 -9999 -9999 -9999 -9999 -9999 -9999 -9999 -9999 -9999 246 249 249 248 245 243 242 242 249 252 254 255 254 253 248 251 251 247 244 243 244 242 246 251 248 245 245 246 246 245 243 241 240 244 244 248 248 245 240 241 246 249 247 243 244 246 246 247 251 254 257 250 244 242 248 253 248 256 245 245 238 248 252
-9999 -9999 -9999 -9999 -9999 -9999 -9999 -9999 -9999 -9999 -9999 -9999 -9999 -9999 -9999 -9999 252 249 244 244 243 243 241 240 242 247 251 254 252 250 248 245 251 246 237 237 237 239 243 247 251 250 247 246 247 245 242 245 247 246 246 248 249 250 248 244 242 245 246 245 245 246 247 247 249 253 257 255 245 243 242 253 256 252 252 251 248 235 241 251
-9999 -9999 -9999 -9999 -9999 -9999 -9999 -9999 -9999 -9999 -9999 -9999 -9999 -9999 -9999 252 243 248 240 236 241 241 240 238 242 247 253 250 251 247 246 246 247 239 231 228 231 236 243 247 249 249 251 252 248 240 242 249 250 250 246 247 250 246 243 244 247 247 244 243 242 245 246 247 251 256 259 257 238 240 243 251 254 248 247 244 242 231 242 245
-9999 -9999 -9999 -9999 -9999 -9999 -9999 -9999 -9999 -9999 -9999 -9999 -9999 -9999 -9999 249 242 244 234 235 240 240 240 239 243 246 248 249 248 248 247 247 244 239 234 232 230 235 241 245 248 250 252 248 241 240 249 249 250 250 248 248 246 239 239 249 251 249 244 242 242 242 246 248 254 258 258 257 240 238 245 250 253 246 247 245 233 233 243 241
-9999 -9999 -9999 -9999 -9999 -9999 -9999 -9999 -9999 -9999 -9999 -9999 -9999 -9999 -9999 246 243 238 234 235 240 242 244 242 246 249 248 248 247 246 245 245 240 239 237 236 234 235 238 242 246 249 250 249 246 248 249 249 241 245 245 248 243 242 247 251 252 249 243 242 241 242 247 251 256 258 256 239 243 239 249 247 250 241 246 240 232 237 239 239
-9999 -9999 -9999 -9999 -9999 -9999 -9999 -9999 -9999 -9999 -9999 -9999 -9999 -9999 -9999 247 245 240 232 238 242 243 245 245 249 248 247 247 247 246 245 243 241 241 239 238 235 235 235 238 243 245 246 245 241 243 244 245 237 238 240 249 247 246 250 252 252 249 245 242 241 243 247 250 255 256 249 230 242 237 245 246 245 242 238 239 228 229 234 234
-9999 -9999 -9999 -9999 -9999 -9999 -9999 -9999 -9999 -9999 -9999 -9999 -9999 -9999 -9999 246 241 236 230 240 243 246 245 245 247 246 247 244 242 242 241 242 242 236 238 238 235 234 231 231 230 238 243 242 241 240 243 242 238 239 244 246 251 251 250 252 252 247 243 242 243 245 246 250 249 250 247 238 239 241 245 247 238 239 240 237 223 221 224 230
-9999 -9999 -9999 -9999 -9999 -9999 -9999 -9999 -9999 -9999 -9999 -9999 -9999 -9999 -9999 246 240 238 233 241 247 249 248 247 247 246 247 246 242 240 240 240 237 240 240 236 235 232 224 224 233 239 241 240 237 235 239 239 240 240 243 247 249 250 251 252 248 242 238 241 245 247 248 248 245 246 247 237 232 234 238 245 237 236 239 227 224 226 229 233
-9999 -9999 -9999 -9999 -9999 -9999 -9999 -9999 -9999 -9999 -9999 -9999 -9999 -9999 249 243 242 241 246 246 246 250 249 247 247 246 243 246 244 239 240 244 246 245 241 238 236 229 223 227 234 239 240 239 238 239 237 238 241 244 246 247 249 249 251 250 242 238 237 241 244 245 247 241 244 248 249 239 239 236 243 241 231 227 222 217 224 231 233 233
-9999 -9999 -9999 -9999 -9999 -9999 -9999 -9999 -9999 -9999 -9999 -9999 -9999 -9999 249 246 244 243 242 237 239 248 246 246 242 240 241 242 239 237 241 246 245 242 238 237 230 222 221 228 235 238 240 241 242 243 244 240 240 244 247 245 248 249 247 240 239 237 238 240 242 243 242 239 244 249 241 237 234 238 242 237 226 224 216 220 229 231 233 244
-9999 -9999 -9999 -9999 -9999 -9999 -9999 -9999 -9999 -9999 -9999 -9999 -9999 -9999 248 245 247 247 244 246 242 245 240 240 239 243 241 242 241 242 243 243 241 236 235 231 227 224 231 235 237 238 242 245 246 246 243 244 244 248 246 237 244 244 241 235 235 237 238 238 239 238 236 238 245 238 229 229 230 236 228 222 222 231 220 221 221 228 233 242
-9999 -9999 -9999 -9999 -9999 -9999 -9999 -9999 -9999 -9999 -9999 -9999 -9999 -9999 247 246 244 243 241 241 243 240 238 240 241 243 244 243 243 242 244 243 244 237 229 225 221 227 231 234 236 240 245 246 247 247 248 248 247 249 245 240 239 239 234 234 235 237 237 236 235 234 231 237 240 229 230 232 238 233 224 225 230 236 231 227 231 232 234 243
-9999 -9999 -9999 -9999 -9999 -9999 -9999 -9999 -9999 -9999 -9999 -9999 -9999 -9999 245 243 244 243 240 236 234 234 236 242 242 245 245 244 240 244 242 241 242 236 225 223 224 222 225 230 237 242 245 245 246 247 247 247 249 249 246 242 236 232 233 234 235 235 235 234 231 230 227 234 232 227 232 228 235 227 232 233 239 239 241 237 232 240 250 247
-9999 -9999 -9999 -9999 -9999 -9999 -9999 -9999 -9999 -9999 -9999 -9999 -9999 247 246 244 244 241 237 233 232 234 238 242 245 242 238 237 239 245 243 244 244 237 237 234 228 221 221 228 236 238 239 242 246 246 247 247 248 245 245 241 235 231 231 233 233 233 233 232 229 228 225 227 226 223 223 225 243 232 236 233 231 229 239 250 248 250 254 255
