Electronic Materials (Flash Drives)/data/NZclimate/2050/miroc_4_2050/bio05.nz.asc
ncols         384
nrows         384
xllcorner     164
yllcorner     -49
cellsize      0.041666666666667
NODATA_value  -9999
[rows 245 to 279 of 384, columns 80 to 159 of 384]
-9999 -9999 -9999 -9999 -9999 -9999 -9999 -9999 -9999 -9999 -9999 -9999 -9999 -9999 -9999 -9999 -9999 -9999 -9999 -9999 -9999 -9999 -9999 -9999 -9999 -9999 -9999 -9999 -9999 -9999 -9999 -9999 -9999 -9999 -9999 -9999 -9999 -9999 -9999 -9999 -9999 -9999 -9999 -9999 -9999 -9999 -9999 -9999 -9999 -9999 -9999 -9999 -9999 -9999 -9999 -9999 -9999 -9999 -9999 -9999 -9999 -9999 -9999 -9999 -9999 -9999 237 235 235 234 232 230 232 232 231 221 214 197 193 198
-9999 -9999 -9999 -9999 -9999 -9999 -9999 -9999 -9999 -9999 -9999 -9999 -9999 -9999 -9999 -9999 -9999 -9999 -9999 -9999 -9999 -9999 -9999 -9999 -9999 -9999 -9999 -9999 -9999 -9999 -9999 -9999 -9999 -9999 -9999 -9999 -9999 -9999 -9999 -9999 -9999 -9999 -9999 -9999 -9999 -9999 -9999 -9999 -9999 -9999 -9999 -9999 -9999 -9999 -9999 -9999 -9999 -9999 -9999 -9999 -9999 -9999 -9999 -9999 -9999 237 236 234 231 231 232 233 232 232 217 194 177 195 190 176
-9999 -9999 -9999 -9999 -9999 -9999 -9999 -9999 -9999 -9999 -9999 -9999 -9999 -9999 -9999 -9999 -9999 -9999 -9999 -9999 -9999 -9999 -9999 -9999 -9999 -9999 -9999 -9999 -9999 -9999 -9999 -9999 -9999 -9999 -9999 -9999 -9999 -9999 -9999 -9999 -9999 -9999 -9999 -9999 -9999 -9999 -9999 -9999 -9999 -9999 -9999 -9999 -9999 -9999 -9999 -9999 -9999 -9999 -9999 -9999 -9999 -9999 -9999 -9999 238 237 236 231 232 230 225 228 210 215 221 201 203 203 178 162
-9999 -9999 -9999 -9999 -9999 -9999 -9999 -9999 -9999 -9999 -9999 -9999 -9999 -9999 -9999 -9999 -9999 -9999 -9999 -9999 -9999 -9999 -9999 -9999 -9999 -9999 -9999 -9999 -9999 -9999 -9999 -9999 -9999 -9999 -9999 -9999 -9999 -9999 -9999 -9999 -9999 -9999 -9999 -9999 -9999 -9999 -9999 -9999 -9999 -9999 -9999 -9999 -9999 -9999 -9999 -9999 -9999 -9999 -9999 -9999 -9999 -9999 239 238 236 232 234 235 234 226 218 199 191 204 225 221 216 201 195 178
-9999 -9999 -9999 -9999 -9999 -9999 -9999 -9999 -9999 -9999 -9999 -9999 -9999 -9999 -9999 -9999 -9999 -9999 -9999 -9999 -9999 -9999 -9999 -9999 -9999 -9999 -9999 -9999 -9999 -9999 -9999 -9999 -9999 -9999 -9999 -9999 -9999 -9999 -9999 -9999 -9999 -9999 -9999 -9999 -9999 -9999 -9999 -9999 -9999 -9999 -9999 -9999 -9999 -9999 -9999 -9999 -9999 -9999 -9999 240 239 236 236 233 231 230 227 232 228 210 195 176 180 207 210 194 174 190 186 172
-9999 -9999 -9999 -9999 -9999 -9999 -9999 -9999 -9999 -9999 -9999 -9999 -9999 -9999 -9999 -9999 -9999 -9999 -9999 -9999 -9999 -9999 -9999 -9999 -9999 -9999 -9999 -9999 -9999 -9999 -9999 -9999 -9999 -9999 -9999 -9999 -9999 -9999 -9999 -9999 -9999 -9999 -9999 -9999 -9999 -9999 -9999 -9999 -9999 -9999 -9999 -9999 -9999 -9999 -9999 -9999 -9999 -9999 240 239 237 236 235 233 231 229 215 204 215 206 201 186 181 195 193 163 171 176 164 176
-9999 -9999 -9999 -9999 -9999 -9999 -9999 -9999 -9999 -9999 -9999 -9999 -9999 -9999 -9999 -9999 -9999 -9999 -9999 -9999 -9999 -9999 -9999 -9999 -9999 -9999 -9999 -9999 -9999 -9999 -9999 -9999 -9999 -9999 -9999 -9999 -9999 -9999 -9999 -9999 -9999 -9999 -9999 -9999 -9999 -9999 -9999 -9999 -9999 -9999 -9999 -9999 -9999 -9999 -9999 -9999 -9999 241 240 240 240 238 237 235 229 208 194 181 175 160 169 150 178 169 179 188 190 163 161 184
-9999 -9999 -9999 -9999 -9999 -9999 -9999 -9999 -9999 -9999 -9999 -9999 -9999 -9999 -9999 -9999 -9999 -9999 -9999 -9999 -9999 -9999 -9999 -9999 -9999 -9999 -9999 -9999 -9999 -9999 -9999 -9999 -9999 -9999 -9999 -9999 -9999 -9999 -9999 -9999 -9999 -9999 -9999 -9999 -9999 -9999 -9999 -9999 -9999 -9999 -9999 -9999 -9999 -9999 -9999 -9999 242 241 241 240 240 230 217 226 206 201 183 167 143 149 149 160 142 167 156 202 185 162 172 171
-9999 -9999 -9999 -9999 -9999 -9999 -9999 -9999 -9999 -9999 -9999 -9999 -9999 -9999 -9999 -9999 -9999 -9999 -9999 -9999 -9999 -9999 -9999 -9999 -9999 -9999 -9999 -9999 -9999 -9999 -9999 -9999 -9999 -9999 -9999 -9999 -9999 -9999 -9999 -9999 -9999 -9999 -9999 -9999 -9999 -9999 -9999 -9999 -9999 -9999 -9999 -9999 -9999 -9999 242 241 241 239 238 240 224 203 196 212 208 202 177 132 143 188 168 148 175 171 175 204 179 162 190 165
-9999 -9999 -9999 -9999 -9999 -9999 -9999 -9999 -9999 -9999 -9999 -9999 -9999 -9999 -9999 -9999 -9999 -9999 -9999 -9999 -9999 -9999 -9999 -9999 -9999 -9999 -9999 -9999 -9999 -9999 -9999 -9999 -9999 -9999 -9999 -9999 -9999 -9999 -9999 -9999 -9999 -9999 -9999 -9999 -9999 -9999 -9999 -9999 -9999 -9999 242 242 242 241 242 240 240 228 212 231 226 224 207 189 188 186 156 135 184 188 157 192 174 152 173 207 190 164 193 171
-9999 -9999 -9999 -9999 -9999 -9999 -9999 -9999 -9999 -9999 -9999 -9999 -9999 -9999 -9999 -9999 -9999 -9999 -9999 -9999 -9999 -9999 -9999 -9999 -9999 -9999 -9999 -9999 -9999 -9999 -9999 -9999 -9999 -9999 -9999 -9999 -9999 -9999 -9999 -9999 -9999 -9999 -9999 -9999 -9999 -9999 -9999 -9999 241 237 239 231 241 240 241 223 223 216 195 228 219 199 193 206 206 187 180 174 207 205 194 170 161 184 169 209 190 179 194 200
-9999 -9999 -9999 -9999 -9999 -9999 -9999 -9999 -9999 -9999 -9999 -9999 -9999 -9999 -9999 -9999 -9999 -9999 -9999 -9999 -9999 -9999 -9999 -9999 -9999 -9999 -9999 -9999 -9999 -9999 -9999 -9999 -9999 -9999 -9999 -9999 -9999 -9999 -9999 -9999 -9999 -9999 -9999 -9999 -9999 242 240 237 238 234 241 236 236 225 233 217 202 209 208 207 216 199 188 174 152 171 201 191 216 171 166 164 168 193 168 193 216 206 211 189
-9999 -9999 -9999 -9999 -9999 -9999 -9999 -9999 -9999 -9999 -9999 -9999 -9999 -9999 -9999 -9999 -9999 -9999 -9999 -9999 -9999 -9999 -9999 -9999 -9999 -9999 -9999 -9999 -9999 -9999 -9999 -9999 -9999 -9999 -9999 -9999 -9999 -9999 -9999 -9999 -9999 -9999 -9999 242 238 237 238 232 229 239 232 235 228 210 203 230 229 213 196 194 191 202 187 170 167 186 217 218 206 172 191 168 167 196 172 173 215 218 211 184
-9999 -9999 -9999 -9999 -9999 -9999 -9999 -9999 -9999 -9999 -9999 -9999 -9999 -9999 -9999 -9999 -9999 -9999 -9999 -9999 -9999 -9999 -9999 -9999 -9999 -9999 -9999 -9999 -9999 -9999 -9999 -9999 -9999 -9999 -9999 -9999 -9999 -9999 -9999 -9999 -9999 -9999 242 241 234 226 231 233 234 224 204 224 237 225 219 213 190 194 189 190 185 197 183 172 173 168 213 223 182 189 186 164 175 199 173 183 213 219 210 186
-9999 -9999 -9999 -9999 -9999 -9999 -9999 -9999 -9999 -9999 -9999 -9999 -9999 -9999 -9999 -9999 -9999 -9999 -9999 -9999 -9999 -9999 -9999 -9999 -9999 -9999 -9999 -9999 -9999 -9999 -9999 -9999 -9999 -9999 -9999 -9999 -9999 -9999 -9999 -9999 -9999 241 241 241 237 227 216 214 223 221 215 212 226 216 185 184 198 177 191 212 197 177 180 195 176 186 221 226 199 205 173 171 188 205 191 196 220 220 212 195
-9999 -9999 -9999 -9999 -9999 -9999 -9999 -9999 -9999 -9999 -9999 -9999 -9999 -9999 -9999 -9999 -9999 -9999 -9999 -9999 -9999 -9999 -9999 -9999 -9999 -9999 -9999 -9999 -9999 -9999 -9999 -9999 -9999 -9999 -9999 -9999 -9999 -9999 -9999 241 241 240 241 238 220 212 218 212 202 199 194 192 203 203 199 204 194 209 220 180 174 188 174 209 169 190 221 228 223 204 186 177 196 195 218 220 222 220 210 180
-9999 -9999 -9999 -9999 -9999 -9999 -9999 -9999 -9999 -9999 -9999 -9999 -9999 -9999 -9999 -9999 -9999 -9999 -9999 -9999 -9999 -9999 -9999 -9999 -9999 -9999 -9999 -9999 -9999 -9999 -9999 -9999 -9999 -9999 -9999 -9999 -9999 240 240 240 241 241 238 215 225 217 208 211 194 194 200 201 226 225 219 204 219 218 183 190 200 197 185 207 160 177 218 229 225 212 203 203 208 214 219 222 222 219 205 178
-9999 -9999 -9999 -9999 -9999 -9999 -9999 -9999 -9999 -9999 -9999 -9999 -9999 -9999 -9999 -9999 -9999 -9999 -9999 -9999 -9999 -9999 -9999 -9999 -9999 -9999 -9999 -9999 -9999 -9999 -9999 -9999 -9999 -9999 -9999 239 239 239 239 240 235 220 223 235 225 219 232 227 224 205 216 228 236 221 206 205 208 181 180 199 204 173 210 200 165 185 213 230 229 220 213 214 215 218 221 223 223 217 195 175
-9999 -9999 -9999 -9999 -9999 -9999 -9999 -9999 -9999 -9999 -9999 -9999 -9999 -9999 -9999 -9999 -9999 -9999 -9999 -9999 -9999 -9999 -9999 -9999 -9999 -9999 -9999 -9999 234 231 233 234 236 237 237 238 238 232 227 219 217 228 201 205 230 222 201 206 213 233 238 226 199 184 183 186 176 197 183 211 189 170 221 189 173 171 205 230 230 225 221 219 219 219 222 223 222 216 199 195
-9999 -9999 -9999 -9999 -9999 -9999 -9999 -9999 -9999 -9999 -9999 -9999 -9999 -9999 -9999 -9999 -9999 -9999 -9999 -9999 -9999 -9999 -9999 -9999 231 229 226 226 225 227 229 229 234 236 235 236 234 220 196 224 204 212 223 207 206 207 212 214 226 225 212 202 196 187 196 203 175 193 197 219 181 203 218 186 174 178 202 229 229 226 223 221 221 222 224 224 221 210 191 207
-9999 -9999 -9999 -9999 -9999 -9999 -9999 -9999 -9999 -9999 -9999 -9999 -9999 -9999 -9999 -9999 -9999 -9999 -9999 -9999 -9999 -9999 -9999 230 230 231 232 230 224 218 215 228 231 235 226 214 223 210 209 204 212 202 216 218 213 202 210 197 203 215 178 188 186 186 216 187 173 185 180 216 216 225 197 183 182 196 206 229 229 227 225 224 225 225 226 224 223 218 211 214
-9999 -9999 -9999 -9999 -9999 -9999 -9999 -9999 -9999 -9999 -9999 -9999 -9999 -9999 -9999 -9999 -9999 -9999 -9999 -9999 -9999 -9999 227 222 225 219 217 221 233 219 223 224 219 232 196 222 227 200 203 198 198 203 197 197 206 206 194 203 216 189 189 190 198 220 203 175 181 189 185 217 229 220 176 184 200 218 218 229 230 227 225 227 226 227 226 225 225 221 217 223
-9999 -9999 -9999 -9999 -9999 -9999 -9999 -9999 -9999 -9999 -9999 -9999 -9999 -9999 -9999 -9999 -9999 -9999 -9999 -9999 -9999 227 224 219 213 212 215 213 226 218 210 208 221 229 211 215 196 203 208 185 199 188 198 198 198 204 219 222 203 197 197 184 213 208 173 198 176 183 202 220 229 214 184 203 222 226 227 230 230 228 223 228 228 227 227 226 225 221 206 220
-9999 -9999 -9999 -9999 -9999 -9999 -9999 -9999 -9999 -9999 -9999 -9999 -9999 -9999 -9999 -9999 -9999 -9999 -9999 225 220 222 220 218 214 212 220 220 209 196 189 219 232 205 225 202 196 187 191 187 196 200 196 209 208 221 220 198 189 185 199 210 222 183 187 206 186 187 204 218 230 213 188 215 226 229 229 229 229 228 228 229 229 228 227 227 225 221 210 218
-9999 -9999 -9999 -9999 -9999 -9999 -9999 -9999 -9999 -9999 -9999 -9999 -9999 -9999 -9999 -9999 -9999 224 223 218 214 213 217 210 204 211 219 201 196 196 216 228 215 191 221 186 167 186 191 189 211 211 195 197 210 231 190 193 182 199 201 228 186 186 214 192 176 196 181 222 230 213 199 218 229 230 230 231 231 230 229 227 229 227 227 224 223 220 203 214
-9999 -9999 -9999 -9999 -9999 -9999 -9999 -9999 -9999 -9999 -9999 -9999 -9999 -9999 -9999 -9999 -9999 222 219 212 208 205 214 206 195 209 193 186 192 213 232 221 219 212 212 208 175 206 203 207 195 195 213 222 234 210 189 199 199 189 219 218 182 199 214 175 192 180 187 221 229 222 224 229 230 231 231 231 231 231 230 228 225 221 225 214 203 215 194 207
-9999 -9999 -9999 -9999 -9999 -9999 -9999 -9999 -9999 -9999 -9999 -9999 -9999 -9999 -9999 221 222 222 224 224 224 222 212 205 190 203 184 186 207 229 217 191 219 182 210 184 187 180 195 197 198 197 198 222 231 193 183 187 201 217 233 195 199 194 215 198 201 182 184 217 226 228 228 227 228 230 224 230 232 232 231 230 227 225 217 202 183 203 194 212
-9999 -9999 -9999 -9999 -9999 -9999 -9999 -9999 -9999 -9999 -9999 -9999 -9999 -9999 -9999 222 219 207 213 206 216 212 190 203 192 185 182 207 216 197 181 205 194 177 181 162 201 179 199 197 201 209 217 235 222 194 186 190 202 230 219 191 210 187 203 221 204 193 206 219 226 227 228 227 230 226 202 213 232 232 231 230 223 222 215 209 187 195 215 218
-9999 -9999 -9999 -9999 -9999 -9999 -9999 -9999 -9999 -9999 -9999 -9999 -9999 216 217 212 218 216 211 193 207 219 196 189 169 186 198 209 200 196 181 193 176 149 181 207 200 178 180 197 185 200 230 237 227 190 198 212 222 235 212 216 204 187 204 214 218 212 190 212 227 227 226 228 222 212 182 210 228 231 229 224 222 214 217 209 205 213 216 218
-9999 -9999 -9999 -9999 -9999 -9999 -9999 -9999 -9999 -9999 -9999 -9999 216 212 212 212 212 216 195 194 202 217 183 181 159 166 194 199 183 164 160 179 194 155 189 215 186 177 191 186 185 201 231 238 230 223 226 234 235 229 219 204 191 186 206 212 221 215 200 215 229 226 231 231 229 214 190 202 225 230 224 213 214 198 206 212 205 209 218 219
-9999 -9999 -9999 -9999 -9999 -9999 -9999 -9999 -9999 -9999 -9999 217 213 206 212 205 195 217 193 197 219 195 198 182 162 178 183 158 173 163 174 197 200 192 200 224 219 199 175 189 201 197 227 238 211 221 236 231 203 196 191 195 192 206 206 194 211 214 211 222 228 230 231 232 232 230 209 199 226 222 215 200 203 180 189 197 181 194 216 220
-9999 -9999 -9999 -9999 -9999 -9999 -9999 -9999 -9999 -9999 -9999 216 209 206 199 194 188 216 199 213 201 187 178 168 181 193 196 196 189 183 157 164 193 201 195 178 202 231 199 166 194 224 234 232 208 227 236 227 220 218 207 204 201 215 216 197 214 218 210 227 229 230 229 212 219 231 225 223 228 220 205 217 207 197 205 204 180 204 219 221
-9999 -9999 -9999 -9999 -9999 -9999 -9999 -9999 -9999 -9999 215 212 195 179 191 182 178 199 219 211 184 171 184 180 206 175 163 179 187 168 166 180 191 171 187 175 193 232 212 188 213 238 236 213 210 225 236 232 203 204 198 193 210 222 218 209 211 188 203 223 228 217 221 210 210 225 229 223 230 220 215 224 216 217 211 196 189 216 221 223
-9999 -9999 -9999 -9999 -9999 -9999 -9999 -9999 212 208 210 202 188 188 188 193 168 183 219 200 195 173 188 192 200 151 179 205 180 163 184 201 179 194 191 173 185 221 234 232 231 238 229 234 228 221 237 233 209 205 211 216 222 217 211 206 183 185 185 208 220 213 193 203 208 222 223 222 230 226 229 229 223 220 208 198 214 221 223 223
-9999 -9999 -9999 -9999 -9999 -9999 215 211 204 196 203 191 200 205 194 198 192 185 214 201 180 181 186 214 196 168 186 205 168 155 180 209 187 197 198 181 173 185 229 234 238 238 235 238 236 237 237 231 206 201 214 227 226 214 209 196 203 189 180 202 202 196 178 204 208 216 216 220 220 220 219 225 228 222 211 221 223 224 224 223
