Electronic Materials (Flash Drives)/data/NZclimate/2050/miroc_4_2050/bio06nz.asc
ncols         384
nrows         384
xllcorner     164
yllcorner     -49
cellsize      0.041666666666667
NODATA_value  -9999
[rows 144 to 179 of 384, columns 243 to 323 of 384]
67 67 66 65 65 65 62 61 62 61 56 53 54 52 50 53 53 54 53 50 51 52 52 52 46 40 40 42 39 36 35 24 28 31 27 27 28 27 21 23 36 36 29 24 22 21 17 14 10 13 15 20 17 15 16 14 10 16 27 26 21 18 24 34 39 37 38 40 41 43 48 43 43 48 51 51 54 56 58 57 57
65 64 64 64 62 62 62 59 61 57 57 55 55 52 51 52 54 54 53 52 51 50 52 45 43 48 47 43 41 34 31 19 24 23 22 21 22 27 28 20 32 32 25 17 13 6 9 12 9 8 12 21 19 15 16 10 8 15 26 30 21 27 36 32 33 31 33 37 41 43 47 48 50 49 52 54 53 54 56 57 58
62 61 61 61 62 61 59 59 57 56 58 55 52 51 52 54 54 56 52 53 52 50 52 50 50 48 47 47 42 35 31 26 21 17 14 7 -5 3 20 26 28 24 16 6 4 0 2 -1 5 4 15 17 16 20 15 16 12 18 26 23 31 37 29 21 22 35 43 45 48 46 49 49 51 54 53 56 57 -9999 -9999 -9999 -9999
57 58 58 60 60 61 60 58 57 58 57 54 51 52 54 51 52 55 53 52 52 46 46 43 49 39 39 45 36 29 23 21 19 16 9 -5 -20 -7 10 19 22 11 -2 -3 -4 -4 -4 0 4 9 4 11 13 17 19 12 21 24 26 27 35 31 10 19 31 36 43 45 49 53 53 54 53 57 -9999 -9999 -9999 -9999 -9999 -9999 -9999
52 53 56 57 58 58 59 58 58 58 56 54 53 53 53 52 50 53 50 51 48 45 43 41 40 36 34 39 34 25 20 17 14 10 3 -4 -2 2 10 16 12 3 -4 -6 -1 2 0 -2 3 8 3 -2 2 10 17 22 27 30 26 32 34 20 14 34 42 43 45 45 50 51 54 58 -9999 -9999 -9999 -9999 -9999 -9999 -9999 -9999 -9999
44 49 52 54 56 57 57 58 57 55 55 54 53 49 46 51 55 53 54 50 50 44 44 38 37 39 35 32 31 25 20 2 5 -3 -13 -11 -1 6 11 13 8 0 -5 -5 4 -2 2 -1 5 1 5 4 1 4 2 17 26 25 23 26 19 27 35 42 43 45 46 41 43 45 -9999 -9999 -9999 -9999 -9999 -9999 -9999 -9999 -9999 -9999 -9999
35 43 48 50 53 56 56 55 55 57 56 54 53 51 49 50 56 53 54 51 53 48 48 43 39 43 40 33 28 24 20 14 3 -18 -50 -27 -7 3 8 5 -3 -8 -7 0 8 5 2 -3 10 3 -1 2 7 -5 -2 12 23 25 27 27 33 37 39 44 40 38 44 47 49 50 -9999 -9999 -9999 -9999 -9999 -9999 -9999 -9999 -9999 -9999 -9999
32 40 46 50 52 54 56 56 56 57 53 55 54 52 48 45 42 52 51 50 54 51 45 44 42 45 43 37 29 24 20 14 5 -11 -30 -15 -1 5 8 1 -5 -1 3 2 0 10 7 11 14 7 5 13 7 -1 11 16 22 27 27 32 40 40 41 47 47 43 48 51 53 -9999 -9999 -9999 -9999 -9999 -9999 -9999 -9999 -9999 -9999 -9999 -9999
39 43 47 50 53 55 57 57 57 56 52 50 43 41 43 41 40 34 42 46 49 52 47 49 51 47 40 35 30 26 22 18 13 7 3 5 8 11 10 7 7 4 1 2 5 14 12 13 14 8 8 16 13 16 19 28 26 36 37 39 41 44 45 50 50 49 55 56 -9999 -9999 -9999 -9999 -9999 -9999 -9999 -9999 -9999 -9999 -9999 -9999 -9999
47 49 51 53 54 55 55 58 58 55 50 48 43 40 46 45 42 38 38 44 49 51 51 49 41 34 32 34 34 33 30 25 23 18 15 17 15 14 15 14 12 7 -2 5 7 12 12 15 15 15 11 14 23 22 23 25 32 39 41 44 43 46 47 48 52 54 56 -9999 -9999 -9999 -9999 -9999 -9999 -9999 -9999 -9999 -9999 -9999 -9999 -9999 -9999
53 53 54 56 55 55 54 56 59 56 54 52 49 50 50 48 47 45 45 49 49 55 46 43 40 35 39 36 36 35 32 30 27 25 23 22 19 17 14 16 16 5 8 19 15 19 18 14 14 16 22 23 23 24 24 28 39 42 45 47 48 48 50 47 54 57 -9999 -9999 -9999 -9999 -9999 -9999 -9999 -9999 -9999 -9999 -9999 -9999 -9999 -9999 -9999
57 57 57 57 55 57 56 57 58 57 56 53 52 51 55 50 50 49 46 41 42 50 51 40 38 34 37 34 35 30 29 30 31 28 26 25 20 18 14 11 16 19 23 23 16 22 20 14 13 17 24 21 27 33 32 36 40 43 45 45 48 51 51 51 55 57 56 -9999 -9999 -9999 -9999 -9999 -9999 -9999 -9999 -9999 -9999 -9999 -9999 -9999 -9999
60 59 60 59 58 57 58 57 54 57 57 56 57 52 54 54 51 44 48 48 40 43 49 47 45 39 41 38 38 36 31 32 31 27 25 23 18 18 15 11 13 17 22 16 16 23 21 20 15 7 30 22 26 36 38 41 42 43 44 47 49 52 53 55 55 56 57 -9999 -9999 -9999 -9999 -9999 -9999 -9999 -9999 -9999 -9999 -9999 -9999 -9999 -9999
62 61 61 60 60 61 56 55 51 53 59 53 57 51 47 53 56 53 53 46 37 41 54 54 47 41 42 46 39 32 33 35 33 35 33 31 24 21 16 16 20 28 27 21 20 25 23 11 8 14 15 5 13 30 39 46 46 47 47 49 51 54 55 55 56 56 57 57 -9999 -9999 -9999 -9999 -9999 -9999 -9999 -9999 -9999 -9999 -9999 -9999 -9999
-9999 62 62 61 61 62 59 56 55 55 57 56 54 50 48 50 55 56 49 46 43 45 44 50 52 49 39 43 44 40 39 40 37 34 34 34 28 29 27 27 27 32 30 24 25 26 20 6 3 12 9 3 20 38 42 43 41 47 50 51 51 53 55 56 56 57 57 57 -9999 -9999 -9999 -9999 -9999 -9999 -9999 -9999 -9999 -9999 -9999 -9999 -9999
-9999 -9999 -9999 -9999 61 63 61 58 56 54 59 57 51 54 56 57 55 58 57 53 48 50 51 43 49 51 41 37 47 45 39 43 37 31 37 33 33 30 31 34 32 30 34 33 29 25 25 7 6 3 3 4 30 34 40 41 43 45 50 51 53 54 55 56 57 57 57 55 55 50 52 -9999 -9999 -9999 -9999 -9999 -9999 -9999 -9999 -9999 -9999
-9999 -9999 -9999 -9999 -9999 63 61 60 60 59 58 56 54 56 61 59 57 60 54 50 49 49 50 54 55 45 40 40 48 45 44 43 34 39 37 34 37 32 26 32 36 34 34 36 31 29 16 20 9 0 10 20 31 29 36 35 38 42 48 46 51 53 55 56 57 56 52 54 52 50 52 -9999 -9999 -9999 -9999 -9999 -9999 -9999 -9999 -9999 -9999
-9999 -9999 -9999 -9999 -9999 -9999 64 63 63 61 62 60 59 60 61 56 61 58 53 44 46 52 54 53 58 49 44 47 50 42 43 43 40 42 35 35 39 32 28 25 32 38 36 33 27 22 2 6 5 6 23 31 20 30 35 37 40 40 45 44 51 50 53 52 52 46 52 50 50 52 -9999 -9999 -9999 -9999 -9999 -9999 -9999 -9999 -9999 -9999 -9999
-9999 -9999 -9999 -9999 -9999 -9999 -9999 -9999 64 64 63 61 61 61 63 60 61 55 52 50 49 51 53 59 59 57 54 55 55 50 50 45 42 45 42 41 38 33 33 29 38 40 38 31 25 23 5 -1 1 10 31 34 28 35 39 41 43 42 42 44 45 53 55 49 52 50 45 45 49 54 -9999 -9999 -9999 -9999 -9999 -9999 -9999 -9999 -9999 -9999 -9999
-9999 -9999 -9999 -9999 -9999 -9999 -9999 -9999 -9999 64 64 63 63 63 64 61 58 58 57 57 57 57 56 60 60 57 52 58 51 55 53 47 50 48 43 38 33 35 38 39 40 37 33 32 31 25 0 -5 -4 19 31 35 38 39 41 44 46 45 43 42 51 54 49 51 51 45 40 41 53 -9999 -9999 -9999 -9999 -9999 -9999 -9999 -9999 -9999 -9999 -9999 -9999
-9999 -9999 -9999 -9999 -9999 -9999 -9999 -9999 -9999 -9999 -9999 -9999 65 65 64 63 63 63 63 62 60 58 61 64 62 59 56 57 58 56 54 53 54 51 47 43 41 45 45 42 37 36 36 33 28 21 6 -2 -3 16 31 36 38 42 44 46 47 47 44 47 52 50 51 46 47 42 35 46 53 -9999 -9999 -9999 -9999 -9999 -9999 -9999 -9999 -9999 -9999 -9999 -9999
-9999 -9999 -9999 -9999 -9999 -9999 -9999 -9999 -9999 -9999 -9999 -9999 -9999 -9999 -9999 -9999 -9999 -9999 65 64 62 61 64 65 60 58 55 59 58 57 56 54 52 51 46 46 48 47 44 41 38 35 31 29 23 3 -3 -5 13 29 34 39 40 43 46 47 48 48 44 49 52 51 50 48 47 40 38 47 48 -9999 -9999 -9999 -9999 -9999 -9999 -9999 -9999 -9999 -9999 -9999 -9999
-9999 -9999 -9999 -9999 -9999 -9999 -9999 -9999 -9999 -9999 -9999 -9999 -9999 -9999 -9999 -9999 -9999 -9999 -9999 -9999 65 66 65 62 62 59 56 61 59 57 54 52 48 47 47 44 50 45 44 39 36 35 33 29 26 13 11 -1 17 30 37 41 43 45 47 48 49 48 47 50 51 49 50 48 49 46 50 53 -9999 -9999 -9999 -9999 -9999 -9999 -9999 -9999 -9999 -9999 -9999 -9999 -9999
-9999 -9999 -9999 -9999 -9999 -9999 -9999 -9999 -9999 -9999 -9999 -9999 -9999 -9999 -9999 -9999 -9999 -9999 -9999 -9999 -9999 66 65 63 61 61 62 61 60 55 50 48 48 50 49 51 48 41 39 39 36 37 34 35 31 19 0 10 26 34 39 42 44 46 48 48 48 49 49 50 51 50 48 47 47 49 54 -9999 -9999 -9999 -9999 -9999 -9999 -9999 -9999 -9999 -9999 -9999 -9999 -9999 -9999
-9999 -9999 -9999 -9999 -9999 -9999 -9999 -9999 -9999 -9999 -9999 -9999 -9999 -9999 -9999 -9999 -9999 -9999 -9999 -9999 -9999 -9999 65 65 65 63 62 61 56 54 53 52 53 55 52 46 42 39 40 38 40 36 39 38 34 11 12 19 28 36 39 42 44 46 47 48 47 50 50 50 47 50 49 46 47 51 51 -9999 -9999 -9999 -9999 -9999 -9999 -9999 -9999 -9999 -9999 -9999 -9999 -9999 -9999
-9999 -9999 -9999 -9999 -9999 -9999 -9999 -9999 -9999 -9999 -9999 -9999 -9999 -9999 -9999 -9999 -9999 -9999 -9999 -9999 -9999 -9999 -9999 66 65 64 62 60 58 56 55 55 57 54 50 48 46 45 42 40 42 40 43 40 25 18 17 29 36 38 40 41 43 42 46 45 49 49 49 47 47 48 48 48 46 52 54 -9999 -9999 -9999 -9999 -9999 -9999 -9999 -9999 -9999 -9999 -9999 -9999 -9999 -9999
-9999 -9999 -9999 -9999 -9999 -9999 -9999 -9999 -9999 -9999 -9999 -9999 -9999 -9999 -9999 -9999 -9999 -9999 -9999 -9999 -9999 -9999 -9999 -9999 65 64 62 61 58 57 57 58 56 53 51 50 49 48 45 46 43 46 45 33 17 17 32 36 40 41 41 43 39 35 39 43 49 49 47 46 48 47 49 46 49 54 56 -9999 -9999 -9999 -9999 -9999 -9999 -9999 -9999 -9999 -9999 -9999 -9999 -9999 -9999
-9999 -9999 -9999 -9999 -9999 -9999 -9999 -9999 -9999 -9999 -9999 -9999 -9999 -9999 -9999 -9999 -9999 -9999 -9999 -9999 -9999 -9999 -9999 -9999 -9999 64 63 61 60 58 59 59 56 56 53 53 53 52 49 46 48 48 40 23 19 37 42 43 43 43 44 40 37 37 45 50 52 54 53 48 49 49 50 49 52 54 -9999 -9999 -9999 -9999 -9999 -9999 -9999 -9999 -9999 -9999 -9999 -9999 -9999 -9999 -9999
-9999 -9999 -9999 -9999 -9999 -9999 -9999 -9999 -9999 -9999 -9999 -9999 -9999 -9999 -9999 -9999 -9999 -9999 -9999 -9999 -9999 -9999 -9999 -9999 -9999 64 64 62 61 61 60 58 57 57 55 56 55 53 50 50 50 40 22 25 40 44 45 46 45 45 42 37 39 37 43 48 49 53 54 55 54 52 52 54 53 -9999 -9999 -9999 -9999 -9999 -9999 -9999 -9999 -9999 -9999 -9999 -9999 -9999 -9999 -9999 -9999
-9999 -9999 -9999 -9999 -9999 -9999 -9999 -9999 -9999 -9999 -9999 -9999 -9999 -9999 -9999 -9999 -9999 -9999 -9999 -9999 -9999 -9999 -9999 -9999 -9999 -9999 64 63 63 62 61 59 57 58 58 57 56 54 51 53 47 25 29 40 46 48 48 49 48 47 45 42 39 40 40 45 50 53 54 55 52 55 56 57 -9999 -9999 -9999 -9999 -9999 -9999 -9999 -9999 -9999 -9999 -9999 -9999 -9999 -9999 -9999 -9999 -9999
-9999 -9999 -9999 -9999 -9999 -9999 -9999 -9999 -9999 -9999 -9999 -9999 -9999 -9999 -9999 -9999 -9999 -9999 -9999 -9999 -9999 -9999 -9999 -9999 -9999 -9999 64 64 62 61 61 60 59 60 59 59 57 54 53 54 44 35 45 48 48 50 49 48 45 45 45 40 40 38 40 44 52 54 55 50 54 58 -9999 -9999 -9999 -9999 -9999 -9999 -9999 -9999 -9999 -9999 -9999 -9999 -9999 -9999 -9999 -9999 -9999 -9999 -9999
-9999 -9999 -9999 -9999 -9999 -9999 -9999 -9999 -9999 -9999 -9999 -9999 -9999 -9999 -9999 -9999 -9999 -9999 -9999 -9999 -9999 -9999 -9999 -9999 -9999 -9999 64 63 62 61 61 61 61 61 60 59 58 57 56 52 46 52 52 51 50 51 48 41 40 44 42 43 42 35 41 49 53 54 50 56 56 58 -9999 -9999 -9999 -9999 -9999 -9999 -9999 -9999 -9999 -9999 -9999 -9999 -9999 -9999 -9999 -9999 -9999 -9999 -9999
-9999 -9999 -9999 -9999 -9999 -9999 -9999 -9999 -9999 -9999 -9999 -9999 -9999 -9999 -9999 -9999 -9999 -9999 -9999 -9999 -9999 -9999 -9999 -9999 -9999 -9999 63 63 62 61 61 61 61 61 60 60 59 57 50 42 53 55 54 51 50 48 44 37 39 37 39 47 47 43 45 50 52 51 51 52 53 -9999 -9999 -9999 -9999 -9999 -9999 -9999 -9999 -9999 -9999 -9999 -9999 -9999 -9999 -9999 -9999 -9999 -9999 -9999 -9999
-9999 -9999 -9999 -9999 -9999 -9999 -9999 -9999 -9999 -9999 -9999 -9999 -9999 -9999 -9999 -9999 -9999 -9999 -9999 -9999 -9999 -9999 -9999 -9999 -9999 -9999 63 63 62 61 61 61 61 61 60 58 56 52 40 48 55 53 54 52 49 45 38 34 35 34 41 46 49 46 44 41 48 49 51 48 54 -9999 -9999 -9999 -9999 -9999 -9999 -9999 -9999 -9999 -9999 -9999 -9999 -9999 -9999 -9999 -9999 -9999 -9999 -9999 -9999
-9999 -9999 -9999 -9999 -9999 -9999 -9999 -9999 -9999 -9999 -9999 -9999 -9999 -9999 -9999 -9999 -9999 -9999 -9999 -9999 -9999 -9999 -9999 -9999 -9999 -9999 63 63 62 61 61 61 61 61 59 54 48 42 47 51 53 53 51 51 45 41 28 32 35 46 49 49 52 50 47 46 49 51 51 51 57 -9999 -9999 -9999 -9999 -9999 -9999 -9999 -9999 -9999 -9999 -9999 -9999 -9999 -9999 -9999 -9999 -9999 -9999 -9999 -9999
-9999 -9999 -9999 -9999 -9999 -9999 -9999 -9999 -9999 -9999 -9999 -9999 -9999 -9999 -9999 -9999 -9999 -9999 -9999 -9999 -9999 -9999 -9999 -9999 -9999 -9999 63 63 62 62 61 61 61 58 46 42 37 43 51 51 51 51 51 47 39 38 35 31 43 47 47 51 54 52 52 48 46 51 55 53 57 -9999 -9999 -9999 -9999 -9999 -9999 -9999 -9999 -9999 -9999 -9999 -9999 -9999 -9999 -9999 -9999 -9999 -9999 -9999 -9999
