Electronic Materials (Flash Drives)/data/NZclimate/2050/miroc_4_2050/bio01nz.asc
ncols         384
nrows         384
xllcorner     164
yllcorner     -49
cellsize      0.041666666666667
NODATA_value  -9999
[rows 105 to 139 of 384, columns 240 to 319 of 384]
-9999 -9999 -9999 -9999 -9999 -9999 -9999 -9999 -9999 -9999 -9999 -9999 -9999 -9999 -9999 -9999 163 159 151 154 156 159 161 160 161 162 161 162 162 160 160 156 149 151 159 162 162 162 162 162 160 149 153 155 157 155 158 -9999 -9999 -9999 -9999 -9999 -9999 -9999 -9999 -9999 -9999 -9999 -9999 -9999 -9999 -9999 -9999 -9999 -9999 -9999 -9999 -9999 -9999 -9999 -9999 -9999 -9999 -9999 -9999 -9999 -9999 -9999 -9999 -9999
-9999 -9999 -9999 -9999 -9999 -9999 -9999 -9999 -9999 -9999 -9999 -9999 -9999 -9999 -9999 -9999 161 158 154 155 156 157 157 161 161 162 162 162 162 160 156 156 152 147 149 158 161 161 161 160 155 149 155 154 155 155 160 162 -9999 -9999 -9999 -9999 -9999 -9999 -9999 -9999 -9999 -9999 -9999 -9999 -9999 -9999 -9999 -9999 -9999 -9999 -9999 -9999 -9999 -9999 -9999 -9999 -9999 -9999 -9999 -9999 -9999 -9999 -9999 -9999
-9999 -9999 -9999 -9999 -9999 -9999 -9999 -9999 -9999 -9999 -9999 -9999 -9999 -9999 -9999 -9999 -9999 158 159 159 156 158 158 160 161 161 161 161 161 161 159 157 147 152 154 157 161 161 161 161 158 144 146 140 148 153 161 162 161 -9999 -9999 -9999 -9999 -9999 -9999 -9999 -9999 -9999 -9999 -9999 -9999 -9999 -9999 -9999 -9999 -9999 -9999 -9999 -9999 -9999 -9999 -9999 -9999 -9999 -9999 -9999 -9999 -9999 -9999 -9999
-9999 -9999 -9999 -9999 -9999 -9999 -9999 -9999 -9999 -9999 -9999 -9999 -9999 -9999 -9999 -9999 -9999 161 160 156 155 156 158 159 159 160 160 161 160 158 160 160 158 159 158 157 160 160 160 160 160 141 133 136 146 157 160 161 161 161 -9999 -9999 -9999 -9999 -9999 -9999 -9999 -9999 -9999 -9999 -9999 -9999 -9999 -9999 -9999 -9999 -9999 -9999 -9999 -9999 -9999 -9999 -9999 -9999 -9999 164 159 -9999 -9999 -9999
-9999 -9999 -9999 -9999 -9999 -9999 -9999 -9999 -9999 -9999 -9999 -9999 -9999 -9999 -9999 -9999 -9999 -9999 158 155 155 155 159 157 154 158 160 160 157 159 160 159 159 158 154 156 160 160 160 160 160 155 150 131 145 159 161 161 161 161 160 -9999 -9999 -9999 -9999 -9999 -9999 -9999 -9999 -9999 -9999 -9999 -9999 -9999 -9999 -9999 -9999 -9999 -9999 -9999 -9999 -9999 -9999 -9999 -9999 -9999 -9999 -9999 -9999 -9999
-9999 -9999 -9999 -9999 -9999 -9999 -9999 -9999 -9999 -9999 -9999 -9999 -9999 -9999 -9999 -9999 -9999 -9999 157 158 156 156 156 153 152 156 157 155 157 159 159 158 158 158 157 157 159 159 159 159 159 159 159 149 144 157 160 161 161 160 161 161 -9999 -9999 -9999 -9999 -9999 162 160 -9999 -9999 -9999 -9999 -9999 -9999 -9999 -9999 -9999 -9999 -9999 -9999 -9999 -9999 -9999 -9999 -9999 -9999 -9999 -9999 -9999
-9999 -9999 -9999 -9999 -9999 -9999 -9999 -9999 -9999 -9999 -9999 -9999 -9999 -9999 -9999 -9999 -9999 -9999 -9999 158 158 157 154 154 154 153 153 155 159 158 158 158 158 157 158 158 158 158 158 158 159 159 159 153 136 150 157 159 160 161 161 161 161 160 -9999 -9999 -9999 161 160 -9999 -9999 -9999 -9999 -9999 -9999 -9999 -9999 -9999 -9999 -9999 -9999 -9999 -9999 -9999 -9999 -9999 -9999 -9999 -9999 -9999
-9999 -9999 -9999 -9999 -9999 -9999 -9999 -9999 -9999 -9999 -9999 -9999 -9999 -9999 -9999 -9999 -9999 -9999 -9999 157 158 157 155 155 153 150 153 158 158 157 157 157 157 157 157 157 156 158 157 157 158 158 158 158 138 139 148 153 157 159 160 160 160 160 161 161 -9999 -9999 -9999 -9999 -9999 -9999 -9999 -9999 -9999 -9999 -9999 -9999 -9999 -9999 -9999 -9999 -9999 -9999 -9999 -9999 -9999 -9999 -9999 -9999
-9999 -9999 -9999 -9999 -9999 -9999 -9999 -9999 -9999 -9999 -9999 -9999 -9999 -9999 -9999 -9999 -9999 -9999 -9999 157 157 156 157 156 152 150 156 158 157 157 157 156 156 156 156 153 154 156 156 156 156 157 157 157 154 136 139 145 150 155 159 159 159 158 157 161 161 161 -9999 161 -9999 -9999 -9999 -9999 -9999 -9999 -9999 -9999 -9999 -9999 -9999 -9999 -9999 -9999 -9999 -9999 -9999 -9999 -9999 -9999
-9999 -9999 -9999 -9999 -9999 -9999 -9999 -9999 -9999 -9999 -9999 -9999 -9999 -9999 -9999 -9999 -9999 -9999 -9999 -9999 156 158 159 156 148 150 157 157 157 156 156 156 155 155 155 154 150 151 154 155 155 156 156 157 156 136 136 140 149 157 157 156 151 150 153 160 161 160 161 160 161 -9999 -9999 -9999 -9999 -9999 -9999 -9999 -9999 -9999 -9999 -9999 -9999 -9999 -9999 -9999 -9999 -9999 -9999 -9999
-9999 -9999 -9999 -9999 -9999 -9999 -9999 -9999 -9999 -9999 -9999 -9999 -9999 -9999 -9999 -9999 -9999 -9999 159 156 158 157 158 157 152 151 154 157 156 156 155 155 155 155 155 152 147 147 144 150 153 155 156 156 155 138 134 146 149 152 151 149 145 141 151 156 158 160 160 161 161 161 160 -9999 -9999 -9999 -9999 -9999 -9999 -9999 -9999 -9999 -9999 -9999 -9999 -9999 -9999 -9999 -9999 -9999
-9999 -9999 -9999 -9999 -9999 -9999 -9999 -9999 -9999 -9999 -9999 -9999 -9999 -9999 -9999 -9999 -9999 -9999 143 141 152 154 152 150 155 151 151 156 156 155 155 155 155 155 154 154 150 148 145 145 151 154 155 156 156 146 134 143 146 145 143 142 142 145 147 151 155 158 158 158 159 158 159 159 159 161 -9999 -9999 -9999 -9999 -9999 161 -9999 -9999 -9999 -9999 -9999 -9999 -9999 -9999
-9999 -9999 -9999 -9999 -9999 -9999 -9999 -9999 -9999 -9999 -9999 -9999 -9999 -9999 -9999 -9999 -9999 -9999 153 150 152 148 146 140 152 152 154 156 156 155 155 155 154 154 154 154 154 151 148 150 152 154 154 154 155 151 136 136 139 138 138 138 137 140 144 148 153 154 154 154 155 156 155 156 153 151 160 161 161 161 -9999 -9999 -9999 -9999 -9999 -9999 -9999 -9999 -9999 -9999
-9999 -9999 -9999 -9999 -9999 -9999 -9999 -9999 -9999 -9999 -9999 -9999 -9999 -9999 -9999 -9999 -9999 -9999 156 155 155 151 150 144 148 146 150 154 156 155 155 154 154 154 154 153 151 153 152 151 151 152 154 154 153 148 133 135 134 134 132 134 136 140 143 147 150 149 150 152 151 152 153 152 147 154 161 161 161 161 161 161 160 -9999 -9999 -9999 -9999 -9999 -9999 -9999
-9999 -9999 -9999 -9999 -9999 -9999 -9999 -9999 -9999 -9999 -9999 -9999 -9999 -9999 -9999 -9999 -9999 -9999 154 156 158 154 147 141 140 130 128 143 155 155 154 154 154 154 154 153 148 150 149 152 151 150 152 153 151 147 138 131 130 130 131 133 136 139 142 143 146 145 146 147 145 146 146 143 144 156 160 161 160 161 161 160 155 160 161 161 160 161 161 160
-9999 -9999 -9999 -9999 -9999 -9999 -9999 -9999 -9999 -9999 -9999 -9999 -9999 -9999 -9999 -9999 -9999 -9999 158 156 156 151 147 149 142 129 131 144 153 155 155 154 154 154 153 148 143 131 139 151 151 148 151 151 149 146 140 133 130 130 130 132 137 139 140 141 144 144 144 142 143 142 141 142 151 159 160 160 158 154 156 159 151 159 160 160 160 159 161 160
-9999 -9999 -9999 -9999 -9999 -9999 -9999 -9999 -9999 -9999 -9999 -9999 -9999 -9999 -9999 -9999 -9999 -9999 157 156 157 157 155 150 143 138 145 152 155 154 153 154 154 154 153 150 144 142 147 151 151 150 149 148 147 143 138 132 130 129 131 136 142 144 144 144 142 139 139 136 133 138 141 149 156 159 158 159 151 150 155 160 155 153 154 158 157 153 159 159
-9999 -9999 -9999 -9999 -9999 -9999 -9999 -9999 -9999 -9999 -9999 -9999 -9999 -9999 -9999 -9999 156 149 157 157 157 156 155 149 144 145 149 152 154 154 155 154 153 154 153 151 149 149 149 149 149 148 147 146 145 143 139 133 130 129 130 137 133 143 144 144 137 131 133 126 133 138 140 150 156 149 151 153 148 153 156 159 157 155 155 157 153 143 154 150
-9999 -9999 -9999 -9999 -9999 -9999 -9999 -9999 -9999 -9999 -9999 -9999 -9999 -9999 -9999 -9999 154 153 153 156 154 148 150 144 141 147 151 151 153 154 154 153 152 153 151 150 150 149 147 149 146 146 145 144 144 141 139 137 131 127 126 133 138 143 143 139 134 139 129 121 142 149 152 155 151 146 146 150 144 151 156 158 154 158 158 154 150 138 148 142
-9999 -9999 -9999 -9999 -9999 -9999 -9999 -9999 -9999 -9999 -9999 -9999 -9999 -9999 -9999 -9999 157 154 150 145 149 145 147 137 135 144 146 147 154 154 154 153 153 150 149 149 149 147 145 144 145 143 143 142 142 139 136 133 129 125 123 127 133 138 139 131 134 142 143 139 138 144 147 148 142 142 145 150 144 143 146 154 148 150 154 141 143 129 145 144
-9999 -9999 -9999 -9999 -9999 -9999 -9999 -9999 -9999 -9999 -9999 -9999 -9999 -9999 -9999 -9999 -9999 151 148 145 144 141 140 134 136 145 149 153 154 154 154 153 149 149 147 144 142 143 137 139 143 140 139 139 140 138 137 133 129 126 128 129 136 138 136 134 131 138 142 128 118 129 138 140 137 140 145 151 147 136 133 145 142 137 147 136 140 133 141 144
-9999 -9999 -9999 -9999 -9999 -9999 -9999 -9999 -9999 -9999 -9999 -9999 -9999 -9999 -9999 -9999 -9999 149 153 151 149 146 143 141 139 148 151 153 153 152 151 145 148 148 142 138 137 137 135 140 144 140 137 136 138 137 135 134 131 130 134 134 139 138 135 129 131 136 140 138 133 134 136 137 138 142 147 149 141 134 132 138 144 138 147 134 134 126 138 142
-9999 -9999 -9999 -9999 -9999 -9999 -9999 -9999 -9999 -9999 -9999 -9999 -9999 -9999 -9999 -9999 156 152 147 145 144 144 141 138 139 146 150 153 150 148 145 140 147 141 130 130 130 131 136 140 144 142 139 138 139 136 132 136 138 137 137 139 140 140 138 134 131 135 136 135 135 136 138 137 139 145 149 147 135 132 131 143 147 143 142 141 138 123 129 141
-9999 -9999 -9999 -9999 -9999 -9999 -9999 -9999 -9999 -9999 -9999 -9999 -9999 -9999 -9999 156 146 152 142 136 142 141 139 136 139 145 152 149 149 144 142 141 143 133 123 120 122 128 136 141 142 142 144 145 139 130 132 140 141 141 136 137 141 136 132 133 137 137 134 132 132 134 135 138 141 147 151 149 126 128 132 142 145 138 137 133 131 118 131 134
-9999 -9999 -9999 -9999 -9999 -9999 -9999 -9999 -9999 -9999 -9999 -9999 -9999 -9999 -9999 153 144 146 134 134 140 139 140 138 141 144 146 147 145 145 143 142 139 132 127 124 121 127 134 138 141 143 144 140 130 129 140 140 141 140 138 138 136 128 128 140 142 139 133 131 130 131 135 138 145 150 150 148 128 126 134 140 143 135 136 134 120 120 131 130
-9999 -9999 -9999 -9999 -9999 -9999 -9999 -9999 -9999 -9999 -9999 -9999 -9999 -9999 -9999 150 146 139 133 135 140 143 144 142 144 148 146 146 144 142 141 140 134 133 130 128 126 127 129 134 139 142 142 141 136 138 139 139 130 135 134 137 131 130 136 141 142 138 132 130 129 131 136 141 147 149 147 128 132 127 139 136 140 130 135 128 119 125 127 126
-9999 -9999 -9999 -9999 -9999 -9999 -9999 -9999 -9999 -9999 -9999 -9999 -9999 -9999 -9999 151 149 142 132 139 142 144 146 144 148 146 144 145 144 143 141 139 136 134 132 130 127 127 127 130 134 136 137 135 130 132 133 134 125 127 128 138 136 134 139 142 142 138 133 130 129 132 136 140 146 147 139 117 130 125 133 135 134 131 125 127 115 116 121 121
-9999 -9999 -9999 -9999 -9999 -9999 -9999 -9999 -9999 -9999 -9999 -9999 -9999 -9999 -9999 150 143 137 129 141 144 148 146 145 147 145 145 141 138 138 136 137 137 129 131 130 127 125 121 121 120 129 134 132 130 129 131 130 126 128 132 135 140 140 139 142 141 135 131 129 131 134 135 139 138 140 136 126 126 129 134 137 125 127 128 125 108 107 110 116
-9999 -9999 -9999 -9999 -9999 -9999 -9999 -9999 -9999 -9999 -9999 -9999 -9999 -9999 -9999 150 143 139 133 142 149 151 150 148 148 146 146 144 139 136 135 135 131 133 133 128 126 123 114 114 124 130 132 130 126 123 127 127 128 128 132 136 137 139 140 141 137 129 126 129 133 135 136 137 133 134 136 125 119 121 125 134 125 123 127 113 110 112 115 119
-9999 -9999 -9999 -9999 -9999 -9999 -9999 -9999 -9999 -9999 -9999 -9999 -9999 -9999 155 147 146 143 149 149 149 153 151 148 148 146 141 144 141 135 135 139 142 139 134 131 128 119 112 116 124 130 131 129 126 127 125 125 129 132 134 136 138 138 141 139 129 125 124 128 132 133 136 129 133 136 138 126 126 123 131 129 118 113 108 103 110 118 119 119
-9999 -9999 -9999 -9999 -9999 -9999 -9999 -9999 -9999 -9999 -9999 -9999 -9999 -9999 155 150 148 146 144 138 139 151 147 147 142 139 138 138 135 132 137 142 140 136 131 130 121 112 111 118 125 128 131 131 131 131 132 127 128 132 135 133 137 138 136 128 125 124 125 127 129 130 129 126 132 138 129 124 121 125 130 125 112 109 101 106 115 118 120 132
-9999 -9999 -9999 -9999 -9999 -9999 -9999 -9999 -9999 -9999 -9999 -9999 -9999 -9999 154 150 151 152 148 148 143 146 141 139 138 142 139 139 138 139 139 138 135 130 128 122 118 114 122 126 128 129 133 136 137 136 132 132 132 136 134 124 132 132 128 122 123 125 125 126 126 125 122 125 132 125 115 115 116 123 114 108 108 117 105 106 107 114 120 130
-9999 -9999 -9999 -9999 -9999 -9999 -9999 -9999 -9999 -9999 -9999 -9999 -9999 -9999 153 150 148 146 144 142 145 141 138 139 140 143 142 141 141 139 140 139 139 131 121 115 111 117 121 124 127 131 137 137 137 137 137 137 136 137 133 128 126 126 121 121 123 124 124 124 122 120 117 124 127 115 116 119 125 120 109 111 116 123 117 113 117 118 121 131
-9999 -9999 -9999 -9999 -9999 -9999 -9999 -9999 -9999 -9999 -9999 -9999 -9999 -9999 151 148 148 146 143 137 134 134 136 142 142 145 144 142 137 141 138 136 137 130 117 113 115 112 114 120 127 133 137 137 137 137 137 137 138 137 133 130 123 119 120 121 122 122 122 121 118 117 114 121 118 112 119 113 122 113 119 119 126 126 128 124 118 128 139 136
-9999 -9999 -9999 -9999 -9999 -9999 -9999 -9999 -9999 -9999 -9999 -9999 -9999 154 152 149 148 144 138 134 132 134 139 143 145 142 135 134 135 142 139 140 140 131 130 126 119 110 111 118 126 129 129 132 137 137 137 137 137 133 132 128 122 118 118 120 120 120 121 119 116 115 112 114 111 108 108 110 131 118 123 119 118 115 126 140 136 139 144 144
