Electronic Materials (Flash Drives)/data/NZclimate/2050/miroc_4_2050/bio01nz.asc
ncols         384
nrows         384
xllcorner     164
yllcorner     -49
cellsize      0.041666666666667
NODATA_value  -9999
[rows 210 to 244 of 384, columns 160 to 239 of 384]
-9999 -9999 -9999 -9999 -9999 -9999 -9999 -9999 -9999 -9999 -9999 -9999 -9999 -9999 -9999 -9999 -9999 -9999 139 138 139 138 139 137 133 111 107 108 114 127 121 118 129 108 116 121 125 124 126 126 121 122 108 112 108 102 102 106 109 109 111 105 96 103 99 109 86 77 95 95 102 99 83 64 88 108 92 105 91 111 106 88 91 88 83 112 128 125 118 121
-9999 -9999 -9999 -9999 -9999 -9999 -9999 -9999 -9999 -9999 -9999 -9999 -9999 -9999 -9999 -9999 -9999 -9999 139 138 138 136 137 136 119 116 123 119 126 132 125 122 124 122 120 118 120 124 120 124 121 123 112 119 105 94 108 102 105 97 93 102 102 78 103 85 68 83 99 76 100 91 70 77 100 91 98 91 96 93 88 76 95 112 119 120 120 118 114 121
-9999 -9999 -9999 -9999 -9999 -9999 -9999 -9999 -9999 -9999 -9999 -9999 -9999 -9999 -9999 -9999 -9999 -9999 139 138 136 132 120 109 121 127 125 132 131 131 132 132 119 96 98 112 114 122 120 122 110 116 106 118 105 97 95 111 100 88 73 85 77 76 94 65 66 67 90 78 92 59 66 87 95 83 92 78 91 98 95 94 111 113 107 113 101 101 100 115
-9999 -9999 -9999 -9999 -9999 -9999 -9999 -9999 -9999 -9999 -9999 -9999 -9999 -9999 -9999 -9999 -9999 -9999 138 136 133 125 107 89 112 110 121 124 121 133 133 129 113 84 88 111 103 119 118 121 109 110 100 112 105 104 96 109 104 61 65 90 61 83 80 59 70 81 64 88 74 62 80 78 74 79 75 82 87 104 110 108 103 91 91 94 98 111 110 116
-9999 -9999 -9999 -9999 -9999 -9999 -9999 -9999 -9999 -9999 -9999 -9999 -9999 -9999 -9999 -9999 -9999 139 130 132 130 107 88 99 114 94 118 115 120 134 131 125 102 83 100 105 122 112 109 113 107 95 101 97 108 90 87 99 89 61 71 80 66 89 72 67 61 71 77 83 69 60 61 62 66 83 89 91 101 105 88 86 83 63 92 104 115 114 113 119
-9999 -9999 -9999 -9999 -9999 -9999 -9999 -9999 -9999 -9999 -9999 -9999 -9999 -9999 -9999 -9999 -9999 134 126 130 127 101 87 108 97 94 102 117 129 132 128 111 85 84 90 104 122 107 80 103 107 105 109 111 110 76 75 87 83 61 76 63 70 88 69 54 55 64 66 59 66 60 66 62 63 82 99 93 95 89 49 42 56 79 106 123 123 103 116 132
-9999 -9999 -9999 -9999 -9999 -9999 -9999 -9999 -9999 -9999 -9999 -9999 -9999 -9999 -9999 -9999 135 130 125 126 120 93 91 87 92 97 108 125 131 128 123 109 100 87 82 96 113 101 92 108 115 104 97 104 111 69 86 61 78 58 56 58 66 90 66 62 58 61 57 71 74 73 71 62 91 99 96 78 76 61 47 37 70 108 121 117 104 127 131 136
-9999 -9999 -9999 -9999 -9999 -9999 -9999 -9999 -9999 -9999 -9999 -9999 -9999 -9999 -9999 -9999 130 123 131 126 98 87 89 95 83 93 120 127 129 125 113 104 103 91 83 89 112 102 111 107 100 90 72 93 98 57 78 62 56 55 70 74 80 74 76 59 72 59 65 78 80 74 88 95 93 87 93 75 55 49 86 98 111 117 104 105 122 134 136 142
-9999 -9999 -9999 -9999 -9999 -9999 -9999 -9999 -9999 -9999 -9999 -9999 -9999 -9999 -9999 138 130 131 125 108 92 100 102 92 97 116 125 122 128 118 114 107 88 96 88 78 109 118 113 109 105 76 66 86 98 57 67 55 55 53 67 61 53 75 73 73 84 78 85 85 84 89 92 85 80 76 71 49 75 87 109 116 98 91 88 118 134 131 139 -9999
-9999 -9999 -9999 -9999 -9999 -9999 -9999 -9999 -9999 -9999 -9999 -9999 -9999 -9999 -9999 137 133 125 118 106 93 100 98 109 124 127 125 121 120 116 113 110 111 97 80 77 103 119 110 95 90 85 56 73 96 60 54 67 66 51 64 71 70 77 86 75 84 86 89 69 85 84 76 68 77 78 60 90 109 114 108 93 68 51 93 117 132 137 141 -9999
-9999 -9999 -9999 -9999 -9999 -9999 -9999 -9999 -9999 -9999 -9999 -9999 -9999 -9999 -9999 137 126 119 110 98 105 103 120 125 128 127 124 120 113 109 120 96 88 86 80 75 104 118 112 97 88 81 54 61 89 72 50 76 63 70 70 64 62 75 86 80 75 85 78 73 71 73 78 86 92 97 100 112 96 100 79 75 36 77 104 107 114 137 -9999 -9999
-9999 -9999 -9999 -9999 -9999 -9999 -9999 -9999 -9999 -9999 -9999 -9999 -9999 -9999 -9999 135 117 103 100 110 123 124 126 128 130 125 125 117 108 105 111 97 86 90 79 82 109 117 109 95 88 81 55 78 65 59 65 86 66 75 74 65 64 69 79 61 73 91 82 83 81 82 88 92 107 107 105 99 92 77 44 49 67 105 115 118 129 -9999 -9999 -9999
-9999 -9999 -9999 -9999 -9999 -9999 -9999 -9999 -9999 -9999 -9999 -9999 -9999 -9999 -9999 122 100 94 111 123 129 128 130 131 131 128 123 115 105 100 98 106 85 84 87 81 112 109 93 91 66 75 61 52 67 87 78 83 67 64 82 64 62 71 74 79 88 90 78 86 74 64 97 104 93 89 99 78 72 64 72 88 112 125 130 130 -9999 -9999 -9999 -9999
-9999 -9999 -9999 -9999 -9999 -9999 -9999 -9999 -9999 -9999 -9999 -9999 -9999 -9999 127 111 98 107 119 129 132 132 132 129 126 128 125 119 117 103 101 93 88 88 92 93 115 107 99 92 84 69 72 72 69 73 94 85 78 67 81 77 68 70 76 85 90 73 83 73 84 95 98 95 91 92 84 78 88 106 90 109 133 138 -9999 -9999 -9999 -9999 -9999 -9999
-9999 -9999 -9999 -9999 -9999 -9999 -9999 -9999 -9999 -9999 -9999 -9999 -9999 136 126 110 102 124 129 134 133 131 129 125 122 126 126 123 121 111 111 92 81 83 86 107 111 102 94 78 79 81 71 76 81 80 94 82 71 66 82 83 85 84 81 92 78 82 79 79 100 84 89 82 87 100 111 115 122 127 131 136 139 -9999 -9999 -9999 -9999 -9999 -9999 -9999
-9999 -9999 -9999 -9999 -9999 -9999 -9999 -9999 -9999 -9999 -9999 -9999 -9999 132 131 117 108 131 134 132 129 126 125 126 125 122 120 117 111 100 110 107 84 88 106 111 94 91 84 87 73 84 69 77 67 74 92 86 80 84 91 92 88 88 94 94 92 100 96 98 83 91 95 89 106 117 127 131 133 135 138 139 140 -9999 -9999 -9999 -9999 -9999 -9999 -9999
-9999 -9999 -9999 -9999 -9999 -9999 -9999 -9999 -9999 -9999 -9999 -9999 136 134 133 130 132 133 129 128 128 127 123 122 122 126 124 110 84 98 91 111 99 104 91 87 75 79 80 73 77 86 69 74 67 83 99 87 84 73 87 90 83 88 87 71 87 89 74 74 90 104 115 116 118 116 116 111 122 132 140 -9999 138 140 -9999 -9999 -9999 -9999 -9999 -9999
-9999 -9999 -9999 -9999 -9999 -9999 -9999 -9999 -9999 -9999 -9999 -9999 134 130 133 130 131 132 126 123 123 123 124 120 121 123 127 115 83 91 91 107 108 93 87 80 76 72 73 79 82 94 70 87 85 99 87 70 70 73 86 92 91 93 78 86 94 85 94 95 109 111 118 121 122 117 111 109 128 -9999 -9999 -9999 -9999 -9999 -9999 -9999 -9999 -9999 -9999 -9999
-9999 -9999 -9999 -9999 -9999 -9999 -9999 -9999 -9999 -9999 -9999 134 133 127 127 127 127 130 128 126 124 123 123 120 116 120 125 123 111 112 98 84 82 89 86 83 75 85 87 79 87 93 81 82 81 100 82 83 99 107 114 117 116 111 100 104 103 111 114 112 108 106 117 124 124 113 114 129 136 -9999 -9999 -9999 -9999 -9999 -9999 -9999 -9999 -9999 -9999 -9999
-9999 -9999 -9999 -9999 -9999 -9999 -9999 -9999 -9999 -9999 135 134 131 131 129 126 123 124 129 129 127 125 114 117 123 121 124 123 119 114 112 112 89 87 85 70 79 75 69 82 100 75 80 95 96 100 102 106 115 120 122 120 117 109 108 109 115 119 121 112 113 111 121 126 122 116 128 134 134 -9999 -9999 -9999 -9999 -9999 -9999 -9999 -9999 -9999 -9999 -9999
-9999 -9999 -9999 -9999 -9999 -9999 -9999 -9999 -9999 -9999 133 132 131 127 127 125 125 127 130 131 129 128 118 109 119 118 101 91 96 90 94 103 88 75 74 80 76 88 85 92 99 105 106 107 107 105 96 86 97 106 116 108 108 114 121 124 126 126 125 123 125 125 128 130 129 132 133 137 -9999 -9999 -9999 -9999 -9999 -9999 -9999 -9999 -9999 -9999 -9999 -9999
-9999 -9999 -9999 -9999 -9999 -9999 -9999 -9999 134 133 130 129 130 131 128 124 119 116 129 115 121 129 120 105 88 85 109 83 86 95 79 71 80 79 73 83 82 93 76 79 88 91 85 89 90 96 86 86 104 107 118 113 119 126 128 129 130 128 128 126 121 129 132 130 126 122 134 -9999 -9999 -9999 -9999 -9999 -9999 -9999 -9999 -9999 -9999 -9999 -9999 -9999
-9999 -9999 -9999 -9999 -9999 -9999 -9999 134 133 132 129 124 127 129 129 104 91 93 122 119 120 107 88 101 85 80 87 76 78 88 73 84 90 97 100 93 100 99 69 69 80 76 86 74 77 104 92 90 111 106 120 123 125 127 128 127 127 131 126 128 116 130 134 134 121 130 135 -9999 -9999 -9999 -9999 -9999 -9999 -9999 -9999 -9999 -9999 -9999 -9999 -9999
-9999 -9999 -9999 -9999 -9999 -9999 134 133 131 127 129 128 127 126 125 119 100 113 122 127 114 92 84 89 78 81 86 87 83 74 77 75 71 77 81 87 93 95 99 94 91 86 97 82 101 112 101 101 115 117 120 119 124 126 128 129 129 124 117 125 130 135 136 136 123 130 -9999 -9999 -9999 -9999 -9999 -9999 -9999 -9999 -9999 -9999 -9999 -9999 -9999 -9999
-9999 -9999 -9999 -9999 -9999 134 133 131 133 131 128 125 127 115 107 110 119 111 109 106 92 98 113 111 112 107 91 81 73 71 76 76 77 71 75 89 93 97 102 104 95 81 104 102 108 113 109 113 118 123 125 126 127 127 128 125 112 112 121 124 129 134 135 132 130 132 -9999 -9999 -9999 -9999 -9999 -9999 -9999 -9999 -9999 -9999 -9999 -9999 -9999 -9999
-9999 -9999 -9999 -9999 134 133 133 130 132 130 118 126 109 121 111 92 77 79 91 108 84 101 94 83 87 82 68 78 73 82 71 76 68 66 76 86 99 97 92 98 101 82 109 109 111 118 120 122 122 124 125 126 128 129 124 114 112 120 123 123 127 133 134 127 127 -9999 -9999 -9999 -9999 -9999 -9999 -9999 -9999 -9999 -9999 -9999 -9999 -9999 -9999 -9999
-9999 -9999 -9999 134 133 131 133 133 133 133 118 126 106 103 104 98 94 79 96 74 72 92 79 69 76 81 80 84 97 76 85 77 69 58 70 78 79 68 72 93 99 97 108 110 112 119 121 122 123 124 126 125 124 123 125 123 123 126 123 121 130 133 131 132 -9999 -9999 -9999 -9999 -9999 -9999 -9999 -9999 -9999 -9999 -9999 -9999 -9999 -9999 -9999 -9999
-9999 134 132 131 129 122 128 128 132 131 129 126 114 100 91 85 83 71 83 56 58 76 68 59 65 75 63 77 93 83 81 90 70 71 79 80 74 65 82 98 102 106 108 106 112 119 120 123 123 122 115 111 119 124 122 125 126 126 128 129 131 134 133 131 -9999 -9999 -9999 -9999 -9999 -9999 -9999 -9999 -9999 -9999 -9999 -9999 -9999 -9999 -9999 -9999
134 133 129 112 114 115 117 124 130 122 106 100 92 89 71 64 64 59 72 62 62 79 69 70 61 80 78 84 76 102 87 79 90 87 87 91 76 68 81 96 94 100 108 112 115 120 118 122 122 121 120 122 125 127 128 123 122 126 125 129 131 131 134 -9999 -9999 -9999 -9999 -9999 -9999 -9999 -9999 -9999 -9999 -9999 -9999 -9999 -9999 -9999 -9999 -9999
134 130 110 113 121 103 109 113 117 95 72 95 68 85 57 67 68 49 74 78 83 75 88 68 73 93 94 88 75 100 73 70 86 96 82 67 72 79 90 90 94 100 109 112 118 119 113 119 121 120 122 124 127 128 121 124 126 124 128 131 130 134 -9999 -9999 -9999 -9999 -9999 -9999 -9999 -9999 -9999 -9999 -9999 -9999 -9999 -9999 -9999 -9999 -9999 -9999
131 130 116 103 117 112 95 88 110 101 88 84 75 55 73 79 61 55 53 67 82 89 97 99 99 100 100 103 72 98 86 75 95 87 68 74 86 73 86 101 103 105 106 113 120 112 110 116 123 125 129 130 130 125 122 129 127 129 133 -9999 -9999 -9999 -9999 -9999 -9999 -9999 -9999 -9999 -9999 -9999 -9999 -9999 -9999 -9999 -9999 -9999 -9999 -9999 -9999 -9999
111 131 115 109 91 87 70 71 105 94 78 68 60 60 85 88 77 55 63 75 59 65 72 70 63 89 102 104 100 105 105 102 89 65 79 91 92 99 105 99 101 103 112 113 114 120 124 123 128 130 131 123 119 121 123 126 128 134 -9999 -9999 -9999 -9999 -9999 -9999 -9999 -9999 -9999 -9999 -9999 -9999 -9999 -9999 -9999 -9999 -9999 -9999 -9999 -9999 -9999 -9999
105 122 94 78 69 61 58 85 94 61 56 69 50 65 75 88 89 59 60 83 61 51 74 67 63 64 93 82 100 97 106 94 58 84 93 98 108 109 99 99 104 102 103 102 104 113 122 126 129 130 130 123 126 129 130 -9999 -9999 -9999 -9999 -9999 -9999 -9999 -9999 -9999 -9999 -9999 -9999 -9999 -9999 -9999 -9999 -9999 -9999 -9999 -9999 -9999 -9999 -9999 -9999 -9999
88 90 97 88 73 60 51 84 65 56 64 83 51 67 76 84 100 86 68 75 84 71 82 66 71 86 86 92 99 97 99 94 71 86 92 110 112 102 96 95 106 117 117 117 114 117 124 127 130 131 132 132 129 -9999 -9999 -9999 -9999 -9999 -9999 -9999 -9999 -9999 -9999 -9999 -9999 -9999 -9999 -9999 -9999 -9999 -9999 -9999 -9999 -9999 -9999 -9999 -9999 -9999 -9999 -9999
103 74 65 68 70 52 48 72 54 60 72 91 52 72 56 59 88 107 100 83 97 97 60 54 87 96 94 96 101 104 103 88 93 100 104 110 99 97 108 113 111 122 124 124 122 119 124 128 131 133 134 -9999 -9999 -9999 -9999 -9999 -9999 -9999 -9999 -9999 -9999 -9999 -9999 -9999 -9999 -9999 -9999 -9999 -9999 -9999 -9999 -9999 -9999 -9999 -9999 -9999 -9999 -9999 -9999 -9999
