Electronic Materials (Flash Drives)/data/NZclimate/2050/miroc_4_2050/bio01nz.asc
ncols         384
nrows         384
xllcorner     164
yllcorner     -49
cellsize      0.041666666666667
NODATA_value  -9999
[rows 245 to 279 of 384, columns 80 to 159 of 384]
-9999 -9999 -9999 -9999 -9999 -9999 -9999 -9999 -9999 -9999 -9999 -9999 -9999 -9999 -9999 -9999 -9999 -9999 -9999 -9999 -9999 -9999 -9999 -9999 -9999 -9999 -9999 -9999 -9999 -9999 -9999 -9999 -9999 -9999 -9999 -9999 -9999 -9999 -9999 -9999 -9999 -9999 -9999 -9999 -9999 -9999 -9999 -9999 -9999 -9999 -9999 -9999 -9999 -9999 -9999 -9999 -9999 -9999 -9999 -9999 -9999 -9999 -9999 -9999 -9999 -9999 136 134 134 134 131 127 132 133 131 115 105 82 78 84
-9999 -9999 -9999 -9999 -9999 -9999 -9999 -9999 -9999 -9999 -9999 -9999 -9999 -9999 -9999 -9999 -9999 -9999 -9999 -9999 -9999 -9999 -9999 -9999 -9999 -9999 -9999 -9999 -9999 -9999 -9999 -9999 -9999 -9999 -9999 -9999 -9999 -9999 -9999 -9999 -9999 -9999 -9999 -9999 -9999 -9999 -9999 -9999 -9999 -9999 -9999 -9999 -9999 -9999 -9999 -9999 -9999 -9999 -9999 -9999 -9999 -9999 -9999 -9999 -9999 135 135 131 127 128 129 132 131 131 108 77 57 79 73 56
-9999 -9999 -9999 -9999 -9999 -9999 -9999 -9999 -9999 -9999 -9999 -9999 -9999 -9999 -9999 -9999 -9999 -9999 -9999 -9999 -9999 -9999 -9999 -9999 -9999 -9999 -9999 -9999 -9999 -9999 -9999 -9999 -9999 -9999 -9999 -9999 -9999 -9999 -9999 -9999 -9999 -9999 -9999 -9999 -9999 -9999 -9999 -9999 -9999 -9999 -9999 -9999 -9999 -9999 -9999 -9999 -9999 -9999 -9999 -9999 -9999 -9999 -9999 -9999 135 134 133 125 128 124 117 122 95 104 114 84 88 88 58 41
-9999 -9999 -9999 -9999 -9999 -9999 -9999 -9999 -9999 -9999 -9999 -9999 -9999 -9999 -9999 -9999 -9999 -9999 -9999 -9999 -9999 -9999 -9999 -9999 -9999 -9999 -9999 -9999 -9999 -9999 -9999 -9999 -9999 -9999 -9999 -9999 -9999 -9999 -9999 -9999 -9999 -9999 -9999 -9999 -9999 -9999 -9999 -9999 -9999 -9999 -9999 -9999 -9999 -9999 -9999 -9999 -9999 -9999 -9999 -9999 -9999 -9999 136 133 131 125 128 130 129 116 105 80 71 88 118 112 105 85 78 58
-9999 -9999 -9999 -9999 -9999 -9999 -9999 -9999 -9999 -9999 -9999 -9999 -9999 -9999 -9999 -9999 -9999 -9999 -9999 -9999 -9999 -9999 -9999 -9999 -9999 -9999 -9999 -9999 -9999 -9999 -9999 -9999 -9999 -9999 -9999 -9999 -9999 -9999 -9999 -9999 -9999 -9999 -9999 -9999 -9999 -9999 -9999 -9999 -9999 -9999 -9999 -9999 -9999 -9999 -9999 -9999 -9999 -9999 -9999 135 134 130 129 124 121 121 116 124 120 92 75 53 58 91 95 75 52 71 67 50
-9999 -9999 -9999 -9999 -9999 -9999 -9999 -9999 -9999 -9999 -9999 -9999 -9999 -9999 -9999 -9999 -9999 -9999 -9999 -9999 -9999 -9999 -9999 -9999 -9999 -9999 -9999 -9999 -9999 -9999 -9999 -9999 -9999 -9999 -9999 -9999 -9999 -9999 -9999 -9999 -9999 -9999 -9999 -9999 -9999 -9999 -9999 -9999 -9999 -9999 -9999 -9999 -9999 -9999 -9999 -9999 -9999 -9999 135 134 130 129 127 124 121 117 99 84 99 87 80 64 59 75 73 40 48 54 42 55
-9999 -9999 -9999 -9999 -9999 -9999 -9999 -9999 -9999 -9999 -9999 -9999 -9999 -9999 -9999 -9999 -9999 -9999 -9999 -9999 -9999 -9999 -9999 -9999 -9999 -9999 -9999 -9999 -9999 -9999 -9999 -9999 -9999 -9999 -9999 -9999 -9999 -9999 -9999 -9999 -9999 -9999 -9999 -9999 -9999 -9999 -9999 -9999 -9999 -9999 -9999 -9999 -9999 -9999 -9999 -9999 -9999 135 134 133 133 131 130 127 117 88 71 57 52 35 45 25 55 45 56 67 69 39 39 64
-9999 -9999 -9999 -9999 -9999 -9999 -9999 -9999 -9999 -9999 -9999 -9999 -9999 -9999 -9999 -9999 -9999 -9999 -9999 -9999 -9999 -9999 -9999 -9999 -9999 -9999 -9999 -9999 -9999 -9999 -9999 -9999 -9999 -9999 -9999 -9999 -9999 -9999 -9999 -9999 -9999 -9999 -9999 -9999 -9999 -9999 -9999 -9999 -9999 -9999 -9999 -9999 -9999 -9999 -9999 -9999 135 134 134 132 132 117 100 112 85 80 59 42 17 24 24 35 18 44 32 83 64 39 50 50
-9999 -9999 -9999 -9999 -9999 -9999 -9999 -9999 -9999 -9999 -9999 -9999 -9999 -9999 -9999 -9999 -9999 -9999 -9999 -9999 -9999 -9999 -9999 -9999 -9999 -9999 -9999 -9999 -9999 -9999 -9999 -9999 -9999 -9999 -9999 -9999 -9999 -9999 -9999 -9999 -9999 -9999 -9999 -9999 -9999 -9999 -9999 -9999 -9999 -9999 -9999 -9999 -9999 -9999 135 134 133 131 130 133 108 81 72 91 86 80 53 6 16 64 43 23 52 48 52 85 57 39 69 42
-9999 -9999 -9999 -9999 -9999 -9999 -9999 -9999 -9999 -9999 -9999 -9999 -9999 -9999 -9999 -9999 -9999 -9999 -9999 -9999 -9999 -9999 -9999 -9999 -9999 -9999 -9999 -9999 -9999 -9999 -9999 -9999 -9999 -9999 -9999 -9999 -9999 -9999 -9999 -9999 -9999 -9999 -9999 -9999 -9999 -9999 -9999 -9999 -9999 -9999 135 134 135 133 134 131 131 112 91 118 110 107 85 64 63 62 30 8 61 65 32 69 50 27 49 88 69 41 72 49
-9999 -9999 -9999 -9999 -9999 -9999 -9999 -9999 -9999 -9999 -9999 -9999 -9999 -9999 -9999 -9999 -9999 -9999 -9999 -9999 -9999 -9999 -9999 -9999 -9999 -9999 -9999 -9999 -9999 -9999 -9999 -9999 -9999 -9999 -9999 -9999 -9999 -9999 -9999 -9999 -9999 -9999 -9999 -9999 -9999 -9999 -9999 -9999 133 127 130 118 133 131 131 105 106 96 71 112 100 75 69 84 83 61 54 48 85 83 71 46 36 60 45 89 68 56 73 81
-9999 -9999 -9999 -9999 -9999 -9999 -9999 -9999 -9999 -9999 -9999 -9999 -9999 -9999 -9999 -9999 -9999 -9999 -9999 -9999 -9999 -9999 -9999 -9999 -9999 -9999 -9999 -9999 -9999 -9999 -9999 -9999 -9999 -9999 -9999 -9999 -9999 -9999 -9999 -9999 -9999 -9999 -9999 -9999 -9999 134 131 126 127 121 132 124 124 109 119 96 78 88 86 86 95 75 64 49 26 46 77 67 95 47 41 39 44 70 43 70 98 86 92 67
-9999 -9999 -9999 -9999 -9999 -9999 -9999 -9999 -9999 -9999 -9999 -9999 -9999 -9999 -9999 -9999 -9999 -9999 -9999 -9999 -9999 -9999 -9999 -9999 -9999 -9999 -9999 -9999 -9999 -9999 -9999 -9999 -9999 -9999 -9999 -9999 -9999 -9999 -9999 -9999 -9999 -9999 -9999 134 129 126 128 119 114 129 118 122 112 88 80 113 111 91 71 69 65 78 62 45 41 61 95 97 83 46 67 43 42 72 47 49 95 99 91 62
-9999 -9999 -9999 -9999 -9999 -9999 -9999 -9999 -9999 -9999 -9999 -9999 -9999 -9999 -9999 -9999 -9999 -9999 -9999 -9999 -9999 -9999 -9999 -9999 -9999 -9999 -9999 -9999 -9999 -9999 -9999 -9999 -9999 -9999 -9999 -9999 -9999 -9999 -9999 -9999 -9999 -9999 133 132 122 110 117 118 120 106 81 105 125 108 101 92 65 70 64 65 60 72 58 46 47 42 90 102 57 64 62 38 50 76 49 59 92 100 89 64
-9999 -9999 -9999 -9999 -9999 -9999 -9999 -9999 -9999 -9999 -9999 -9999 -9999 -9999 -9999 -9999 -9999 -9999 -9999 -9999 -9999 -9999 -9999 -9999 -9999 -9999 -9999 -9999 -9999 -9999 -9999 -9999 -9999 -9999 -9999 -9999 -9999 -9999 -9999 -9999 -9999 132 132 132 125 111 95 93 105 102 95 89 108 94 59 60 75 51 67 89 73 50 54 70 50 60 100 106 75 81 47 45 63 81 66 72 99 100 91 72
-9999 -9999 -9999 -9999 -9999 -9999 -9999 -9999 -9999 -9999 -9999 -9999 -9999 -9999 -9999 -9999 -9999 -9999 -9999 -9999 -9999 -9999 -9999 -9999 -9999 -9999 -9999 -9999 -9999 -9999 -9999 -9999 -9999 -9999 -9999 -9999 -9999 -9999 -9999 132 132 131 132 126 102 90 100 92 80 75 70 68 79 80 75 81 69 86 99 54 48 62 47 85 42 64 100 108 101 79 60 51 71 70 95 98 101 99 87 56
-9999 -9999 -9999 -9999 -9999 -9999 -9999 -9999 -9999 -9999 -9999 -9999 -9999 -9999 -9999 -9999 -9999 -9999 -9999 -9999 -9999 -9999 -9999 -9999 -9999 -9999 -9999 -9999 -9999 -9999 -9999 -9999 -9999 -9999 -9999 -9999 -9999 132 132 131 131 130 126 94 107 97 86 90 70 69 77 77 108 106 98 80 98 97 57 64 75 71 59 83 33 51 95 109 104 87 77 78 83 89 95 100 101 97 82 55
-9999 -9999 -9999 -9999 -9999 -9999 -9999 -9999 -9999 -9999 -9999 -9999 -9999 -9999 -9999 -9999 -9999 -9999 -9999 -9999 -9999 -9999 -9999 -9999 -9999 -9999 -9999 -9999 -9999 -9999 -9999 -9999 -9999 -9999 -9999 131 131 131 131 131 123 103 107 122 108 101 117 111 106 83 95 111 121 101 84 82 85 54 53 74 80 46 85 75 38 59 88 109 108 95 88 89 90 93 97 100 101 95 72 50
-9999 -9999 -9999 -9999 -9999 -9999 -9999 -9999 -9999 -9999 -9999 -9999 -9999 -9999 -9999 -9999 -9999 -9999 -9999 -9999 -9999 -9999 -9999 -9999 -9999 -9999 -9999 -9999 129 124 126 127 130 130 130 130 130 121 113 102 99 112 79 84 114 104 77 83 90 117 125 108 75 58 56 59 49 71 56 87 63 43 98 62 46 44 79 109 109 102 96 94 94 94 98 99 99 93 75 71
-9999 -9999 -9999 -9999 -9999 -9999 -9999 -9999 -9999 -9999 -9999 -9999 -9999 -9999 -9999 -9999 -9999 -9999 -9999 -9999 -9999 -9999 -9999 -9999 128 125 119 118 116 118 121 119 126 128 126 127 124 103 74 108 82 92 106 86 83 85 90 92 107 105 88 77 71 60 70 77 47 66 71 96 54 78 95 60 47 51 76 109 109 103 99 96 96 98 100 100 97 86 67 84
-9999 -9999 -9999 -9999 -9999 -9999 -9999 -9999 -9999 -9999 -9999 -9999 -9999 -9999 -9999 -9999 -9999 -9999 -9999 -9999 -9999 -9999 -9999 127 127 128 128 125 113 105 100 118 122 127 113 95 109 91 88 82 91 79 95 99 91 78 86 72 78 92 51 61 59 59 92 60 45 58 53 92 93 102 71 56 55 69 80 108 109 106 102 100 102 102 103 101 100 95 88 93
-9999 -9999 -9999 -9999 -9999 -9999 -9999 -9999 -9999 -9999 -9999 -9999 -9999 -9999 -9999 -9999 -9999 -9999 -9999 -9999 -9999 -9999 123 116 119 109 105 111 126 106 110 112 104 121 74 107 113 77 81 74 74 81 73 72 82 82 68 78 93 62 62 63 72 97 78 48 54 62 58 92 107 96 48 57 73 93 93 108 108 104 102 105 104 104 105 104 104 100 95 105
-9999 -9999 -9999 -9999 -9999 -9999 -9999 -9999 -9999 -9999 -9999 -9999 -9999 -9999 -9999 -9999 -9999 -9999 -9999 -9999 -9999 124 120 110 102 99 102 98 117 104 93 89 107 116 93 98 73 82 87 60 75 63 73 74 72 79 96 100 79 71 71 57 89 83 45 71 48 55 76 96 108 89 56 77 97 103 105 108 108 106 100 107 107 107 106 106 106 100 82 100
-9999 -9999 -9999 -9999 -9999 -9999 -9999 -9999 -9999 -9999 -9999 -9999 -9999 -9999 -9999 -9999 -9999 -9999 -9999 123 115 117 114 109 103 99 109 109 92 76 67 103 121 85 110 80 73 63 67 62 71 75 71 86 84 99 98 72 62 58 73 84 99 56 59 80 58 59 77 93 108 87 60 89 103 107 108 108 108 107 106 108 109 108 107 107 106 100 87 99
-9999 -9999 -9999 -9999 -9999 -9999 -9999 -9999 -9999 -9999 -9999 -9999 -9999 -9999 -9999 -9999 -9999 125 121 113 105 103 109 97 88 96 107 82 76 76 100 116 98 69 104 62 41 61 66 64 89 88 69 72 86 111 64 67 55 73 74 106 59 58 88 65 48 68 53 98 108 88 72 93 107 109 110 110 111 110 109 107 109 107 108 104 102 98 79 92
-9999 -9999 -9999 -9999 -9999 -9999 -9999 -9999 -9999 -9999 -9999 -9999 -9999 -9999 -9999 -9999 -9999 121 115 103 97 92 103 92 77 94 74 64 71 97 122 105 102 93 93 87 50 83 79 83 70 70 90 100 115 85 61 73 72 62 94 94 54 72 88 46 64 51 59 97 107 98 100 107 108 110 111 112 112 113 112 108 103 98 104 90 78 92 69 84
-9999 -9999 -9999 -9999 -9999 -9999 -9999 -9999 -9999 -9999 -9999 -9999 -9999 -9999 -9999 123 122 122 124 123 121 117 101 90 70 85 63 65 89 118 101 68 101 58 89 59 62 54 69 72 73 72 73 99 111 66 56 59 74 93 112 68 71 66 89 71 73 54 56 92 102 105 105 105 106 109 101 110 113 114 113 112 108 104 94 78 58 79 70 90
-9999 -9999 -9999 -9999 -9999 -9999 -9999 -9999 -9999 -9999 -9999 -9999 -9999 -9999 -9999 123 117 98 106 94 108 102 71 87 73 64 60 89 100 76 57 84 71 52 56 36 77 53 74 72 77 85 94 115 99 67 58 62 75 108 95 62 83 59 75 95 77 65 79 93 102 104 105 104 108 104 75 88 113 114 113 112 103 101 92 85 62 71 94 99
-9999 -9999 -9999 -9999 -9999 -9999 -9999 -9999 -9999 -9999 -9999 -9999 -9999 118 117 108 117 113 102 76 94 111 78 69 46 65 78 92 80 74 57 70 51 23 56 84 75 51 54 71 58 74 109 118 106 63 70 86 98 113 86 89 77 59 77 87 92 85 62 86 103 104 102 106 98 87 54 85 108 114 111 104 101 92 95 86 81 92 96 100
-9999 -9999 -9999 -9999 -9999 -9999 -9999 -9999 -9999 -9999 -9999 -9999 118 110 109 107 106 112 79 77 89 109 62 59 36 42 74 78 61 39 35 55 71 29 65 93 60 51 65 60 58 76 109 117 107 99 103 112 113 105 93 76 63 58 79 85 96 88 72 89 106 103 109 110 108 89 63 76 105 112 103 89 90 73 82 89 82 87 99 102
-9999 -9999 -9999 -9999 -9999 -9999 -9999 -9999 -9999 -9999 -9999 121 112 100 109 97 80 115 77 82 113 78 80 62 39 56 61 34 49 38 50 74 77 68 77 103 98 74 48 63 75 70 104 117 85 96 114 108 76 68 63 67 64 79 78 66 84 88 85 98 106 108 110 111 112 110 84 73 105 102 92 75 78 54 64 72 56 70 97 104
-9999 -9999 -9999 -9999 -9999 -9999 -9999 -9999 -9999 -9999 -9999 119 106 100 87 79 72 113 84 105 86 67 57 45 59 72 75 74 66 59 31 38 69 78 71 52 78 110 74 38 68 100 113 110 81 102 114 103 94 92 80 77 74 88 90 69 87 92 83 104 107 108 107 87 96 112 104 102 109 99 80 95 83 72 82 81 55 83 102 106
-9999 -9999 -9999 -9999 -9999 -9999 -9999 -9999 -9999 -9999 118 113 84 62 77 65 59 86 117 102 64 49 63 58 89 52 39 55 64 43 41 55 66 45 61 49 67 111 87 61 88 117 114 87 83 100 114 108 75 76 70 65 83 96 92 81 84 60 76 98 105 92 97 84 84 103 110 101 112 100 93 105 95 97 90 72 66 99 106 110
-9999 -9999 -9999 -9999 -9999 -9999 -9999 -9999 112 106 109 95 75 73 72 79 48 65 115 85 77 51 68 72 81 27 56 84 56 37 60 77 53 69 66 47 58 98 113 110 109 117 105 111 103 95 113 109 82 77 83 89 96 91 85 80 56 58 58 82 97 89 67 77 84 102 102 102 115 109 114 115 106 102 86 75 96 107 110 111
-9999 -9999 -9999 -9999 -9999 -9999 119 111 99 87 97 78 89 97 80 85 76 67 107 86 60 61 65 98 76 44 63 84 43 29 55 86 61 71 72 54 46 58 106 111 116 116 112 115 113 113 114 106 78 73 87 102 100 87 83 69 76 63 53 75 77 70 51 79 84 93 94 100 101 100 101 110 114 107 91 106 110 113 114 112
