Electronic Materials (Flash Drives)/data/NZclimate/2050/miroc_4_2050/bio05.nz.asc
ncols         384
nrows         384
xllcorner     164
yllcorner     -49
cellsize      0.041666666666667
NODATA_value  -9999
[rows 140 to 174 of 384, columns 240 to 319 of 384]
-9999 -9999 -9999 -9999 -9999 -9999 -9999 -9999 -9999 -9999 -9999 -9999 247 243 245 245 243 242 238 233 231 231 235 244 243 240 238 238 236 245 245 244 245 243 241 237 228 221 224 232 239 241 242 245 246 246 247 247 245 241 241 240 235 231 229 231 233 233 233 230 230 224 223 223 220 224 227 228 233 246 234 236 238 241 244 250 256 253 250 251
-9999 -9999 -9999 -9999 -9999 -9999 -9999 -9999 -9999 -9999 -9999 246 243 243 243 242 243 242 239 234 232 232 238 243 245 242 238 242 238 244 246 245 246 245 242 236 229 228 230 234 235 239 244 245 245 246 245 240 235 237 237 238 236 231 230 229 232 231 232 228 231 223 225 224 225 220 227 240 234 234 249 250 250 250 250 253 250 255 260 255
-9999 -9999 -9999 -9999 -9999 -9999 -9999 -9999 -9999 -9999 245 244 243 243 241 237 237 235 236 234 233 233 240 242 245 243 241 244 244 246 245 243 243 244 242 235 233 228 231 232 228 236 245 245 245 244 242 236 234 233 238 235 232 228 229 230 230 231 229 229 231 224 228 222 217 225 231 240 230 245 246 245 251 255 256 257 256 260 260 261
-9999 -9999 -9999 -9999 242 243 243 243 243 244 244 242 242 242 237 237 237 236 238 237 235 237 238 241 244 242 242 241 239 240 238 240 238 240 235 235 232 229 229 229 216 223 242 244 243 241 239 237 235 232 232 229 223 220 229 229 226 228 227 228 231 231 232 232 223 230 240 240 234 246 244 246 250 248 251 254 255 257 256 259
-9999 -9999 242 242 242 242 241 242 242 241 241 242 241 238 237 238 237 236 238 239 241 240 238 240 242 242 243 239 234 234 238 236 234 234 225 229 232 230 230 231 231 226 228 241 241 236 231 230 230 225 223 218 221 224 230 227 226 227 225 220 227 237 238 232 229 235 244 249 248 248 249 251 252 257 252 252 257 259 259 261
240 241 240 240 240 240 240 239 240 240 238 241 238 239 238 238 237 236 238 240 241 240 240 240 239 242 237 236 240 240 238 237 232 230 220 225 225 224 225 225 231 232 225 237 238 231 224 219 212 215 220 216 215 221 231 229 224 226 220 217 225 237 240 232 238 246 242 244 242 244 247 250 252 255 257 258 258 260 262 261
238 238 238 238 237 237 238 239 239 238 239 238 237 239 237 235 236 237 239 239 242 239 241 240 239 242 241 242 240 240 241 238 233 229 226 222 219 217 209 197 206 224 230 233 230 221 211 209 206 208 205 212 211 224 226 225 230 224 226 222 228 236 234 241 246 239 231 233 245 253 254 257 255 257 258 259 262 261 264 264
234 234 234 234 235 236 237 238 239 239 238 237 239 238 236 235 236 238 236 238 241 240 240 240 236 237 235 240 233 233 239 233 227 223 221 220 217 211 197 182 196 213 223 227 216 203 202 201 202 201 206 211 216 212 220 222 226 228 222 231 235 236 237 245 241 220 230 241 246 252 254 258 261 261 262 261 264 -9999 -9999 -9999
225 226 229 230 232 234 236 236 236 238 238 238 238 237 236 236 236 237 236 235 239 237 238 236 235 233 232 232 230 228 233 230 223 220 218 215 211 205 198 200 205 214 220 216 207 201 198 204 208 206 203 210 215 211 205 210 219 226 232 237 239 236 241 244 230 224 244 251 252 254 254 258 260 262 265 -9999 -9999 -9999 -9999 -9999
204 210 221 225 229 231 233 234 236 236 237 237 236 236 236 236 233 231 236 239 238 240 237 238 234 234 230 229 232 229 227 227 223 219 202 206 198 188 191 201 208 214 216 212 204 199 199 209 203 207 205 211 208 212 211 208 211 210 226 235 235 233 236 229 237 245 251 252 254 254 250 252 254 -9999 -9999 -9999 -9999 -9999 -9999 -9999
207 194 207 218 224 228 230 232 235 236 235 236 238 238 236 236 234 233 234 240 238 239 238 240 236 237 233 231 235 233 227 224 221 218 213 203 183 152 175 194 205 210 208 200 196 196 204 213 210 207 202 216 210 205 209 214 202 205 221 232 234 236 237 243 246 248 252 248 247 253 255 257 258 -9999 -9999 -9999 -9999 -9999 -9999 -9999
206 181 203 215 222 226 230 232 233 235 236 236 237 235 236 236 235 232 230 229 237 237 237 240 239 234 234 233 236 235 231 224 221 217 213 206 190 171 186 200 208 210 204 198 203 206 206 204 215 213 218 221 213 212 220 215 206 219 225 231 236 236 241 249 249 250 255 255 251 257 258 260 -9999 -9999 -9999 -9999 -9999 -9999 -9999 -9999
220 215 217 221 224 227 230 233 234 236 237 237 236 234 233 228 226 228 227 227 223 229 233 236 239 235 238 240 237 232 229 225 222 219 216 212 207 204 206 210 213 212 209 210 207 205 206 210 219 218 219 221 214 214 223 221 224 228 236 234 244 245 247 249 252 253 257 257 256 262 263 -9999 -9999 -9999 -9999 -9999 -9999 -9999 -9999 -9999
228 226 226 227 229 230 232 233 234 235 237 238 236 232 231 227 226 230 230 228 225 226 231 235 238 238 238 232 226 225 227 227 227 226 222 221 218 216 218 217 217 217 217 215 210 201 209 211 216 217 221 221 222 218 221 230 230 231 233 240 246 248 251 250 253 254 255 259 261 262 -9999 -9999 -9999 -9999 -9999 -9999 -9999 -9999 -9999 -9999
233 232 232 232 233 233 235 235 234 234 235 239 236 235 234 232 233 233 232 232 231 231 235 236 241 235 232 230 227 231 229 230 229 227 225 224 223 222 221 220 218 216 218 218 208 211 223 220 223 223 220 219 222 228 230 230 231 231 236 245 249 252 253 254 255 257 254 260 262 -9999 -9999 -9999 -9999 -9999 -9999 -9999 -9999 -9999 -9999 -9999
236 236 236 235 236 236 236 234 237 236 236 238 237 237 235 234 234 237 233 234 234 232 229 229 236 238 230 229 226 229 226 228 224 224 226 227 225 224 223 220 219 216 213 218 222 226 226 220 226 224 220 218 223 230 228 233 239 238 242 246 249 251 252 254 257 257 257 261 262 262 -9999 -9999 -9999 -9999 -9999 -9999 -9999 -9999 -9999 -9999
239 239 239 238 238 238 238 238 236 237 237 234 237 238 237 238 234 236 236 235 230 233 234 228 231 236 235 234 230 231 230 230 229 226 227 226 224 223 221 218 218 215 212 214 219 225 220 220 227 225 225 220 211 235 227 231 241 243 245 246 248 249 252 255 258 259 260 261 262 262 -9999 -9999 -9999 -9999 -9999 -9999 -9999 -9999 -9999 -9999
240 240 240 240 240 239 239 239 240 236 235 232 234 239 234 238 234 231 236 239 237 237 231 226 229 239 240 235 230 232 236 231 226 227 229 228 230 230 228 222 221 216 216 220 230 229 224 223 228 227 215 213 219 220 210 219 234 244 250 250 251 252 254 257 259 260 261 261 262 262 262 -9999 -9999 -9999 -9999 -9999 -9999 -9999 -9999 -9999
-9999 -9999 -9999 -9999 240 240 239 240 241 239 236 235 236 238 237 235 233 231 234 237 238 233 232 229 232 232 236 239 236 230 233 235 232 232 233 232 229 229 230 226 227 226 226 227 231 231 225 227 228 222 210 207 217 213 207 225 242 245 246 246 250 254 255 255 257 258 259 260 260 261 261 -9999 -9999 -9999 -9999 -9999 -9999 -9999 -9999 -9999
-9999 -9999 -9999 -9999 -9999 -9999 -9999 240 241 240 238 236 235 239 238 233 236 238 238 238 240 240 237 234 235 237 231 236 238 231 228 237 235 232 235 231 226 232 229 229 228 229 232 231 229 234 233 230 227 227 211 210 206 207 208 234 238 243 245 247 249 253 255 256 257 258 259 260 260 260 259 259 255 257 -9999 -9999 -9999 -9999 -9999 -9999
-9999 -9999 -9999 -9999 -9999 -9999 -9999 -9999 242 241 240 240 239 238 237 235 237 241 240 239 242 237 234 234 234 236 239 240 232 230 230 237 235 235 235 228 233 231 230 233 229 224 230 234 233 233 235 231 230 218 222 211 203 213 224 235 233 239 239 242 246 251 250 254 256 258 259 260 259 256 258 257 254 256 -9999 -9999 -9999 -9999 -9999 -9999
-9999 -9999 -9999 -9999 -9999 -9999 -9999 -9999 -9999 242 242 242 241 242 240 239 240 241 238 242 240 236 230 231 236 238 238 242 236 233 236 239 232 234 234 232 235 230 230 234 229 226 224 231 236 235 232 228 223 204 208 207 209 226 233 224 234 238 240 243 244 248 248 254 253 256 256 255 251 256 254 254 256 -9999 -9999 -9999 -9999 -9999 -9999 -9999
-9999 -9999 -9999 -9999 -9999 -9999 -9999 -9999 -9999 -9999 -9999 243 243 242 241 241 241 243 241 242 237 235 234 234 235 238 242 243 242 240 242 242 239 239 235 234 237 235 235 233 230 229 227 236 237 236 230 225 224 207 201 203 212 233 236 231 238 242 244 246 245 246 248 249 256 257 253 256 254 249 250 253 257 -9999 -9999 -9999 -9999 -9999 -9999 -9999
-9999 -9999 -9999 -9999 -9999 -9999 -9999 -9999 -9999 -9999 -9999 -9999 243 243 243 243 243 244 241 239 239 239 239 239 239 239 243 243 242 239 243 239 243 241 237 240 239 236 232 228 231 234 235 237 234 231 231 230 226 201 197 198 222 233 237 240 241 243 246 248 247 246 245 254 256 252 254 255 249 245 246 256 -9999 -9999 -9999 -9999 -9999 -9999 -9999 -9999
-9999 -9999 -9999 -9999 -9999 -9999 -9999 -9999 -9999 -9999 -9999 -9999 -9999 -9999 -9999 244 245 244 243 243 242 243 243 241 240 242 246 244 243 241 243 244 243 242 241 243 241 238 236 235 239 239 237 234 233 233 232 228 222 207 199 199 219 232 237 240 243 246 247 249 249 247 250 255 253 254 249 250 246 240 249 256 -9999 -9999 -9999 -9999 -9999 -9999 -9999 -9999
-9999 -9999 -9999 -9999 -9999 -9999 -9999 -9999 -9999 -9999 -9999 -9999 -9999 -9999 -9999 -9999 -9999 -9999 -9999 -9999 -9999 244 244 243 242 245 245 243 242 240 243 244 244 244 242 241 241 238 238 241 240 238 236 234 232 230 228 223 203 198 196 214 230 235 239 241 244 247 248 249 249 247 251 254 253 252 251 250 244 242 250 251 -9999 -9999 -9999 -9999 -9999 -9999 -9999 -9999
-9999 -9999 -9999 -9999 -9999 -9999 -9999 -9999 -9999 -9999 -9999 -9999 -9999 -9999 -9999 -9999 -9999 -9999 -9999 -9999 -9999 -9999 -9999 245 245 245 244 244 242 241 245 244 243 242 241 238 238 238 236 241 238 238 235 233 232 231 228 225 213 212 200 218 231 237 241 244 246 247 249 250 250 249 252 253 252 252 250 250 249 252 254 -9999 -9999 -9999 -9999 -9999 -9999 -9999 -9999 -9999
-9999 -9999 -9999 -9999 -9999 -9999 -9999 -9999 -9999 -9999 -9999 -9999 -9999 -9999 -9999 -9999 -9999 -9999 -9999 -9999 -9999 -9999 -9999 -9999 246 245 244 243 243 245 245 245 242 238 237 237 240 240 242 240 235 234 235 232 233 232 233 230 219 200 211 227 234 238 242 244 246 248 249 249 250 251 251 252 252 250 248 248 251 255 -9999 -9999 -9999 -9999 -9999 -9999 -9999 -9999 -9999 -9999
-9999 -9999 -9999 -9999 -9999 -9999 -9999 -9999 -9999 -9999 -9999 -9999 -9999 -9999 -9999 -9999 -9999 -9999 -9999 -9999 -9999 -9999 -9999 -9999 -9999 245 245 246 245 245 245 241 240 240 240 242 244 242 238 235 233 234 233 235 233 236 235 232 211 212 219 228 236 239 241 244 246 247 249 248 250 251 251 248 251 250 248 248 252 252 -9999 -9999 -9999 -9999 -9999 -9999 -9999 -9999 -9999 -9999
-9999 -9999 -9999 -9999 -9999 -9999 -9999 -9999 -9999 -9999 -9999 -9999 -9999 -9999 -9999 -9999 -9999 -9999 -9999 -9999 -9999 -9999 -9999 -9999 -9999 -9999 246 246 246 245 244 242 242 242 243 245 242 240 239 238 238 236 235 237 235 239 236 224 218 217 229 235 237 239 241 243 242 246 246 249 250 250 248 248 249 249 249 247 252 255 -9999 -9999 -9999 -9999 -9999 -9999 -9999 -9999 -9999 -9999
-9999 -9999 -9999 -9999 -9999 -9999 -9999 -9999 -9999 -9999 -9999 -9999 -9999 -9999 -9999 -9999 -9999 -9999 -9999 -9999 -9999 -9999 -9999 -9999 -9999 -9999 -9999 246 246 245 244 243 243 243 245 244 242 241 240 241 240 239 240 237 241 241 231 216 216 231 234 238 240 240 242 239 237 240 243 249 249 247 246 248 248 250 247 250 254 256 -9999 -9999 -9999 -9999 -9999 -9999 -9999 -9999 -9999 -9999
-9999 -9999 -9999 -9999 -9999 -9999 -9999 -9999 -9999 -9999 -9999 -9999 -9999 -9999 -9999 -9999 -9999 -9999 -9999 -9999 -9999 -9999 -9999 -9999 -9999 -9999 -9999 -9999 246 246 245 244 244 245 245 243 244 243 243 243 243 241 239 242 242 236 222 218 235 239 241 241 241 242 239 238 238 245 249 251 252 252 248 248 249 251 249 252 254 -9999 -9999 -9999 -9999 -9999 -9999 -9999 -9999 -9999 -9999 -9999
-9999 -9999 -9999 -9999 -9999 -9999 -9999 -9999 -9999 -9999 -9999 -9999 -9999 -9999 -9999 -9999 -9999 -9999 -9999 -9999 -9999 -9999 -9999 -9999 -9999 -9999 -9999 -9999 246 246 246 245 245 246 245 244 245 244 245 244 243 241 243 244 236 220 223 237 241 242 243 242 243 241 237 239 237 243 246 248 251 253 253 253 252 252 253 253 -9999 -9999 -9999 -9999 -9999 -9999 -9999 -9999 -9999 -9999 -9999 -9999
-9999 -9999 -9999 -9999 -9999 -9999 -9999 -9999 -9999 -9999 -9999 -9999 -9999 -9999 -9999 -9999 -9999 -9999 -9999 -9999 -9999 -9999 -9999 -9999 -9999 -9999 -9999 -9999 -9999 247 247 247 246 246 246 244 245 246 246 246 244 242 246 241 222 226 237 242 244 245 245 245 245 243 241 239 240 240 244 249 252 253 253 252 254 255 256 -9999 -9999 -9999 -9999 -9999 -9999 -9999 -9999 -9999 -9999 -9999 -9999 -9999
-9999 -9999 -9999 -9999 -9999 -9999 -9999 -9999 -9999 -9999 -9999 -9999 -9999 -9999 -9999 -9999 -9999 -9999 -9999 -9999 -9999 -9999 -9999 -9999 -9999 -9999 -9999 -9999 -9999 247 247 246 246 246 246 246 247 247 247 247 245 245 246 238 231 240 243 244 246 246 245 242 242 243 239 239 238 239 243 250 252 253 249 252 256 -9999 -9999 -9999 -9999 -9999 -9999 -9999 -9999 -9999 -9999 -9999 -9999 -9999 -9999 -9999
