Electronic Materials (Flash Drives)/data/NZclimate/2050/miroc_4_2050/bio14nz.asc
ncols         384
nrows         384
xllcorner     164
yllcorner     -49
cellsize      0.041666666666667
NODATA_value  -9999
[rows 252 to 287 of 384, columns 81 to 161 of 384]
-9999 -9999 -9999 -9999 -9999 -9999 -9999 -9999 -9999 -9999 -9999 -9999 -9999 -9999 -9999 -9999 -9999 -9999 -9999 -9999 -9999 -9999 -9999 -9999 -9999 -9999 -9999 -9999 -9999 -9999 -9999 -9999 -9999 -9999 -9999 -9999 -9999 -9999 -9999 -9999 -9999 -9999 -9999 -9999 -9999 -9999 -9999 -9999 -9999 -9999 -9999 -9999 -9999 -9999 -9999 305 304 298 295 287 299 285 281 258 248 234 229 243 235 231 217 230 201 208 149 166 190 173 171 153 128
-9999 -9999 -9999 -9999 -9999 -9999 -9999 -9999 -9999 -9999 -9999 -9999 -9999 -9999 -9999 -9999 -9999 -9999 -9999 -9999 -9999 -9999 -9999 -9999 -9999 -9999 -9999 -9999 -9999 -9999 -9999 -9999 -9999 -9999 -9999 -9999 -9999 -9999 -9999 -9999 -9999 -9999 -9999 -9999 -9999 -9999 -9999 -9999 -9999 -9999 -9999 -9999 -9999 311 311 305 303 298 284 297 271 255 269 258 243 226 252 240 203 210 224 193 192 182 138 167 186 141 175 163 178
-9999 -9999 -9999 -9999 -9999 -9999 -9999 -9999 -9999 -9999 -9999 -9999 -9999 -9999 -9999 -9999 -9999 -9999 -9999 -9999 -9999 -9999 -9999 -9999 -9999 -9999 -9999 -9999 -9999 -9999 -9999 -9999 -9999 -9999 -9999 -9999 -9999 -9999 -9999 -9999 -9999 -9999 -9999 -9999 -9999 -9999 -9999 -9999 -9999 372 369 344 334 311 311 303 312 289 295 281 274 256 238 230 222 230 246 208 199 214 179 190 208 180 125 145 179 130 161 145 176
-9999 -9999 -9999 -9999 -9999 -9999 -9999 -9999 -9999 -9999 -9999 -9999 -9999 -9999 -9999 -9999 -9999 -9999 -9999 -9999 -9999 -9999 -9999 -9999 -9999 -9999 -9999 -9999 -9999 -9999 -9999 -9999 -9999 -9999 -9999 -9999 -9999 -9999 -9999 -9999 -9999 -9999 -9999 -9999 -9999 -9999 -9999 393 393 384 366 349 334 314 313 304 287 260 279 269 249 243 244 238 215 213 209 200 187 181 194 197 167 179 114 139 154 123 106 143 164
-9999 -9999 -9999 -9999 -9999 -9999 -9999 -9999 -9999 -9999 -9999 -9999 -9999 -9999 -9999 -9999 -9999 -9999 -9999 -9999 -9999 -9999 -9999 -9999 -9999 -9999 -9999 -9999 -9999 -9999 -9999 -9999 -9999 -9999 -9999 -9999 -9999 -9999 -9999 -9999 -9999 -9999 -9999 -9999 380 384 385 386 374 384 366 355 325 324 293 268 269 265 254 255 240 229 226 232 225 211 198 192 196 196 193 184 149 177 135 83 99 82 124 156 136
-9999 -9999 -9999 -9999 -9999 -9999 -9999 -9999 -9999 -9999 -9999 -9999 -9999 -9999 -9999 -9999 -9999 -9999 -9999 -9999 -9999 -9999 -9999 -9999 -9999 -9999 -9999 -9999 -9999 -9999 -9999 -9999 -9999 -9999 -9999 -9999 -9999 -9999 -9999 -9999 -9999 -9999 365 371 374 374 365 358 373 353 351 327 286 272 295 282 258 243 240 231 231 216 219 215 201 213 184 176 189 165 184 181 137 167 162 80 67 78 129 154 126
-9999 -9999 -9999 -9999 -9999 -9999 -9999 -9999 -9999 -9999 -9999 -9999 -9999 -9999 -9999 -9999 -9999 -9999 -9999 -9999 -9999 -9999 -9999 -9999 -9999 -9999 -9999 -9999 -9999 -9999 -9999 -9999 -9999 -9999 -9999 -9999 -9999 -9999 -9999 -9999 -9999 351 356 357 349 355 353 351 327 282 312 329 298 280 263 242 242 235 228 222 216 211 211 206 205 179 159 177 166 164 184 166 125 161 142 80 61 76 121 141 145
-9999 -9999 -9999 -9999 -9999 -9999 -9999 -9999 -9999 -9999 -9999 -9999 -9999 -9999 -9999 -9999 -9999 -9999 -9999 -9999 -9999 -9999 -9999 -9999 -9999 -9999 -9999 -9999 -9999 -9999 -9999 -9999 -9999 -9999 -9999 -9999 -9999 -9999 -9999 -9999 338 341 343 345 339 314 306 318 308 292 278 292 269 244 244 239 230 226 217 212 210 204 197 197 186 154 131 154 140 172 171 143 108 128 114 63 58 69 100 127 154
-9999 -9999 -9999 -9999 -9999 -9999 -9999 -9999 -9999 -9999 -9999 -9999 -9999 -9999 -9999 -9999 -9999 -9999 -9999 -9999 -9999 -9999 -9999 -9999 -9999 -9999 -9999 -9999 -9999 -9999 -9999 -9999 -9999 -9999 -9999 -9999 -9999 -9999 322 325 326 326 327 312 297 305 294 275 262 258 248 250 244 237 233 224 218 210 213 210 199 201 178 197 174 132 105 110 133 150 158 124 121 69 61 55 55 70 124 132 142
-9999 -9999 -9999 -9999 -9999 -9999 -9999 -9999 -9999 -9999 -9999 -9999 -9999 -9999 -9999 -9999 -9999 -9999 -9999 -9999 -9999 -9999 -9999 -9999 -9999 -9999 -9999 -9999 -9999 -9999 -9999 -9999 -9999 -9999 -9999 -9999 313 314 313 312 311 311 293 304 291 277 280 255 251 255 244 263 251 235 220 214 205 208 199 188 186 186 163 200 178 121 87 87 111 119 112 97 78 62 52 50 53 76 122 114 92
-9999 -9999 -9999 -9999 -9999 -9999 -9999 -9999 -9999 -9999 -9999 -9999 -9999 -9999 -9999 -9999 -9999 -9999 -9999 -9999 -9999 -9999 -9999 -9999 -9999 -9999 -9999 -9999 -9999 -9999 -9999 -9999 -9999 -9999 301 303 302 300 297 295 285 285 292 286 278 289 281 272 253 256 257 254 235 222 214 204 205 201 183 173 193 152 157 190 163 119 73 65 80 90 82 73 62 53 47 47 54 91 126 105 66
-9999 -9999 -9999 -9999 -9999 -9999 -9999 -9999 -9999 -9999 -9999 -9999 -9999 -9999 -9999 -9999 -9999 -9999 -9999 -9999 -9999 -9999 -9999 -9999 -9999 -9999 -9999 326 316 314 306 303 298 295 293 290 284 279 274 271 275 260 259 272 266 247 250 251 259 255 240 220 215 209 204 205 188 192 159 176 191 123 162 176 175 123 62 54 55 62 62 57 55 46 45 44 52 82 88 67 59
-9999 -9999 -9999 -9999 -9999 -9999 -9999 -9999 -9999 -9999 -9999 -9999 -9999 -9999 -9999 -9999 -9999 -9999 -9999 -9999 -9999 -9999 -9999 347 338 320 312 303 300 297 290 291 288 281 278 272 262 254 260 252 254 254 250 245 246 249 248 249 241 227 215 208 206 196 187 199 181 172 137 178 144 114 158 169 160 118 55 48 45 47 51 48 43 40 40 44 61 94 66 62 62
-9999 -9999 -9999 -9999 -9999 -9999 -9999 -9999 -9999 -9999 -9999 -9999 -9999 -9999 -9999 -9999 -9999 -9999 -9999 -9999 -9999 -9999 347 341 333 325 311 289 274 266 277 274 273 260 251 253 247 245 243 243 240 241 240 240 231 235 218 218 230 215 205 201 197 177 188 194 180 180 130 120 99 139 157 153 128 103 50 46 42 40 41 39 38 39 40 42 48 57 58 58 59
-9999 -9999 -9999 -9999 -9999 -9999 -9999 -9999 -9999 -9999 -9999 -9999 -9999 -9999 -9999 -9999 -9999 -9999 -9999 -9999 -9999 340 318 316 291 280 282 294 262 261 258 250 254 241 241 237 233 232 230 228 227 223 221 221 220 212 209 220 204 200 195 188 174 175 190 181 169 168 119 87 98 164 148 118 76 70 46 43 40 40 38 38 39 40 41 44 46 50 56 55 61
-9999 -9999 -9999 -9999 -9999 -9999 -9999 -9999 -9999 -9999 -9999 -9999 -9999 -9999 -9999 -9999 -9999 -9999 -9999 -9999 347 328 298 277 269 264 256 270 248 240 234 240 239 229 230 228 224 218 224 217 219 216 213 207 205 207 206 201 195 191 190 173 169 190 162 180 168 140 101 75 101 148 111 67 53 48 44 42 39 41 38 39 40 42 43 47 46 62 53 56 62
-9999 -9999 -9999 -9999 -9999 -9999 -9999 -9999 -9999 -9999 -9999 -9999 -9999 -9999 -9999 -9999 -9999 -9999 358 327 325 306 285 267 255 261 254 235 232 233 225 232 223 215 215 216 219 215 215 208 204 205 197 195 189 189 190 190 189 176 168 158 177 169 145 163 157 130 96 67 96 135 81 53 48 45 42 40 39 38 39 41 42 43 46 47 47 55 55 53 58
-9999 -9999 -9999 -9999 -9999 -9999 -9999 -9999 -9999 -9999 -9999 -9999 -9999 -9999 -9999 -9999 384 364 329 294 279 285 252 240 242 249 226 225 222 217 223 213 216 200 215 229 211 206 206 187 185 195 191 180 164 189 182 187 172 168 148 173 167 133 153 169 140 156 84 62 90 112 71 48 46 44 42 42 41 40 41 42 42 44 45 46 47 64 53 52 52
-9999 -9999 -9999 -9999 -9999 -9999 -9999 -9999 -9999 -9999 -9999 -9999 -9999 -9999 -9999 -9999 374 342 289 265 250 260 238 228 231 225 225 218 208 220 205 195 194 192 190 214 186 186 181 189 187 170 161 142 167 180 169 168 171 144 141 169 146 124 167 142 155 142 78 59 69 61 48 46 44 43 43 42 42 42 41 39 41 43 49 64 48 76 58 55 52
-9999 -9999 -9999 -9999 -9999 -9999 -9999 -9999 -9999 -9999 -9999 -9999 -9999 -9999 400 390 377 366 351 330 302 256 227 222 215 221 216 202 211 194 202 180 207 179 202 196 200 184 180 177 177 173 147 132 172 178 173 157 138 120 152 143 146 114 131 124 147 141 81 59 52 49 46 44 43 46 42 42 43 43 43 42 41 45 63 93 61 74 54 66 55
-9999 -9999 -9999 -9999 -9999 -9999 -9999 -9999 -9999 -9999 -9999 -9999 -9999 -9999 400 369 275 295 258 284 261 220 216 211 214 214 195 196 197 207 180 190 204 198 216 172 195 171 171 164 152 140 114 132 163 169 162 146 112 121 149 123 148 123 92 113 126 101 73 56 50 46 45 42 43 80 60 42 43 42 42 41 41 46 53 86 73 51 49 64 66
-9999 -9999 -9999 -9999 -9999 -9999 -9999 -9999 -9999 -9999 -9999 -9999 399 391 332 365 332 275 222 233 273 213 210 225 206 195 187 186 185 199 184 200 228 190 158 165 190 184 163 175 156 110 98 112 159 148 129 113 94 120 112 123 142 115 96 85 91 122 81 52 47 47 43 50 61 113 61 40 41 41 40 41 48 45 53 58 51 50 48 52 74
-9999 -9999 -9999 -9999 -9999 -9999 -9999 -9999 -9999 -9999 -9999 413 354 339 322 310 325 224 220 231 256 209 208 227 219 187 182 195 213 217 192 172 216 173 138 174 183 164 168 168 145 98 86 97 105 99 87 85 92 103 120 134 137 106 94 74 81 102 72 47 47 42 41 42 59 95 72 42 40 40 49 47 69 56 50 56 55 47 47 48 61
-9999 -9999 -9999 -9999 -9999 -9999 -9999 -9999 -9999 -9999 421 375 284 339 268 221 328 211 209 272 204 193 201 219 199 192 218 199 209 193 162 156 164 151 119 122 147 179 157 139 144 94 77 119 100 72 81 122 130 133 125 127 104 102 116 86 77 79 57 45 42 41 40 40 40 61 75 40 43 46 67 61 96 79 67 90 71 48 45 46 50
-9999 -9999 -9999 -9999 -9999 -9999 -9999 -9999 -9999 -9999 419 335 288 235 225 213 322 211 256 211 194 199 209 191 175 169 166 172 178 209 198 159 145 152 174 137 95 137 183 141 93 75 77 116 81 63 79 89 91 105 107 108 86 80 107 78 68 78 48 43 41 40 61 50 38 43 43 37 43 59 44 55 69 57 57 90 60 44 44 45 47
-9999 -9999 -9999 -9999 -9999 -9999 -9999 -9999 -9999 406 372 241 227 220 211 211 227 309 240 192 204 186 188 159 191 203 180 167 192 192 171 154 181 157 172 145 85 111 147 104 66 65 101 106 77 55 63 110 107 114 118 90 70 73 85 78 111 85 53 43 55 48 62 60 41 36 40 34 44 48 37 45 44 51 68 77 46 42 42 45 52
-9999 -9999 -9999 -9999 -9999 -9999 -9999 346 322 344 276 224 211 205 203 212 201 293 194 179 195 176 169 158 214 175 138 171 193 162 134 166 141 144 169 151 92 72 70 70 60 69 58 66 78 49 55 94 100 90 78 68 73 79 83 115 111 108 71 51 59 87 70 61 42 39 39 33 35 34 34 37 40 52 64 48 40 39 40 47 54
-9999 -9999 -9999 -9999 -9999 355 329 273 239 279 212 220 240 204 207 185 191 252 182 184 180 171 142 154 187 161 131 183 199 162 114 149 131 128 154 164 144 71 63 57 53 55 48 47 46 44 54 95 101 80 58 59 74 78 95 83 101 113 78 76 82 109 67 59 47 46 40 39 39 41 35 33 37 49 38 37 37 38 39 44 51
-9999 -9999 -9999 -9999 325 291 284 240 222 213 217 239 258 222 205 181 187 213 180 179 184 153 132 128 159 144 123 178 185 159 137 106 101 114 138 125 153 96 56 70 85 47 44 42 42 43 48 80 69 55 51 52 53 61 72 70 110 116 86 84 68 98 97 83 63 54 42 53 60 69 58 39 34 37 35 35 37 40 42 46 52
-9999 -9999 -9999 271 285 257 226 212 204 237 257 279 199 184 187 183 183 174 174 175 157 151 123 114 114 112 133 177 158 135 130 103 79 118 158 136 92 76 85 106 99 61 41 42 41 40 41 56 71 66 64 52 54 54 54 73 84 125 90 63 56 69 113 92 78 63 50 46 60 95 85 50 36 35 34 37 43 47 49 51 46
-9999 258 245 248 210 246 245 203 193 227 190 191 206 187 183 175 176 167 160 162 170 171 123 117 95 104 149 163 159 168 135 112 86 126 146 125 85 99 124 99 55 51 89 78 58 49 40 43 64 54 46 44 50 53 58 63 66 92 83 67 51 54 100 91 76 59 72 57 51 76 95 59 40 36 34 34 37 41 41 41 44
246 234 214 244 213 221 204 194 190 188 186 180 178 175 181 173 163 148 146 153 142 179 134 100 92 119 154 155 129 135 109 85 83 124 119 97 87 111 76 59 46 81 110 108 99 92 50 38 40 41 42 44 50 63 86 81 76 57 69 55 45 44 76 89 73 74 81 73 65 69 92 70 53 41 34 34 33 33 35 39 43
212 221 216 220 197 199 200 187 184 181 184 180 170 165 167 171 162 143 136 155 125 140 156 96 88 111 136 155 115 105 87 77 114 120 83 112 92 133 88 49 71 116 124 138 109 65 40 37 38 39 42 61 72 91 93 99 73 45 45 42 41 41 57 87 85 83 79 73 58 57 74 79 74 50 44 35 34 34 34 33 35
217 197 195 201 201 192 182 179 172 170 175 169 167 157 159 150 136 139 134 154 144 112 118 94 85 108 158 117 102 97 85 72 92 94 87 77 83 105 71 78 101 122 137 115 56 37 36 37 37 40 50 75 84 70 83 66 47 38 40 37 41 50 45 61 85 83 74 70 65 67 73 73 56 56 50 40 39 34 34 35 35
213 198 190 182 178 178 172 170 171 165 160 160 156 152 153 132 144 148 154 123 134 121 101 88 83 92 125 112 108 79 70 83 82 67 57 59 100 101 82 98 91 115 107 53 36 36 39 42 46 52 55 68 72 57 53 43 37 35 35 36 39 40 44 50 63 77 78 73 63 64 65 54 47 43 45 43 37 34 35 35 36
196 194 185 177 174 172 163 159 164 161 150 146 151 135 144 124 151 135 157 138 108 109 147 104 81 77 94 115 90 80 85 63 53 50 47 47 66 91 96 75 67 91 67 37 35 38 51 68 82 82 68 61 55 42 37 35 34 33 39 45 37 36 37 41 49 49 48 42 39 41 48 63 55 51 42 38 37 36 36 36 37
