Electronic Materials (Flash Drives)/data/NZclimate/2050/miroc_4_2050/bio12nz.asc
ncols         384
nrows         384
xllcorner     164
yllcorner     -49
cellsize      0.041666666666667
NODATA_value  -9999
[rows 280 to 314 of 384, columns 78 to 155 of 384]
-9999 -9999 -9999 -9999 -9999 -9999 -9999 4883 4469 4376 3815 3585 3464 3499 3781 4027 3548 3321 3023 3128 3391 2949 3017 3103 2589 2254 2196 2699 2452 2122 3019 3147 2705 2358 1843 1751 1962 2360 2147 2614 1652 998 1222 1473 825 772 743 730 732 819 1332 1145 900 823 825 827 952 1154 1099 1824 1936 1396 1355 1056 1610 1591 1333 957 796 607 787 907 1070 873 592 548 579 575
-9999 -9999 -9999 -9999 -9999 -9999 4172 4346 4011 3621 3436 3328 3738 3998 4267 3284 3035 3100 3067 3073 2871 2849 2941 2663 2565 2105 1974 1978 1941 2271 3005 2679 2313 2217 1776 1388 2025 2684 2318 1573 1317 1455 1806 1688 1049 718 739 708 675 680 919 1151 1075 1017 795 821 811 801 1154 1354 2096 1453 952 814 1053 1887 1490 1234 950 720 657 897 1546 1365 709 564 561 558
-9999 -9999 -9999 -9999 3995 3833 3882 3412 3861 3847 3309 3155 3590 3151 3120 3316 3119 3059 2931 2953 2811 2641 2740 2874 2892 2107 2020 1688 1813 2535 2773 2698 2852 2299 1913 1488 2152 2484 2130 1460 1695 2101 1687 952 871 1496 1316 972 809 656 690 1033 852 699 641 750 790 859 949 1010 1488 1326 1011 730 780 1629 1471 1194 871 1109 831 731 1182 1546 862 604 564 554
-9999 -9999 3930 3828 3681 3434 3801 3416 3509 3293 3172 3129 3109 3074 2968 2956 2925 3028 2903 2728 2462 2457 2578 2406 3024 2279 1726 1620 2025 2614 2621 2197 2293 1853 1474 1426 2100 2022 1656 1484 1882 1291 1003 790 1367 1841 1800 1649 1523 811 603 621 614 626 644 735 950 1369 1267 1174 825 1044 785 674 663 1174 1422 1118 1135 1266 1113 961 1042 1474 1065 769 626 561
3851 3694 3744 3401 3499 3442 3487 3196 3221 3237 3065 3056 2996 3024 2971 2821 2749 2792 2868 2721 2398 2305 2614 2130 2375 2651 1656 1536 1907 2302 2623 1958 1801 1488 1323 1945 2031 1421 1890 1556 2255 1485 826 1199 1952 2091 2325 1821 1065 641 579 584 582 627 922 1112 1469 1488 1607 1115 663 676 647 634 633 836 1378 1339 1311 1236 1121 859 839 1128 1234 1140 727 671
3575 3365 3364 3435 3189 3157 3222 3224 3098 2980 2954 2824 2807 2901 2804 2742 2602 2653 2502 2290 2336 2262 2597 2435 1907 2000 1610 1472 1838 2665 1990 1743 1647 1444 1237 1561 1594 1474 1300 1400 1761 1195 1299 1690 2044 2301 1914 914 589 563 564 566 594 743 1174 1326 1062 1303 971 683 587 614 582 634 724 676 892 1340 1287 1126 1048 963 991 1104 1103 825 817 736
3299 3295 3255 3365 3169 3070 2965 2919 2931 2840 2822 2840 2723 2626 2638 2568 2504 2557 2218 2423 2489 2587 2088 2273 2059 1717 1513 1418 1573 2105 1902 1822 1345 1198 1412 1393 1132 978 996 1675 1686 1367 1622 1498 1905 1784 866 577 552 599 648 705 789 820 1033 1095 847 784 633 568 549 557 566 622 628 666 730 936 1179 1180 1097 930 945 963 798 686 651 679
3188 3127 3073 3117 3091 2984 2894 2855 2840 2692 2624 2719 2678 2498 2429 2460 2252 2416 2080 2536 2258 2632 2312 1824 1840 2476 1754 1359 1318 1585 1930 1526 1350 1433 1054 895 839 808 807 1091 1503 1583 1238 1089 1495 1088 584 549 577 785 1056 1296 1296 1040 913 809 608 554 534 527 520 600 678 585 575 592 627 706 716 694 627 592 614 695 938 802 742 652
3084 3012 2970 2910 2851 2781 2716 2681 2737 2626 2650 2409 2593 2390 2208 2145 2227 2351 2032 2186 2431 2587 2255 1935 1944 2383 2094 1315 1260 2009 1856 1221 1643 1216 1008 891 930 1175 1168 999 785 856 803 821 811 766 555 548 700 1145 1572 1708 1366 888 632 556 531 523 512 502 545 653 532 564 649 573 563 594 588 574 556 542 550 683 1063 929 819 723
3000 2979 2855 2824 2858 2788 2697 2523 2733 2531 2361 2238 2329 2171 2003 2032 2335 1951 1921 2189 2338 2291 2401 1623 2106 2125 1821 1260 1181 1397 1173 1064 988 923 877 852 1065 2438 2214 1573 1196 1006 718 996 789 561 539 595 885 1259 1568 1067 709 555 538 522 505 493 507 523 512 502 572 751 576 513 509 517 517 513 520 502 519 580 893 1109 933 747
2858 2865 2782 2752 2631 2594 2594 2399 2353 2515 2456 2221 1949 1815 1747 1725 1816 1739 2269 2271 2119 2088 2162 1551 1860 2048 1524 1239 1132 1087 1038 1081 1293 1776 906 822 1236 2173 2208 1690 1289 964 1033 1093 898 584 568 745 676 621 799 618 541 523 523 509 484 507 528 496 497 554 766 637 507 472 462 470 468 469 479 479 500 554 654 999 859 885
2876 2728 2675 2765 2642 2387 2294 2230 2095 2036 2114 2176 1901 1604 1541 1537 1547 1665 1966 2063 2313 1688 1722 2125 1620 1933 1377 1490 1441 1445 1653 1681 1824 1487 1148 812 1239 2101 2277 1840 1378 996 1174 1311 1139 667 607 815 936 536 543 514 508 496 484 517 562 549 494 495 525 710 786 598 477 455 446 442 435 441 453 464 483 535 610 774 996 876
2775 2614 2787 2647 2537 2519 2504 2410 2230 1909 1749 1654 1543 1446 1407 1413 1431 1571 1922 1751 2154 1533 1900 1989 1902 1322 1449 1763 1875 1713 1854 1503 1342 1082 979 809 1366 2135 2098 1906 1243 858 977 1363 1143 855 736 654 652 489 468 476 471 465 476 527 605 509 498 517 630 812 792 631 473 448 437 430 424 426 443 455 477 534 646 664 768 991
2779 2676 2620 2401 2563 2565 2480 2477 2443 2201 1683 1542 1454 1372 1340 1335 1447 1524 1890 1549 2063 1824 1611 1722 1623 1300 1438 2040 1747 1474 1312 1487 1379 1729 1424 815 1226 1741 2138 1752 1027 1032 1273 1814 1530 1195 875 770 572 470 458 462 461 473 502 557 552 520 519 561 628 741 831 580 464 447 443 442 451 506 608 571 505 581 712 656 643 715
2615 2623 2621 2233 2331 2277 2427 2434 2250 2197 1898 1465 1393 1325 1317 1306 1393 1386 1463 1832 1743 1919 1552 1629 1334 1511 1838 1935 1628 1679 1698 1723 1637 1496 1767 859 949 1809 1878 1393 1196 1569 1662 1958 1725 1444 1347 1079 638 512 477 495 514 509 524 556 596 601 617 682 742 788 789 543 465 454 469 491 617 785 778 654 513 571 650 710 659 619
2373 2487 2551 2351 2035 2143 1905 2259 2250 2144 1868 1414 1336 1274 1305 1264 1283 1526 1371 1495 1571 1605 1299 1274 1568 2095 1767 1827 1866 1924 1784 1507 1158 1338 1375 862 1033 1740 1446 1065 1532 1776 1847 1680 1694 1508 1643 1377 738 561 544 614 565 571 666 650 668 665 719 786 805 875 707 490 471 489 629 771 989 1054 937 635 508 604 640 697 705 623
2543 2463 2464 2485 2465 2283 2004 1779 1620 1500 1410 1347 1281 1246 1224 1270 1235 1291 1282 1434 1264 1402 1380 1271 1726 2056 1650 1417 1399 1359 1160 1103 1096 1172 861 1049 1627 1447 1065 1419 1756 1868 1610 1571 1471 1702 1603 1367 695 570 620 755 706 754 722 714 746 773 841 852 966 918 669 519 526 543 775 963 1102 1097 775 520 529 621 688 649 655 686
2490 2476 2192 2285 2470 2214 2094 2310 2107 1631 1356 1295 1247 1224 1212 1192 1345 1297 1375 1290 1312 1432 1252 1755 1645 1833 1796 1340 1164 1402 1142 951 962 880 868 1080 1580 1193 1355 1570 1796 1784 1514 1275 1259 1426 1671 1287 707 555 659 754 822 805 793 771 769 781 892 1031 968 807 639 615 612 695 996 1169 1115 761 529 523 608 665 654 670 686 705
2379 2251 2164 2177 2340 2233 2061 1815 1747 1465 1326 1263 1231 1204 1181 1176 1300 1255 1252 1139 1158 1222 1691 1644 1743 1886 1537 1557 1131 1294 1167 1008 979 1011 857 927 1186 1430 1593 1690 1650 1412 1376 1082 1052 1300 1440 1329 764 559 573 689 864 842 821 820 790 815 889 881 793 665 612 642 758 930 1089 1178 740 523 517 582 688 650 650 720 730 754
2253 2300 2006 1975 2010 1715 1633 1505 1422 1387 1298 1262 1217 1195 1171 1158 1182 1152 1127 1131 1116 1269 1477 1330 1531 1540 1235 1248 1206 1015 989 979 913 944 865 1022 1035 1266 1522 1627 1513 1299 1141 880 823 1161 1170 1205 742 554 577 698 821 887 907 866 840 816 800 761 705 638 700 831 934 1064 1124 814 528 518 558 643 671 660 694 738 814 799
2141 1983 2064 1943 1711 1613 1537 1465 1394 1330 1278 1234 1197 1169 1151 1149 1140 1109 1186 1194 1115 1137 1121 1239 1179 1117 1140 1114 1036 1004 954 914 940 982 908 943 1088 1147 1313 1236 1267 1217 911 815 960 1049 1052 1033 745 579 638 692 706 747 855 905 817 788 810 737 750 839 923 889 887 962 962 573 527 539 574 632 672 681 738 816 853 806
2312 2242 2120 1818 2117 1929 1541 1435 1373 1315 1268 1230 1212 1173 1154 1137 1127 1178 1201 1118 1092 1044 1160 1254 1039 1114 1042 987 983 976 1070 1051 967 916 1022 1179 1102 1171 1082 889 873 877 800 1076 1330 1120 931 1047 964 648 660 674 708 737 783 818 781 772 892 838 874 910 899 875 882 904 734 565 556 568 601 637 668 710 808 848 838 855
2239 2125 1838 2200 2188 2202 1711 1451 1422 1366 1265 1231 1219 1262 1333 1424 1359 1401 1539 1118 1090 1029 1042 1167 1030 1005 982 972 963 1002 1318 1171 1025 967 1164 1044 1045 1001 938 846 826 811 959 1219 1219 1053 901 1052 999 698 672 690 689 749 855 878 852 906 1012 978 935 1017 971 860 731 659 620 614 606 605 629 662 708 758 824 880 858 883
2275 2027 1829 2339 2043 1956 2009 1589 1431 1447 1265 1234 1415 1774 1859 1819 1690 1250 1336 1100 1045 1029 1013 1000 994 985 980 972 973 1067 1077 1137 1098 971 1089 993 962 965 894 859 853 907 976 1115 1036 870 833 881 818 747 726 725 721 739 784 914 970 1079 1096 1002 1073 1075 950 796 756 724 725 711 697 691 685 702 734 805 864 863 905 906
2129 1946 2005 2166 2169 1878 2192 1650 1358 1310 1270 1281 1731 1849 1888 1639 1344 1180 1283 1112 1031 1022 1014 1002 1003 990 985 978 1011 1062 1022 1037 1026 943 989 992 940 906 899 886 955 932 1087 965 913 890 903 899 828 800 782 779 775 763 759 790 891 1100 1110 1101 1120 1054 923 786 779 739 724 748 733 734 726 744 776 812 869 950 972 987
2215 2007 1905 2151 2006 1656 1651 1470 1362 1339 1291 1331 1644 1839 1915 1695 1346 1191 1136 1075 1040 1017 1006 1027 1071 1054 1001 985 987 1016 1007 980 990 949 941 934 919 915 921 915 944 1021 1094 976 942 906 916 909 881 848 833 845 834 821 791 798 856 961 1056 1131 1114 1037 891 892 864 842 827 839 849 842 818 806 825 869 891 982 1013 1046
2133 1839 1874 2132 2102 1610 1450 1403 1361 1321 1272 1325 1730 1797 1597 1557 1216 1294 1209 1172 1091 1022 1012 1015 1075 1060 1014 993 985 985 996 979 961 942 933 922 913 941 1006 953 986 988 1057 1010 939 897 898 905 889 880 870 862 863 873 837 839 827 919 939 999 1044 1035 938 909 875 859 826 832 864 863 857 865 880 884 939 1029 1075 1088
2157 2099 1771 2102 1807 1501 1452 1433 1361 1312 1267 1238 1318 1392 1315 1226 1191 1252 1253 1184 1065 1027 1040 1039 1023 1054 1023 1006 1006 995 986 987 965 944 926 917 905 930 940 995 981 985 1000 969 953 946 947 929 922 915 907 897 895 891 878 840 854 907 919 922 925 905 885 886 901 902 890 895 897 880 857 874 878 921 969 1038 1117 1112
2082 2019 1675 1987 1641 1542 1629 1444 1392 1307 1264 1225 1199 1192 1192 1218 1202 1165 1235 1119 1044 1029 1094 1135 1024 1011 1001 1038 1071 1032 1004 992 976 956 927 909 897 892 913 963 936 966 1017 964 967 954 937 936 943 944 938 977 962 920 888 853 832 835 894 946 942 908 907 925 943 961 963 982 1038 980 734 734 781 772 793 908 1142 1105
1948 2085 1899 1657 1676 1697 1491 1445 1343 1299 1259 1220 1187 1160 1163 1169 1131 1104 1134 1130 1039 1033 1094 1117 1016 1001 1009 1070 1150 1131 1075 1015 994 976 943 916 901 894 916 951 949 947 961 952 964 954 954 961 970 968 1011 1059 974 925 894 880 831 791 791 838 904 911 900 955 995 968 1005 1019 1022 792 666 680 715 782 886 852 939 923
1811 1731 1970 1788 1607 1482 1447 1392 1338 1295 1261 1220 1185 1165 1145 1127 1111 1104 1101 1072 1042 1037 1096 1133 1053 1004 1024 1106 1181 1167 1207 1141 1037 975 959 950 927 912 917 960 951 957 955 973 977 978 981 981 989 1064 1133 1033 968 901 879 864 810 780 806 800 817 832 894 1003 1037 1000 881 819 735 699 688 772 863 847 891 820 858 -9999
2140 1658 1682 1579 1527 1473 1423 1379 1336 1299 1263 1226 1191 1177 1165 1216 1139 1107 1085 1065 1041 1028 1051 1079 1086 1011 1010 1110 1194 1150 1232 1255 1241 1188 1120 1065 985 952 949 963 979 988 979 993 994 1000 1011 991 1019 1078 1019 1002 921 859 832 813 789 839 863 782 768 798 960 1004 1006 975 848 769 735 726 754 820 802 -9999 -9999 -9999 -9999 -9999
1821 1662 1629 1569 1523 1473 1428 1396 1354 1310 1272 1244 1211 1195 1178 1199 1162 1121 1092 1066 1040 1020 1011 1004 1008 1005 1009 1052 1139 1242 1276 1284 1274 1227 1204 1165 1112 1130 1083 1003 1000 1019 1008 1017 1028 1029 1031 1003 1037 1016 977 918 866 822 781 763 804 838 794 792 803 862 916 924 908 877 798 755 788 841 791 784 -9999 -9999 -9999 -9999 -9999 -9999
1701 1707 1627 1564 1532 1470 1432 1394 1365 1316 1283 1260 1235 1220 1200 1185 1164 1140 1108 1072 1039 1014 1005 999 993 993 1004 1021 1058 1126 1149 1274 1308 1294 1283 1250 1240 1179 1181 1087 1029 1039 1039 1054 1044 1076 1065 1033 1023 993 941 883 839 795 755 740 765 767 794 851 907 810 807 851 799 794 799 878 884 897 792 756 -9999 -9999 -9999 -9999 -9999 -9999
1704 1854 1685 1559 1519 1472 1436 1396 1364 1326 1298 1277 1256 1245 1253 1217 1192 1172 1138 1092 1045 1018 1008 999 989 988 1008 1049 1040 1069 1137 1258 1302 1312 1319 1294 1215 1154 1112 1093 1070 1101 1113 1080 1072 1080 1061 1047 1035 990 951 890 826 777 738 719 729 754 793 854 869 789 747 751 752 756 814 970 941 827 800 -9999 -9999 -9999 -9999 -9999 -9999 -9999
