Electronic Materials (Flash Drives)/data/NZclimate/2050/miroc_4_2050/bio12nz.asc
ncols         384
nrows         384
xllcorner     164
yllcorner     -49
cellsize      0.041666666666667
NODATA_value  -9999
[rows 245 to 279 of 384, columns 156 to 233 of 384]
3587 3585 3537 3389 3152 2969 2949 3221 3298 3635 3533 3266 3102 3188 3188 2614 2138 2092 2265 2604 2411 1609 1657 1569 2059 1855 2447 2804 2100 1715 1953 2138 2194 1776 1400 1410 1406 1547 1478 1187 1096 1051 974 929 884 844 818 800 785 772 746 709 682 665 -9999 -9999 -9999 -9999 -9999 -9999 -9999 -9999 -9999 -9999 -9999 -9999 -9999 -9999 -9999 -9999 -9999 -9999 -9999 -9999 -9999 -9999 -9999 -9999
3863 3494 3473 3654 3133 3373 3112 3252 3568 3283 2865 2709 2444 2536 2612 2399 2122 1686 1574 1493 1414 1492 1760 1279 1523 1388 2175 2437 1990 2108 2247 2064 1686 1484 1183 1176 1130 1097 1052 1047 1003 961 922 884 857 830 801 779 764 749 721 693 671 659 -9999 -9999 -9999 -9999 -9999 -9999 -9999 -9999 -9999 -9999 -9999 -9999 -9999 -9999 -9999 -9999 -9999 -9999 -9999 -9999 -9999 -9999 -9999 -9999
3352 3230 3596 3815 3643 3786 3512 3552 3226 3105 3139 3389 3292 2599 2026 1866 1981 1857 1661 1512 1320 1217 1207 1328 1052 1158 1452 2076 1856 1747 1488 1407 1196 1133 1077 1050 1033 1011 986 964 939 911 877 845 817 794 775 754 732 714 696 678 659 651 -9999 -9999 -9999 -9999 -9999 -9999 -9999 -9999 -9999 -9999 -9999 -9999 -9999 -9999 -9999 -9999 -9999 -9999 -9999 -9999 -9999 -9999 -9999 -9999
3130 3157 3127 3407 3466 3431 2976 3261 3515 2994 2785 3538 3093 2909 2285 1977 2572 2679 2670 2642 2205 2120 1640 1014 972 995 1075 1374 1941 2166 1550 1287 1227 1116 1020 998 977 956 939 917 891 863 833 809 787 766 745 726 705 687 672 658 644 -9999 -9999 -9999 -9999 -9999 -9999 -9999 -9999 -9999 -9999 -9999 -9999 -9999 -9999 -9999 -9999 -9999 -9999 -9999 -9999 -9999 -9999 -9999 -9999 -9999
3624 3230 3203 3441 2943 3445 2819 2702 3208 2449 3044 2840 2694 2412 2495 1702 1676 2282 2380 2414 2147 2583 2334 1383 1396 1016 973 1185 1840 1462 1216 1118 1120 1059 994 969 936 913 889 874 851 823 794 774 757 740 721 703 685 668 653 642 630 622 -9999 -9999 -9999 -9999 -9999 -9999 -9999 -9999 -9999 -9999 -9999 -9999 -9999 -9999 -9999 -9999 -9999 -9999 -9999 -9999 -9999 -9999 -9999 -9999
3569 3403 3572 3244 2544 3027 3152 2215 2311 2529 2727 2839 2789 2242 2070 1623 1446 1868 2662 2369 2082 2369 2112 1786 2384 1350 994 1028 1118 1105 1098 1095 1067 993 957 915 896 874 856 832 809 789 767 751 735 718 701 683 667 650 636 626 618 615 -9999 -9999 -9999 -9999 -9999 -9999 -9999 -9999 -9999 -9999 -9999 -9999 -9999 -9999 -9999 -9999 -9999 -9999 -9999 -9999 -9999 -9999 -9999 -9999
3088 3591 3544 2933 2544 2283 2779 2495 1824 2778 2587 2249 2868 2094 2339 1477 1360 1488 1989 2841 2442 1761 1508 2056 2443 1602 1009 1039 1082 1174 1085 1053 1009 939 910 869 847 834 818 802 783 763 745 729 715 700 684 669 653 640 624 614 608 608 -9999 -9999 -9999 -9999 -9999 -9999 -9999 -9999 -9999 -9999 -9999 -9999 -9999 -9999 -9999 -9999 -9999 -9999 -9999 -9999 -9999 -9999 -9999 -9999
3068 3502 3199 3169 2854 2437 2024 1722 1579 1967 2532 2005 2188 1899 1872 1430 1260 1328 1819 2737 2481 2058 1338 1879 1701 1478 1040 1029 1025 1027 997 965 932 908 860 828 810 799 786 773 757 740 724 711 697 684 672 659 646 634 623 616 612 616 -9999 -9999 -9999 -9999 -9999 -9999 -9999 -9999 -9999 -9999 -9999 -9999 -9999 -9999 -9999 -9999 -9999 -9999 -9999 -9999 -9999 -9999 -9999 -9999
3081 3410 2644 3237 3025 3302 2516 2301 1507 1319 1359 1401 1483 1716 1501 1241 1216 1346 1412 1942 1628 1552 1265 1236 1159 1080 1073 1046 1004 968 952 930 901 871 832 803 786 773 761 749 734 719 705 692 680 672 662 653 643 637 632 644 644 678 655 -9999 -9999 -9999 -9999 -9999 -9999 -9999 -9999 -9999 -9999 -9999 -9999 -9999 -9999 -9999 -9999 -9999 -9999 -9999 -9999 -9999 -9999 -9999
2699 3289 2435 2984 2706 3247 2551 2091 1513 1194 1182 1565 1295 1293 1231 1132 1196 1565 1213 1245 1716 1567 1213 1122 1115 1117 1063 1005 970 944 910 885 869 845 818 792 769 754 739 727 714 701 688 676 668 662 657 652 645 646 704 767 744 739 687 732 745 749 -9999 -9999 -9999 -9999 -9999 -9999 -9999 -9999 -9999 -9999 -9999 -9999 -9999 -9999 -9999 -9999 -9999 -9999 -9999 -9999
2574 2838 2299 2003 2661 3034 2177 2462 1385 1100 1114 1316 1760 1745 1189 1213 1151 1142 1057 1105 1179 1128 1114 1103 1082 1046 994 951 923 898 877 854 833 819 799 776 757 743 727 714 701 687 676 666 659 655 653 652 649 660 788 733 728 787 859 824 866 823 835 837 825 810 -9999 -9999 -9999 -9999 -9999 -9999 -9999 -9999 -9999 -9999 -9999 -9999 -9999 -9999 -9999 -9999
1604 1881 1594 2299 2872 2520 2153 2598 1455 1102 1027 1043 1280 1369 1340 1138 1357 1063 1072 1033 1047 1064 1019 969 957 943 917 888 867 851 838 827 814 798 781 764 747 732 719 704 692 681 669 663 657 653 650 651 652 685 787 767 854 991 979 923 963 891 1013 945 934 861 876 -9999 -9999 -9999 -9999 -9999 -9999 -9999 -9999 -9999 -9999 -9999 -9999 -9999 -9999 -9999
1540 1314 1489 2373 2826 2336 2439 1979 1428 1783 1991 1815 1350 1193 1094 998 1050 1147 1059 1014 1022 1007 971 916 887 871 854 836 819 810 804 799 794 788 776 758 739 724 711 698 686 676 667 661 657 653 653 655 656 673 699 804 876 947 1024 1018 1044 1005 1024 1050 1000 995 903 878 -9999 -9999 -9999 -9999 -9999 -9999 -9999 -9999 -9999 -9999 -9999 -9999 -9999 -9999
1510 1187 1443 2220 2597 2666 2189 2409 2259 2071 1547 1338 1324 1107 1411 1306 995 1001 1004 1005 1001 963 927 889 860 832 813 799 789 782 776 773 774 775 771 751 733 719 704 694 682 673 665 659 655 654 656 661 667 682 701 745 848 964 985 1019 1081 1032 948 1022 1108 1026 978 887 -9999 -9999 -9999 -9999 -9999 -9999 -9999 -9999 -9999 -9999 -9999 -9999 -9999 -9999
1182 1093 1290 1843 2322 2811 2421 2406 1766 1298 1394 1398 1010 960 1100 1330 1254 992 1017 1001 979 939 898 865 834 806 789 778 768 761 755 753 756 758 752 739 721 707 696 687 677 670 664 661 658 659 662 670 677 692 710 735 774 888 1040 1085 1119 1079 1048 1110 1144 1086 986 -9999 -9999 -9999 -9999 -9999 -9999 -9999 -9999 -9999 -9999 -9999 -9999 -9999 -9999 -9999
1026 1021 1291 2253 2402 2600 2539 1790 1041 1051 1213 1024 962 943 948 1289 1252 987 1035 1004 968 921 876 840 812 790 773 760 751 743 738 737 737 736 730 720 708 698 689 680 671 666 662 661 660 661 668 676 684 697 -9999 -9999 -9999 852 977 1042 1125 1132 1129 1167 1117 1013 946 -9999 -9999 -9999 -9999 -9999 -9999 -9999 -9999 -9999 -9999 -9999 -9999 -9999 -9999 -9999
929 972 1392 2220 2067 1666 1880 1003 951 955 952 934 1177 1072 990 985 1022 1036 1040 1004 950 898 853 818 793 774 759 746 737 729 724 721 719 716 711 704 695 687 678 672 666 664 661 -9999 -9999 -9999 -9999 -9999 -9999 -9999 -9999 -9999 -9999 -9999 -9999 900 1036 1086 1098 1009 1033 -9999 -9999 -9999 -9999 -9999 -9999 -9999 -9999 -9999 -9999 -9999 -9999 -9999 -9999 -9999 -9999 -9999
843 965 1637 2275 1887 1142 1074 954 982 961 961 1034 1225 1293 987 956 1058 1076 1043 984 925 868 823 794 771 758 746 736 725 717 709 705 703 700 693 688 680 676 672 668 -9999 -9999 -9999 -9999 -9999 -9999 -9999 -9999 -9999 -9999 -9999 -9999 -9999 -9999 -9999 -9999 -9999 -9999 -9999 -9999 -9999 -9999 -9999 -9999 -9999 -9999 -9999 -9999 -9999 -9999 -9999 -9999 -9999 -9999 -9999 -9999 -9999 -9999
785 917 1464 1560 1144 922 944 979 992 969 937 1066 1173 1082 944 985 1092 1081 1005 939 888 833 791 768 753 744 734 722 711 703 696 691 687 684 679 676 674 -9999 -9999 -9999 -9999 -9999 -9999 -9999 -9999 -9999 -9999 -9999 -9999 -9999 -9999 -9999 -9999 -9999 -9999 -9999 -9999 -9999 -9999 -9999 -9999 -9999 -9999 -9999 -9999 -9999 -9999 -9999 -9999 -9999 -9999 -9999 -9999 -9999 -9999 -9999 -9999 -9999
767 1067 1667 1139 902 945 972 979 983 973 945 943 936 963 1009 1079 1066 996 939 884 837 800 767 746 731 723 718 706 695 688 681 677 673 673 671 -9999 -9999 -9999 -9999 -9999 -9999 -9999 -9999 -9999 -9999 -9999 -9999 -9999 -9999 -9999 -9999 -9999 -9999 -9999 -9999 -9999 -9999 -9999 -9999 -9999 -9999 -9999 -9999 -9999 -9999 -9999 -9999 -9999 -9999 -9999 -9999 -9999 -9999 -9999 -9999 -9999 -9999 -9999
698 809 963 945 862 911 964 970 968 965 968 946 937 947 986 983 948 918 864 831 794 762 738 722 707 699 692 684 678 673 670 667 -9999 -9999 -9999 -9999 -9999 -9999 -9999 -9999 -9999 -9999 -9999 -9999 -9999 -9999 -9999 -9999 -9999 -9999 -9999 -9999 -9999 -9999 -9999 -9999 -9999 -9999 -9999 -9999 -9999 -9999 -9999 -9999 -9999 -9999 -9999 -9999 -9999 -9999 -9999 -9999 -9999 -9999 -9999 -9999 -9999 -9999
693 727 796 814 839 912 934 948 944 938 943 930 945 945 937 912 854 835 796 775 751 727 707 693 681 672 666 664 665 664 -9999 -9999 -9999 -9999 -9999 -9999 -9999 -9999 -9999 -9999 -9999 -9999 -9999 -9999 -9999 -9999 -9999 -9999 -9999 -9999 -9999 -9999 -9999 -9999 -9999 -9999 -9999 -9999 -9999 -9999 -9999 -9999 -9999 -9999 -9999 -9999 -9999 -9999 -9999 -9999 -9999 -9999 -9999 -9999 -9999 -9999 -9999 -9999
702 711 1039 774 806 989 881 926 917 925 911 867 883 880 833 799 764 749 735 724 709 696 681 667 656 650 652 -9999 -9999 -9999 -9999 -9999 -9999 -9999 -9999 -9999 -9999 -9999 -9999 -9999 -9999 -9999 -9999 -9999 -9999 -9999 -9999 -9999 -9999 -9999 -9999 -9999 -9999 -9999 -9999 -9999 -9999 -9999 -9999 -9999 -9999 -9999 -9999 -9999 -9999 -9999 -9999 -9999 -9999 -9999 -9999 -9999 -9999 -9999 -9999 -9999 -9999 -9999
694 707 889 793 843 858 900 901 884 910 870 823 804 797 783 767 714 693 688 683 676 667 657 648 642 -9999 -9999 -9999 -9999 -9999 -9999 -9999 -9999 -9999 -9999 -9999 -9999 -9999 -9999 -9999 -9999 -9999 -9999 -9999 -9999 -9999 -9999 -9999 -9999 -9999 -9999 -9999 -9999 -9999 -9999 -9999 -9999 -9999 -9999 -9999 -9999 -9999 -9999 -9999 -9999 -9999 -9999 -9999 -9999 -9999 -9999 -9999 -9999 -9999 -9999 -9999 -9999 -9999
671 692 1052 792 789 862 892 880 853 874 853 777 755 730 693 672 655 648 651 652 649 645 642 -9999 -9999 -9999 -9999 -9999 -9999 -9999 -9999 -9999 -9999 -9999 -9999 -9999 -9999 -9999 -9999 -9999 -9999 -9999 -9999 -9999 -9999 -9999 -9999 -9999 -9999 -9999 -9999 -9999 -9999 -9999 -9999 -9999 -9999 -9999 -9999 -9999 -9999 -9999 -9999 -9999 -9999 -9999 -9999 -9999 -9999 -9999 -9999 -9999 -9999 -9999 -9999 -9999 -9999 -9999
1063 738 1272 906 784 819 874 872 848 807 842 767 729 693 668 637 613 617 626 631 633 635 -9999 -9999 -9999 -9999 -9999 -9999 -9999 -9999 -9999 -9999 -9999 -9999 -9999 -9999 -9999 -9999 -9999 -9999 -9999 -9999 -9999 -9999 -9999 -9999 -9999 -9999 -9999 -9999 -9999 -9999 -9999 -9999 -9999 -9999 -9999 -9999 -9999 -9999 -9999 -9999 -9999 -9999 -9999 -9999 -9999 -9999 -9999 -9999 -9999 -9999 -9999 -9999 -9999 -9999 -9999 -9999
1596 988 1230 795 1059 805 831 841 853 819 767 770 732 711 669 628 602 601 610 617 -9999 -9999 -9999 -9999 -9999 -9999 -9999 -9999 -9999 -9999 -9999 -9999 -9999 -9999 -9999 -9999 -9999 -9999 -9999 -9999 -9999 -9999 -9999 -9999 -9999 -9999 -9999 -9999 -9999 -9999 -9999 -9999 -9999 -9999 -9999 -9999 -9999 -9999 -9999 -9999 -9999 -9999 -9999 -9999 -9999 -9999 -9999 -9999 -9999 -9999 -9999 -9999 -9999 -9999 -9999 -9999 -9999 -9999
1449 1195 725 728 994 1017 815 832 853 767 734 756 781 699 709 642 609 606 608 -9999 -9999 -9999 -9999 -9999 -9999 -9999 -9999 -9999 -9999 -9999 -9999 -9999 -9999 -9999 -9999 -9999 -9999 -9999 -9999 -9999 -9999 -9999 -9999 -9999 -9999 -9999 -9999 -9999 -9999 -9999 -9999 -9999 -9999 -9999 -9999 -9999 -9999 -9999 -9999 -9999 -9999 -9999 -9999 -9999 -9999 -9999 -9999 -9999 -9999 -9999 -9999 -9999 -9999 -9999 -9999 -9999 -9999 -9999
917 743 713 732 765 1181 922 862 861 780 722 685 734 719 681 646 626 611 608 -9999 -9999 -9999 -9999 -9999 -9999 -9999 -9999 -9999 -9999 -9999 -9999 -9999 -9999 -9999 -9999 -9999 -9999 -9999 -9999 -9999 -9999 -9999 -9999 -9999 -9999 -9999 -9999 -9999 -9999 -9999 -9999 -9999 -9999 -9999 -9999 -9999 -9999 -9999 -9999 -9999 -9999 -9999 -9999 -9999 -9999 -9999 -9999 -9999 -9999 -9999 -9999 -9999 -9999 -9999 -9999 -9999 -9999 -9999
869 822 697 725 751 863 1059 1018 846 817 727 719 679 631 615 617 614 609 605 -9999 -9999 -9999 -9999 -9999 -9999 -9999 -9999 -9999 -9999 -9999 -9999 -9999 -9999 -9999 -9999 -9999 -9999 -9999 -9999 -9999 -9999 -9999 -9999 -9999 -9999 -9999 -9999 -9999 -9999 -9999 -9999 -9999 -9999 -9999 -9999 -9999 -9999 -9999 -9999 -9999 -9999 -9999 -9999 -9999 -9999 -9999 -9999 -9999 -9999 -9999 -9999 -9999 -9999 -9999 -9999 -9999 -9999 -9999
1510 1135 710 718 745 771 870 1024 840 783 706 703 662 635 617 609 605 605 -9999 -9999 -9999 -9999 -9999 -9999 -9999 -9999 -9999 -9999 -9999 -9999 -9999 -9999 -9999 -9999 -9999 -9999 -9999 -9999 -9999 -9999 -9999 -9999 -9999 -9999 -9999 -9999 -9999 -9999 -9999 -9999 -9999 -9999 -9999 -9999 -9999 -9999 -9999 -9999 -9999 -9999 -9999 -9999 -9999 -9999 -9999 -9999 -9999 -9999 -9999 -9999 -9999 -9999 -9999 -9999 -9999 -9999 -9999 -9999
1492 899 686 708 733 761 796 874 863 813 739 682 656 631 616 607 602 -9999 -9999 -9999 -9999 -9999 -9999 -9999 -9999 -9999 -9999 -9999 -9999 -9999 -9999 -9999 -9999 -9999 -9999 -9999 -9999 -9999 -9999 -9999 -9999 -9999 -9999 -9999 -9999 -9999 -9999 -9999 -9999 -9999 -9999 -9999 -9999 -9999 -9999 -9999 -9999 -9999 -9999 -9999 -9999 -9999 -9999 -9999 -9999 -9999 -9999 -9999 -9999 -9999 -9999 -9999 -9999 -9999 -9999 -9999 -9999 -9999
1229 683 671 687 726 777 802 795 831 821 827 706 657 635 619 611 603 -9999 -9999 -9999 -9999 -9999 -9999 -9999 -9999 -9999 -9999 -9999 -9999 -9999 -9999 -9999 -9999 -9999 -9999 -9999 -9999 -9999 -9999 -9999 -9999 -9999 -9999 -9999 -9999 -9999 -9999 -9999 -9999 -9999 -9999 -9999 -9999 -9999 -9999 -9999 -9999 -9999 -9999 -9999 -9999 -9999 -9999 -9999 -9999 -9999 -9999 -9999 -9999 -9999 -9999 -9999 -9999 -9999 -9999 -9999 -9999 -9999
693 641 652 670 726 789 834 779 800 832 828 696 655 632 621 609 -9999 -9999 -9999 -9999 -9999 -9999 -9999 -9999 -9999 -9999 -9999 -9999 -9999 -9999 -9999 -9999 -9999 -9999 -9999 -9999 -9999 -9999 -9999 -9999 -9999 -9999 -9999 -9999 -9999 -9999 -9999 -9999 -9999 -9999 -9999 -9999 -9999 -9999 -9999 -9999 -9999 -9999 -9999 -9999 -9999 -9999 -9999 -9999 -9999 -9999 -9999 -9999 -9999 -9999 -9999 -9999 -9999 -9999 -9999 -9999 -9999 -9999
604 616 627 654 704 774 766 772 765 821 813 693 663 643 625 612 -9999 -9999 -9999 -9999 -9999 -9999 -9999 -9999 -9999 -9999 -9999 -9999 -9999 -9999 -9999 -9999 -9999 -9999 -9999 -9999 -9999 -9999 -9999 -9999 -9999 -9999 -9999 -9999 -9999 -9999 -9999 -9999 -9999 -9999 -9999 -9999 -9999 -9999 -9999 -9999 -9999 -9999 -9999 -9999 -9999 -9999 -9999 -9999 -9999 -9999 -9999 -9999 -9999 -9999 -9999 -9999 -9999 -9999 -9999 -9999 -9999 -9999
