Electronic Materials (Flash Drives)/data/NZclimate/2050/miroc_4_2050/bio14nz.asc
ncols         384
nrows         384
xllcorner     164
yllcorner     -49
cellsize      0.041666666666667
NODATA_value  -9999
[rows 288 to 323 of 384, columns 81 to 161 of 384]
180 175 170 166 163 166 159 160 145 156 143 132 129 133 140 121 130 145 154 134 115 115 141 124 78 74 119 110 72 98 72 60 53 55 70 70 60 47 52 49 51 50 48 36 36 45 73 97 105 87 59 43 39 36 35 34 33 35 44 33 35 43 36 35 38 38 37 36 35 35 47 71 62 55 48 44 43 40 38 36 36
173 175 170 164 154 166 153 142 134 140 130 119 121 140 116 114 131 140 137 143 96 126 127 109 75 71 83 70 64 59 56 53 51 64 145 132 95 74 62 44 62 50 36 35 38 57 80 98 70 47 38 37 35 33 33 33 34 33 31 37 51 37 31 31 32 32 32 33 31 33 38 60 73 62 50 46 46 44 43 38 36
169 160 158 157 145 142 152 148 133 115 106 102 101 108 103 136 136 127 125 129 92 111 122 91 74 68 66 63 65 78 107 55 50 75 130 132 102 79 60 65 69 57 37 36 47 44 40 52 40 36 36 36 34 31 33 35 32 32 36 52 42 31 28 28 28 28 29 30 30 32 36 43 66 58 59 53 50 51 45 39 38
169 161 145 139 134 125 121 126 131 112 92 88 88 90 99 118 124 139 101 103 127 97 116 83 89 87 87 100 101 110 90 70 50 76 126 136 112 85 63 74 82 73 42 38 52 60 35 36 35 35 33 32 35 38 37 32 32 34 48 53 39 29 27 27 27 26 27 28 29 31 34 40 52 66 58 63 57 50 45 44 40
162 155 153 152 146 134 113 102 95 88 81 80 81 83 93 116 105 129 92 114 120 114 80 87 106 113 103 112 91 82 67 61 51 84 128 126 115 78 54 62 86 73 54 46 41 41 32 32 32 32 31 31 36 41 34 32 34 43 54 53 43 29 27 27 26 26 27 28 29 30 34 43 44 52 65 63 57 52 52 48 42
146 156 156 151 151 148 133 98 89 83 78 77 77 86 91 114 93 124 110 97 104 98 79 87 123 106 90 81 91 85 105 88 52 76 106 129 107 65 65 81 111 96 77 55 49 37 31 31 31 31 31 33 38 37 35 34 37 43 50 55 39 29 27 27 27 28 33 41 38 33 38 48 43 41 47 50 50 54 52 48 44
136 142 138 147 148 136 133 114 85 80 76 77 77 83 83 88 111 106 116 94 99 82 92 111 117 99 102 103 105 100 92 108 55 61 110 114 87 76 97 103 119 107 91 86 69 41 34 32 33 34 34 35 37 40 41 42 46 49 52 53 36 29 28 29 32 43 53 52 45 34 38 43 48 43 40 44 50 53 54 48 45
144 124 130 114 137 137 130 113 83 78 74 78 75 77 93 84 91 96 98 80 79 96 127 108 111 113 117 109 93 73 84 86 55 66 107 91 67 96 109 114 104 105 95 103 88 47 36 36 40 37 38 44 43 45 45 48 52 53 58 48 32 30 31 44 52 65 69 62 44 33 40 43 47 47 41 40 42 47 50 49 49
152 151 139 121 107 96 89 83 79 75 73 72 76 74 79 78 88 78 86 85 79 105 124 101 88 87 84 73 70 70 74 55 67 101 91 68 89 108 114 101 99 94 106 101 88 44 37 40 48 45 49 47 47 49 51 55 56 63 60 46 35 35 37 52 63 72 71 52 34 35 42 46 44 44 45 46 43 41 45 49 49
140 151 136 128 141 129 98 80 76 74 73 73 73 83 80 85 80 82 89 78 108 101 112 110 84 74 88 73 61 61 56 55 69 99 76 86 98 111 110 96 81 80 91 105 82 45 36 42 48 53 52 51 50 50 51 58 67 63 53 44 43 43 48 65 76 72 51 35 34 41 46 45 45 46 47 49 49 44 41 45 47
133 143 137 126 110 107 88 79 75 74 73 73 73 81 78 78 72 73 77 104 102 107 115 95 97 72 82 75 64 62 64 54 59 76 90 100 105 103 90 88 68 66 83 92 85 48 37 37 44 55 54 53 53 51 53 58 58 52 45 43 44 51 61 71 76 50 34 33 40 47 45 45 48 49 50 49 50 49 44 42 43
121 123 104 98 90 84 83 77 76 74 74 73 73 75 73 72 72 72 80 93 84 96 96 79 79 77 65 63 62 58 60 54 64 65 81 96 102 96 83 72 55 52 74 74 77 47 37 38 45 52 57 58 56 54 53 52 50 47 44 48 55 61 69 73 55 35 33 38 45 46 45 47 50 54 53 52 50 48 44 42 41
119 104 96 91 86 82 79 77 75 74 74 73 74 74 72 76 77 72 74 73 79 76 72 73 71 66 64 60 58 59 62 57 59 69 73 84 78 80 77 57 51 60 66 66 65 48 38 41 44 46 48 55 58 53 51 53 49 50 55 60 58 58 63 63 40 34 35 39 43 46 47 50 54 56 54 53 52 50 46 42 43
111 131 119 92 85 81 79 77 76 77 75 75 75 74 77 78 73 71 68 75 81 67 72 67 63 62 62 68 67 61 58 64 75 70 74 68 56 55 55 51 68 85 71 59 66 61 42 43 43 46 48 51 53 51 50 58 55 57 59 59 58 58 59 51 38 37 38 41 43 45 48 54 56 56 57 55 56 51 48 43 42
136 136 136 106 87 87 84 77 77 78 82 86 91 87 90 97 73 71 67 67 75 66 64 62 61 61 63 84 74 65 61 74 66 66 63 59 54 53 52 60 77 77 66 57 66 63 45 44 45 45 48 55 56 55 59 65 63 61 65 63 57 50 47 43 42 41 41 43 45 48 52 55 58 57 58 57 51 47 44 43 43
145 127 122 125 99 88 90 79 79 90 111 116 113 106 81 87 71 67 66 65 64 63 62 62 61 61 68 68 72 70 61 69 62 61 61 56 55 54 57 61 70 65 55 52 55 52 49 48 48 48 48 51 59 62 69 70 64 69 69 62 53 51 50 50 49 48 48 47 48 50 55 57 58 60 60 58 55 51 47 -9999 -9999
135 135 117 136 103 83 81 80 83 109 115 117 104 87 77 83 71 66 65 64 63 63 62 62 61 64 67 64 65 65 59 62 62 59 57 57 56 60 59 69 61 58 56 57 57 53 51 51 50 51 50 50 51 58 70 71 71 72 68 60 53 53 51 51 52 51 51 50 51 53 55 58 63 64 65 63 60 59 53 -9999 -9999
134 125 104 103 91 84 85 83 87 104 115 119 107 87 77 73 68 66 64 63 65 68 66 63 61 61 63 63 61 62 59 59 59 58 58 59 58 60 65 69 62 60 57 58 58 56 54 53 54 54 54 52 52 56 62 68 72 71 67 59 59 58 57 56 57 57 57 56 55 56 58 60 65 67 69 69 56 53 52 -9999 -9999
133 131 101 90 87 84 84 82 86 110 113 102 100 78 83 77 75 69 64 63 63 68 67 63 61 61 61 62 61 59 58 58 57 57 60 64 61 63 63 67 64 60 57 57 58 57 56 56 56 56 58 55 55 55 60 61 64 67 66 61 60 59 58 56 57 58 58 57 58 59 60 63 68 70 71 73 64 67 58 54 52
132 114 94 91 91 87 83 81 79 85 90 84 78 76 80 80 75 66 63 64 64 63 66 63 62 62 61 61 61 59 58 57 57 57 59 60 64 63 63 64 62 61 61 61 59 59 59 58 58 58 59 58 56 57 59 60 61 61 60 59 60 60 60 60 60 60 59 58 59 59 62 65 68 73 72 77 75 63 53 54 52
125 104 97 104 93 89 83 80 77 75 75 75 77 76 73 78 70 64 63 68 72 63 62 61 64 67 64 62 61 60 59 57 57 56 56 58 62 60 62 65 62 62 61 60 60 60 60 60 63 62 60 59 57 56 56 59 62 61 60 60 61 62 63 63 64 68 64 52 52 55 55 56 61 75 73 66 70 62 60 56 58
105 107 109 96 93 85 82 79 76 73 71 72 72 69 68 70 70 63 63 68 70 62 61 62 66 73 71 67 62 61 59 58 57 56 56 59 61 61 61 63 62 63 62 61 61 62 62 65 68 63 61 59 59 56 54 54 57 60 60 60 63 65 64 66 67 67 55 43 45 51 55 61 58 63 64 58 64 69 63 62 54
114 103 95 92 89 84 81 79 75 72 71 70 68 67 67 67 66 64 63 67 71 65 62 62 69 75 74 77 72 64 59 58 59 58 57 59 62 62 62 63 64 64 64 63 63 63 68 72 66 63 60 59 58 55 54 55 55 55 56 60 65 67 65 59 56 51 48 46 54 59 58 61 57 59 -9999 -9999 -9999 -9999 -9999 -9999 -9999
101 98 94 90 88 84 81 79 75 72 72 71 75 69 67 65 65 63 62 64 66 67 62 61 69 76 73 78 80 79 76 71 67 62 60 61 63 64 65 65 66 66 66 66 64 66 69 66 65 61 58 56 55 53 57 58 53 52 54 63 65 66 64 57 52 50 50 53 57 56 -9999 -9999 -9999 -9999 -9999 -9999 -9999 -9999 -9999 -9999 -9999
100 97 94 91 88 85 81 79 77 74 73 71 73 70 68 66 65 63 62 61 61 62 61 62 65 72 79 82 83 82 79 78 75 72 74 71 66 66 68 68 68 69 68 68 66 68 67 65 62 58 54 50 49 54 57 54 54 54 58 61 61 60 58 53 50 53 57 54 54 -9999 -9999 -9999 -9999 -9999 -9999 -9999 -9999 -9999 -9999 -9999 -9999
100 97 94 91 88 85 82 80 79 76 75 73 72 70 69 67 65 63 61 61 61 61 61 62 63 66 72 74 83 85 84 84 82 81 77 78 72 69 70 70 71 70 72 71 69 68 66 63 59 55 51 48 47 49 50 53 57 60 54 54 57 53 52 52 58 58 59 54 52 -9999 -9999 -9999 -9999 -9999 -9999 -9999 -9999 -9999 -9999 -9999 -9999
99 97 94 91 88 85 83 82 79 77 76 76 74 72 71 69 67 63 62 61 61 60 60 62 66 66 68 74 82 85 86 87 85 80 76 74 73 72 74 75 72 71 72 70 68 67 64 61 58 53 49 46 45 46 49 53 57 58 53 50 49 49 49 53 63 62 55 54 -9999 -9999 -9999 -9999 -9999 -9999 -9999 -9999 -9999 -9999 -9999 -9999 -9999
99 97 94 92 89 87 85 83 80 78 83 83 78 74 73 71 68 66 64 63 62 61 61 63 66 68 69 71 78 79 86 86 79 77 78 75 73 74 77 80 76 74 73 74 71 67 63 60 59 55 49 45 44 45 46 50 56 56 52 49 48 51 51 58 62 59 57 54 -9999 -9999 -9999 -9999 -9999 -9999 -9999 -9999 -9999 -9999 -9999 -9999 -9999
100 -9999 -9999 -9999 89 88 86 84 81 84 90 83 76 76 75 73 71 69 67 66 65 64 64 65 68 73 72 74 76 76 77 76 77 79 78 75 76 78 79 79 78 76 74 73 75 77 71 62 58 55 51 47 47 47 47 48 52 51 48 49 51 58 52 53 53 55 53 -9999 -9999 -9999 -9999 -9999 -9999 -9999 -9999 -9999 -9999 -9999 -9999 -9999 -9999
-9999 -9999 -9999 -9999 -9999 -9999 86 84 83 81 84 89 79 75 75 72 70 70 69 68 68 67 68 69 71 74 72 74 75 77 77 78 79 79 76 77 84 84 81 84 83 81 79 77 74 73 75 73 66 59 56 52 50 50 50 50 49 49 47 49 52 54 53 52 51 -9999 -9999 -9999 -9999 -9999 -9999 -9999 -9999 -9999 -9999 -9999 -9999 -9999 -9999 -9999 -9999
-9999 -9999 -9999 -9999 -9999 -9999 -9999 85 84 82 85 85 79 74 72 71 70 69 70 70 71 70 71 72 72 72 74 76 77 77 77 77 78 76 75 76 80 84 82 82 86 86 84 83 77 77 77 74 76 78 75 68 58 55 52 51 49 48 47 49 53 51 51 -9999 -9999 -9999 -9999 -9999 -9999 -9999 -9999 -9999 -9999 -9999 -9999 -9999 -9999 -9999 -9999 -9999 -9999
-9999 -9999 -9999 -9999 -9999 -9999 -9999 86 84 83 82 82 78 73 71 69 69 69 70 71 72 73 73 73 72 72 74 76 77 78 78 78 77 75 76 77 80 82 85 86 86 88 89 84 78 79 82 80 79 80 77 72 68 64 56 52 50 49 48 52 52 50 -9999 -9999 -9999 -9999 -9999 -9999 -9999 -9999 -9999 -9999 -9999 -9999 -9999 -9999 -9999 -9999 -9999 -9999 -9999
-9999 -9999 -9999 -9999 -9999 -9999 -9999 -9999 84 82 80 78 76 73 72 69 69 70 71 72 73 74 75 74 73 73 74 76 77 78 78 79 77 76 77 78 80 82 85 89 92 86 83 81 83 84 81 79 82 75 68 73 73 69 66 60 55 52 50 -9999 -9999 -9999 -9999 -9999 -9999 -9999 -9999 -9999 -9999 -9999 -9999 -9999 -9999 -9999 -9999 -9999 -9999 -9999 -9999 -9999 -9999
-9999 -9999 -9999 -9999 -9999 -9999 -9999 -9999 -9999 82 80 77 76 -9999 -9999 71 -9999 -9999 -9999 73 74 76 77 76 73 73 74 76 77 78 79 79 78 77 81 83 84 86 86 86 87 87 85 86 83 86 86 83 78 78 74 67 71 68 65 62 62 58 -9999 -9999 -9999 -9999 -9999 -9999 -9999 -9999 -9999 -9999 -9999 -9999 -9999 -9999 -9999 -9999 -9999 -9999 -9999 -9999 -9999 -9999 -9999
-9999 -9999 -9999 -9999 -9999 -9999 -9999 -9999 -9999 -9999 -9999 78 -9999 -9999 -9999 -9999 -9999 -9999 -9999 -9999 75 76 78 76 75 74 75 76 78 79 79 79 79 79 82 84 87 89 91 88 88 88 87 90 85 88 89 84 85 79 75 73 68 64 61 62 63 63 60 -9999 -9999 -9999 -9999 -9999 -9999 -9999 -9999 -9999 -9999 -9999 -9999 -9999 -9999 -9999 -9999 -9999 -9999 -9999 -9999 -9999 -9999
-9999 -9999 -9999 -9999 -9999 -9999 -9999 -9999 -9999 -9999 -9999 -9999 -9999 -9999 -9999 -9999 -9999 -9999 -9999 -9999 75 76 76 76 75 75 76 77 78 79 80 80 79 81 82 85 87 89 92 92 92 90 89 88 85 82 85 81 80 80 75 73 67 67 63 61 60 61 -9999 -9999 -9999 -9999 -9999 -9999 -9999 -9999 -9999 -9999 -9999 -9999 -9999 -9999 -9999 -9999 -9999 -9999 -9999 -9999 -9999 -9999 -9999
