Electronic Materials (Flash Drives)/data/NZclimate/2050/miroc_4_2050/bio13nz.asc
ncols         384
nrows         384
xllcorner     164
yllcorner     -49
cellsize      0.041666666666667
NODATA_value  -9999
[rows 280 to 314 of 384, columns 80 to 159 of 384]
-9999 -9999 -9999 -9999 -9999 480 444 435 386 366 354 357 381 401 359 338 311 321 339 300 309 317 267 233 227 276 252 219 306 318 274 240 190 181 201 239 218 262 168 103 124 149 83 77 74 72 73 81 132 112 87 79 79 79 91 110 105 180 192 136 132 101 160 159 132 93 78 63 76 89 108 86 62 60 62 63 64 65 68 70
-9999 -9999 -9999 -9999 415 430 402 368 352 341 377 399 421 336 312 318 315 315 293 289 301 274 263 217 204 204 200 233 303 272 236 226 182 143 206 269 233 160 134 147 181 169 105 71 73 69 67 67 89 112 103 98 77 79 78 78 110 131 209 142 91 80 101 191 149 122 93 72 67 88 159 140 70 60 61 62 64 68 71 74
-9999 -9999 399 387 391 351 388 387 340 325 363 325 320 337 321 315 302 304 289 269 282 294 296 217 208 175 188 258 281 274 288 234 195 153 218 250 214 148 171 210 169 95 86 148 130 96 78 66 69 99 82 69 65 74 77 83 90 95 145 129 96 74 78 163 147 118 84 110 80 72 120 160 85 63 61 61 62 65 69 69
391 384 372 352 382 349 356 337 326 322 320 316 306 305 301 311 298 281 253 253 265 248 308 234 178 167 208 265 266 224 233 189 150 145 212 204 167 150 188 130 100 79 135 182 177 161 148 79 63 64 63 64 66 73 90 132 121 112 81 99 78 70 69 115 142 110 112 127 111 94 104 152 107 74 65 61 62 62 63 65
376 349 356 351 354 330 331 332 317 316 309 312 306 291 284 288 295 280 248 239 268 220 244 271 170 158 196 235 266 200 183 152 134 197 205 144 190 156 224 148 83 118 192 205 228 178 102 66 61 61 62 65 88 105 142 144 157 105 69 71 69 68 68 82 137 134 131 123 112 83 81 114 126 116 72 69 63 63 64 64
343 348 328 325 330 329 319 308 305 292 290 299 289 282 269 274 258 237 241 233 266 250 197 205 165 151 188 270 202 177 167 146 125 157 160 148 130 140 175 118 128 166 201 225 186 88 62 60 60 60 62 74 111 127 100 125 92 71 64 67 65 69 74 70 86 134 129 111 103 94 98 111 111 80 79 73 67 67 64 64
333 341 325 316 307 303 304 295 292 294 282 273 273 266 259 264 230 250 256 266 215 234 212 177 155 145 161 214 193 185 136 121 142 140 113 98 99 167 167 135 160 147 187 174 85 61 60 63 67 71 78 80 98 103 83 78 67 63 62 63 64 69 69 70 74 89 117 117 109 90 92 95 77 70 67 70 70 66 64 66
317 318 315 307 300 296 294 280 273 282 277 259 252 254 234 250 216 261 233 269 237 188 189 252 179 139 134 161 196 154 136 143 107 92 86 82 81 107 148 156 121 105 145 104 62 60 62 78 100 123 123 98 88 80 65 61 60 60 59 65 71 66 65 66 67 72 73 71 66 63 65 70 92 78 74 68 67 66 67 67
306 300 295 289 283 280 284 274 275 252 269 249 232 225 232 244 212 226 250 265 232 199 200 243 214 135 129 204 188 123 166 121 102 91 94 116 115 98 79 84 80 82 81 77 60 60 71 108 150 165 130 86 66 60 59 59 58 58 61 69 60 63 69 64 63 64 64 62 61 60 60 69 106 91 79 73 72 72 70 68
294 292 296 289 280 263 283 264 247 235 243 228 212 213 241 204 200 226 240 235 245 167 215 216 185 128 121 141 118 108 102 96 90 87 105 242 219 155 116 97 73 96 79 61 59 63 85 118 150 101 71 60 59 58 57 56 57 59 58 57 63 76 64 59 58 59 59 58 59 57 58 62 86 112 92 75 73 75 74 73
288 284 273 270 270 251 247 262 255 233 208 195 188 184 191 183 234 233 218 215 221 160 190 209 155 125 116 111 106 109 128 178 92 84 121 216 219 166 125 93 99 105 87 62 61 75 69 65 79 64 58 57 57 56 55 57 59 56 57 61 77 67 58 55 54 55 55 55 55 55 57 61 68 99 82 85 78 78 80 76
277 286 274 249 240 234 221 215 222 227 201 174 168 166 165 174 203 212 237 174 177 216 165 196 139 150 145 145 166 168 182 147 112 82 121 208 225 181 134 96 112 126 108 69 64 80 89 58 59 56 56 55 54 57 61 60 56 56 58 73 79 64 55 53 52 52 52 52 53 54 56 59 64 76 99 84 93 83 80 75
289 275 264 262 260 251 233 203 187 178 168 159 154 153 153 165 198 181 221 158 194 203 194 134 146 178 189 172 186 150 133 106 97 81 134 211 207 187 119 84 93 131 108 83 73 67 67 55 53 54 53 53 54 57 64 56 55 57 66 80 79 67 55 53 52 51 51 51 52 53 56 59 67 69 76 98 94 83 80 81
271 250 266 266 257 257 253 229 180 166 157 149 146 144 152 159 194 160 211 186 164 175 164 131 145 206 175 147 130 147 136 172 139 81 118 171 211 171 98 98 121 175 146 112 84 76 61 54 53 53 53 53 55 59 59 57 57 61 66 75 82 63 54 53 52 52 53 58 65 62 58 63 72 68 67 73 76 77 80 80
271 233 242 237 252 253 234 229 199 157 150 143 142 139 146 145 152 188 178 196 158 165 135 152 185 195 163 168 169 172 162 148 175 84 92 178 184 135 114 152 161 190 166 137 127 101 65 56 54 55 56 55 57 60 63 64 65 71 75 79 79 60 55 54 55 57 66 77 77 68 58 62 68 72 68 65 70 77 80 81
264 244 212 223 199 235 233 222 195 151 142 136 138 134 134 157 141 153 160 163 131 128 158 211 178 183 187 192 178 149 112 130 134 84 99 170 139 101 148 172 179 161 162 143 156 129 74 59 58 64 60 61 70 68 70 69 74 79 80 85 73 56 55 57 67 77 94 102 89 67 58 64 67 71 71 65 64 67 73 77
255 257 255 237 209 187 171 158 149 142 136 132 129 133 129 133 132 146 128 142 139 127 174 208 165 141 138 134 113 106 105 113 84 100 159 140 100 136 170 181 155 150 139 162 152 128 71 60 65 76 73 76 74 74 76 78 83 84 92 88 70 59 59 60 77 90 107 106 77 59 60 66 70 68 68 70 70 67 64 68
227 236 255 229 217 238 218 170 142 136 131 128 127 124 138 133 140 131 132 144 125 177 165 184 180 132 113 138 110 92 92 86 85 102 154 113 130 151 174 173 144 119 117 134 159 119 72 59 70 77 82 81 80 78 78 79 87 97 92 80 68 66 65 72 93 114 108 76 60 60 65 69 68 69 70 71 73 73 67 63
224 225 242 231 213 189 182 154 138 132 128 125 122 121 133 128 127 114 116 122 170 165 175 189 153 154 109 126 112 96 93 96 84 89 112 138 154 164 159 134 130 101 99 121 135 123 78 59 61 72 86 84 83 82 80 82 87 86 79 70 65 68 76 88 104 114 75 60 60 64 70 68 68 72 73 74 72 73 71 66
207 204 207 178 170 157 148 145 135 131 126 123 120 118 120 116 112 112 110 126 147 131 152 153 120 121 116 98 96 94 90 91 86 97 98 120 146 157 145 122 106 87 83 108 109 111 77 58 62 74 83 88 89 86 84 82 81 77 73 68 72 82 89 100 108 80 61 61 63 68 69 69 71 73 78 77 75 73 70 66
212 200 177 167 159 152 145 138 132 127 122 119 116 115 114 110 118 118 109 111 109 121 114 107 109 106 100 98 94 91 92 95 89 92 102 107 124 116 119 114 90 82 93 100 100 99 77 60 69 75 76 78 86 89 83 80 82 75 76 83 88 86 85 90 90 64 62 63 65 67 69 70 73 78 81 77 75 75 72 68
218 187 217 199 159 149 142 136 130 125 123 118 115 113 111 116 119 109 107 103 112 122 102 107 102 98 97 97 103 101 95 91 98 110 104 109 103 89 87 88 82 102 123 106 92 100 95 67 70 73 76 78 81 83 80 79 87 83 86 88 87 85 85 86 74 64 65 66 67 68 70 72 78 80 80 82 80 82 74 70
189 226 224 226 176 150 146 140 129 125 123 127 134 143 135 140 154 108 107 103 103 112 102 100 99 98 97 99 126 110 100 96 109 101 101 97 93 86 85 83 95 113 113 101 91 101 98 73 69 73 73 79 87 88 85 89 96 93 90 96 92 84 74 69 67 67 67 68 69 70 72 74 79 83 82 86 84 75 69 66
187 239 209 200 205 163 147 147 129 125 142 179 188 183 169 122 131 107 104 103 102 101 101 100 100 99 99 104 104 108 105 97 104 98 96 96 91 88 88 92 97 106 101 90 87 90 85 77 73 73 74 78 82 90 94 101 102 95 100 99 90 79 75 73 73 72 71 71 71 72 73 77 81 82 87 89 87 82 75 69
205 222 222 192 224 168 140 134 129 129 175 187 191 164 133 114 125 108 104 103 102 101 101 101 100 100 101 104 101 102 101 97 99 99 96 93 92 91 97 95 105 97 94 92 93 93 87 83 79 80 77 79 80 82 88 103 103 102 103 98 88 78 77 74 73 74 74 74 73 74 76 78 82 92 95 98 96 90 87 75
193 219 204 168 168 150 139 135 130 133 165 185 193 169 132 114 109 106 104 103 102 103 106 105 102 101 101 102 102 100 100 98 97 97 96 95 95 95 97 102 106 99 97 94 95 95 92 88 86 88 84 81 81 82 86 93 99 104 103 97 86 85 83 81 80 81 81 80 79 78 79 81 85 96 100 105 107 80 73 72
190 217 214 163 147 143 139 133 127 131 174 180 159 155 117 125 115 112 107 103 102 103 106 106 103 102 102 101 102 101 100 98 98 97 96 98 102 98 100 101 105 102 97 93 93 93 91 89 88 88 87 85 84 85 84 90 91 95 98 97 89 86 84 82 80 80 82 82 81 81 82 83 91 103 109 109 113 94 99 82
178 213 182 151 146 144 137 131 126 122 129 136 128 117 113 120 119 112 105 103 104 105 104 106 104 104 103 103 102 102 101 99 98 97 97 98 99 102 101 101 102 100 99 97 97 95 94 92 90 90 90 88 86 84 86 89 90 89 89 87 85 85 85 85 84 84 84 83 82 83 84 87 95 105 116 112 119 116 89 72
167 201 164 154 163 144 138 129 124 119 115 114 113 116 113 110 117 108 103 103 107 110 104 104 103 106 108 106 104 103 102 101 99 98 97 97 98 101 99 101 104 100 100 98 95 93 93 93 93 97 96 89 87 85 84 84 88 91 90 87 86 87 89 91 91 91 99 92 81 82 83 82 81 88 116 113 92 101 83 79
190 165 167 169 148 143 132 126 122 117 113 109 109 109 106 104 107 108 103 103 107 109 104 104 105 109 114 113 110 106 104 103 100 99 98 98 100 101 101 100 101 99 100 98 96 95 95 95 100 103 97 91 89 88 85 82 82 84 87 87 86 89 94 92 94 96 96 84 82 82 82 83 86 84 92 88 82 83 98 84
198 178 159 145 142 136 130 125 121 116 112 110 108 106 105 105 105 104 103 103 108 110 106 104 106 111 116 116 118 115 108 103 102 102 100 100 100 103 102 101 101 101 101 99 98 97 96 104 109 102 96 90 89 88 84 82 83 82 82 83 86 93 97 94 85 82 80 80 82 84 86 85 86 82 84 -9999 -9999 -9999 -9999 -9999
165 154 149 142 137 133 129 125 122 118 113 112 110 113 106 105 104 104 103 103 105 107 109 105 105 112 118 116 122 122 122 119 114 110 105 103 102 103 104 105 103 103 102 101 101 98 101 106 101 99 93 88 86 85 83 85 86 81 79 81 91 94 95 92 83 79 79 80 82 84 84 -9999 -9999 -9999 -9999 -9999 -9999 -9999 -9999 -9999
158 152 147 141 137 134 130 126 123 121 116 115 112 111 108 106 105 104 103 103 103 103 104 105 106 109 115 122 126 126 126 123 122 119 115 116 113 107 107 108 106 106 106 105 104 100 103 101 98 93 89 86 83 82 84 85 82 81 82 84 88 88 87 84 80 77 80 84 83 83 -9999 -9999 -9999 -9999 -9999 -9999 -9999 -9999 -9999 -9999
157 150 147 141 137 134 131 128 125 123 120 118 116 112 112 110 107 105 103 101 102 103 103 104 105 107 110 115 118 126 128 127 127 126 124 121 120 114 110 110 109 110 108 110 108 104 103 100 96 91 87 84 81 80 81 81 82 85 88 81 81 83 80 79 79 84 85 86 82 81 -9999 -9999 -9999 -9999 -9999 -9999 -9999 -9999 -9999 -9999
164 148 145 142 138 135 132 130 128 125 122 120 118 116 117 116 112 106 104 102 102 102 102 104 106 109 109 111 117 126 128 130 129 129 124 120 116 115 113 115 116 113 111 111 109 107 105 101 98 93 87 83 79 78 78 79 81 84 85 80 77 77 77 77 80 91 88 82 81 -9999 -9999 -9999 -9999 -9999 -9999 -9999 -9999 -9999 -9999 -9999
