Electronic Materials (Flash Drives)/data/NZclimate/2050/miroc_4_2050/bio12nz.asc
ncols         384
nrows         384
xllcorner     164
yllcorner     -49
cellsize      0.041666666666667
NODATA_value  -9999
[rows 245 to 279 of 384, columns 78 to 155 of 384]
-9999 -9999 -9999 -9999 -9999 -9999 -9999 -9999 -9999 -9999 -9999 -9999 -9999 -9999 -9999 -9999 -9999 -9999 -9999 -9999 -9999 -9999 -9999 -9999 -9999 -9999 -9999 -9999 -9999 -9999 -9999 -9999 -9999 -9999 -9999 -9999 -9999 -9999 -9999 -9999 -9999 -9999 -9999 -9999 -9999 -9999 -9999 -9999 -9999 -9999 -9999 -9999 -9999 -9999 -9999 -9999 -9999 -9999 -9999 -9999 -9999 -9999 -9999 -9999 -9999 -9999 -9999 -9999 4483 4516 4448 4416 4427 4364 4241 4122 3979 3732
-9999 -9999 -9999 -9999 -9999 -9999 -9999 -9999 -9999 -9999 -9999 -9999 -9999 -9999 -9999 -9999 -9999 -9999 -9999 -9999 -9999 -9999 -9999 -9999 -9999 -9999 -9999 -9999 -9999 -9999 -9999 -9999 -9999 -9999 -9999 -9999 -9999 -9999 -9999 -9999 -9999 -9999 -9999 -9999 -9999 -9999 -9999 -9999 -9999 -9999 -9999 -9999 -9999 -9999 -9999 -9999 -9999 -9999 -9999 -9999 -9999 -9999 -9999 -9999 -9999 -9999 -9999 4540 4498 4532 4525 4439 4364 4346 4315 4195 3754 3731
-9999 -9999 -9999 -9999 -9999 -9999 -9999 -9999 -9999 -9999 -9999 -9999 -9999 -9999 -9999 -9999 -9999 -9999 -9999 -9999 -9999 -9999 -9999 -9999 -9999 -9999 -9999 -9999 -9999 -9999 -9999 -9999 -9999 -9999 -9999 -9999 -9999 -9999 -9999 -9999 -9999 -9999 -9999 -9999 -9999 -9999 -9999 -9999 -9999 -9999 -9999 -9999 -9999 -9999 -9999 -9999 -9999 -9999 -9999 -9999 -9999 -9999 -9999 -9999 -9999 -9999 4500 4500 4453 4488 4389 4302 4161 4129 3875 3768 3647 3512
-9999 -9999 -9999 -9999 -9999 -9999 -9999 -9999 -9999 -9999 -9999 -9999 -9999 -9999 -9999 -9999 -9999 -9999 -9999 -9999 -9999 -9999 -9999 -9999 -9999 -9999 -9999 -9999 -9999 -9999 -9999 -9999 -9999 -9999 -9999 -9999 -9999 -9999 -9999 -9999 -9999 -9999 -9999 -9999 -9999 -9999 -9999 -9999 -9999 -9999 -9999 -9999 -9999 -9999 -9999 -9999 -9999 -9999 -9999 -9999 -9999 -9999 -9999 -9999 4520 4550 4531 4562 4413 4308 4256 4158 4031 3939 3857 3595 3466 3267
-9999 -9999 -9999 -9999 -9999 -9999 -9999 -9999 -9999 -9999 -9999 -9999 -9999 -9999 -9999 -9999 -9999 -9999 -9999 -9999 -9999 -9999 -9999 -9999 -9999 -9999 -9999 -9999 -9999 -9999 -9999 -9999 -9999 -9999 -9999 -9999 -9999 -9999 -9999 -9999 -9999 -9999 -9999 -9999 -9999 -9999 -9999 -9999 -9999 -9999 -9999 -9999 -9999 -9999 -9999 -9999 -9999 -9999 -9999 -9999 -9999 4721 4698 4718 4640 4653 4591 4479 4410 4226 4128 4079 3961 3993 3864 3450 3295 3348
-9999 -9999 -9999 -9999 -9999 -9999 -9999 -9999 -9999 -9999 -9999 -9999 -9999 -9999 -9999 -9999 -9999 -9999 -9999 -9999 -9999 -9999 -9999 -9999 -9999 -9999 -9999 -9999 -9999 -9999 -9999 -9999 -9999 -9999 -9999 -9999 -9999 -9999 -9999 -9999 -9999 -9999 -9999 -9999 -9999 -9999 -9999 -9999 -9999 -9999 -9999 -9999 -9999 -9999 -9999 -9999 -9999 -9999 -9999 -9999 4756 4718 4714 4625 4554 4504 4434 4384 4400 4261 4071 3948 3822 3790 3750 3463 3368 3794
-9999 -9999 -9999 -9999 -9999 -9999 -9999 -9999 -9999 -9999 -9999 -9999 -9999 -9999 -9999 -9999 -9999 -9999 -9999 -9999 -9999 -9999 -9999 -9999 -9999 -9999 -9999 -9999 -9999 -9999 -9999 -9999 -9999 -9999 -9999 -9999 -9999 -9999 -9999 -9999 -9999 -9999 -9999 -9999 -9999 -9999 -9999 -9999 -9999 -9999 -9999 -9999 -9999 -9999 -9999 -9999 -9999 -9999 -9999 4721 4705 4600 4480 4429 4334 4296 4328 4433 4240 4102 4097 4142 3973 4180 3685 3750 3489 3209
-9999 -9999 -9999 -9999 -9999 -9999 -9999 -9999 -9999 -9999 -9999 -9999 -9999 -9999 -9999 -9999 -9999 -9999 -9999 -9999 -9999 -9999 -9999 -9999 -9999 -9999 -9999 -9999 -9999 -9999 -9999 -9999 -9999 -9999 -9999 -9999 -9999 -9999 -9999 -9999 -9999 -9999 -9999 -9999 -9999 -9999 -9999 -9999 -9999 -9999 -9999 -9999 -9999 -9999 -9999 -9999 -9999 -9999 4711 4674 4568 4491 4363 4592 4617 4432 4367 4240 4132 4099 4359 4220 4168 3932 4159 3662 3797 2767
-9999 -9999 -9999 -9999 -9999 -9999 -9999 -9999 -9999 -9999 -9999 -9999 -9999 -9999 -9999 -9999 -9999 -9999 -9999 -9999 -9999 -9999 -9999 -9999 -9999 -9999 -9999 -9999 -9999 -9999 -9999 -9999 -9999 -9999 -9999 -9999 -9999 -9999 -9999 -9999 -9999 -9999 -9999 -9999 -9999 -9999 -9999 -9999 -9999 -9999 -9999 -9999 -9999 -9999 -9999 -9999 4824 4801 4698 4632 4527 4328 4684 4581 4394 4496 4381 4187 4008 4517 4304 3630 3791 4044 3500 3499 3329 2570
-9999 -9999 -9999 -9999 -9999 -9999 -9999 -9999 -9999 -9999 -9999 -9999 -9999 -9999 -9999 -9999 -9999 -9999 -9999 -9999 -9999 -9999 -9999 -9999 -9999 -9999 -9999 -9999 -9999 -9999 -9999 -9999 -9999 -9999 -9999 -9999 -9999 -9999 -9999 -9999 -9999 -9999 -9999 -9999 -9999 -9999 -9999 -9999 -9999 -9999 -9999 -9999 5519 5484 5206 5092 4820 4770 4628 4807 4767 4463 4389 4364 4303 4148 4027 3910 4118 4407 3695 3551 3861 3221 3440 3783 3293 2336
-9999 -9999 -9999 -9999 -9999 -9999 -9999 -9999 -9999 -9999 -9999 -9999 -9999 -9999 -9999 -9999 -9999 -9999 -9999 -9999 -9999 -9999 -9999 -9999 -9999 -9999 -9999 -9999 -9999 -9999 -9999 -9999 -9999 -9999 -9999 -9999 -9999 -9999 -9999 -9999 -9999 -9999 -9999 -9999 -9999 -9999 -9999 -9999 -9999 -9999 5715 5752 5613 5544 5237 5045 4801 4911 4757 4647 4456 4327 4394 4269 4151 4099 4063 3792 3775 3731 3475 3292 3238 3493 3569 3042 3269 2141
-9999 -9999 -9999 -9999 -9999 -9999 -9999 -9999 -9999 -9999 -9999 -9999 -9999 -9999 -9999 -9999 -9999 -9999 -9999 -9999 -9999 -9999 -9999 -9999 -9999 -9999 -9999 -9999 -9999 -9999 -9999 -9999 -9999 -9999 -9999 -9999 -9999 -9999 -9999 -9999 -9999 -9999 -9999 -9999 -9999 -9999 -9999 5545 5645 5743 5724 5670 5586 5434 5228 5006 4832 4764 4547 4448 4433 4203 4240 4121 3988 3975 4128 3960 3657 3491 3296 3521 3526 3492 3338 2711 3221 2490
-9999 -9999 -9999 -9999 -9999 -9999 -9999 -9999 -9999 -9999 -9999 -9999 -9999 -9999 -9999 -9999 -9999 -9999 -9999 -9999 -9999 -9999 -9999 -9999 -9999 -9999 -9999 -9999 -9999 -9999 -9999 -9999 -9999 -9999 -9999 -9999 -9999 -9999 -9999 -9999 -9999 -9999 -9999 -9999 -9999 5376 5544 5627 5576 5605 5590 5509 5397 5255 5059 4744 4584 4549 4438 4273 4165 4121 3997 3961 3783 3855 3815 3549 3610 3139 3088 3388 2957 3326 3279 2506 3035 2943
-9999 -9999 -9999 -9999 -9999 -9999 -9999 -9999 -9999 -9999 -9999 -9999 -9999 -9999 -9999 -9999 -9999 -9999 -9999 -9999 -9999 -9999 -9999 -9999 -9999 -9999 -9999 -9999 -9999 -9999 -9999 -9999 -9999 -9999 -9999 -9999 -9999 -9999 -9999 -9999 -9999 -9999 -9999 -9999 5213 5299 5502 5562 5558 5471 5379 5179 4758 4998 4904 4679 4488 4363 4162 4129 4057 3948 3864 3748 3706 3722 3642 3635 3091 2739 3174 2962 2950 3317 3000 2279 2915 2588
-9999 -9999 -9999 -9999 -9999 -9999 -9999 -9999 -9999 -9999 -9999 -9999 -9999 -9999 -9999 -9999 -9999 -9999 -9999 -9999 -9999 -9999 -9999 -9999 -9999 -9999 -9999 -9999 -9999 -9999 -9999 -9999 -9999 -9999 -9999 -9999 -9999 -9999 -9999 -9999 -9999 -9999 -9999 5056 5098 5128 5285 5436 5176 5050 5115 4977 4812 4640 4642 4456 4199 4172 4077 4003 3884 3675 3651 3691 3578 3428 3488 3283 2652 2278 2738 2491 3096 3072 2583 1982 2332 2094
-9999 -9999 -9999 -9999 -9999 -9999 -9999 -9999 -9999 -9999 -9999 -9999 -9999 -9999 -9999 -9999 -9999 -9999 -9999 -9999 -9999 -9999 -9999 -9999 -9999 -9999 -9999 -9999 -9999 -9999 -9999 -9999 -9999 -9999 -9999 -9999 -9999 -9999 -9999 -9999 -9999 4860 4900 4936 4913 5021 5076 4942 5002 4877 4641 4451 4393 4247 4256 4158 4043 3960 3863 3683 3510 3719 3690 3474 3550 3091 3484 3077 2315 1857 1957 2376 2702 2838 2253 2201 1293 1144
-9999 -9999 -9999 -9999 -9999 -9999 -9999 -9999 -9999 -9999 -9999 -9999 -9999 -9999 -9999 -9999 -9999 -9999 -9999 -9999 -9999 -9999 -9999 -9999 -9999 -9999 -9999 -9999 -9999 -9999 -9999 -9999 -9999 -9999 -9999 -9999 -9999 -9999 -9999 4735 4745 4744 4728 4729 4795 4859 4929 4782 4657 4688 4337 4277 4328 4157 4265 4102 3933 3778 3565 3441 3616 3465 3261 3236 3260 2848 3544 3157 2148 1561 1581 1987 2139 2017 1762 1436 1153 969
-9999 -9999 -9999 -9999 -9999 -9999 -9999 -9999 -9999 -9999 -9999 -9999 -9999 -9999 -9999 -9999 -9999 -9999 -9999 -9999 -9999 -9999 -9999 -9999 -9999 -9999 -9999 -9999 -9999 -9999 -9999 -9999 -9999 -9999 -9999 -9999 -9999 4580 4603 4596 4560 4544 4616 4620 4585 4589 4642 4558 4606 4533 4419 4276 4296 4155 3981 3871 3740 3607 3462 3569 3507 3188 3021 3399 2670 2757 3357 2892 2124 1326 1204 1476 1633 1491 1340 1142 968 869
-9999 -9999 -9999 -9999 -9999 -9999 -9999 -9999 -9999 -9999 -9999 -9999 -9999 -9999 -9999 -9999 -9999 -9999 -9999 -9999 -9999 -9999 -9999 -9999 -9999 -9999 -9999 -9999 -9999 -9999 4904 4842 4799 4677 4593 4531 4495 4471 4437 4458 4445 4467 4430 4442 4385 4324 4377 4355 4195 4245 4222 4141 3969 3922 3782 3709 3624 3537 3573 3266 3345 2782 3089 3349 2174 2850 3104 3091 2182 1145 1014 1036 1151 1146 1060 1016 839 802
-9999 -9999 -9999 -9999 -9999 -9999 -9999 -9999 -9999 -9999 -9999 -9999 -9999 -9999 -9999 -9999 -9999 -9999 -9999 -9999 -9999 -9999 -9999 -9999 -9999 -9999 5196 5112 4934 4839 4747 4683 4619 4546 4483 4421 4357 4300 4270 4305 4292 4266 4262 4224 4161 4210 4173 4183 4242 4203 4139 4005 3890 3703 3589 3573 3405 3241 3478 3162 3005 2411 3112 2538 2020 2786 2986 2835 2108 1018 916 877 896 957 879 792 720 703
-9999 -9999 -9999 -9999 -9999 -9999 -9999 -9999 -9999 -9999 -9999 -9999 -9999 -9999 -9999 -9999 -9999 -9999 -9999 -9999 -9999 -9999 -9999 -9999 -9999 5187 5116 5003 4888 4749 4549 4415 4341 4344 4287 4222 4169 4162 4082 4112 4131 4087 4093 4069 4061 4002 4084 3950 4015 3748 3742 3926 3717 3534 3477 3409 3070 3266 3386 3139 3139 2279 2123 1760 2458 2757 2703 2269 1833 926 845 787 760 754 699 683 679 674
-9999 -9999 -9999 -9999 -9999 -9999 -9999 -9999 -9999 -9999 -9999 -9999 -9999 -9999 -9999 -9999 -9999 -9999 -9999 -9999 -9999 -9999 -9999 -9999 5136 4909 4861 4594 4467 4451 4501 4236 4190 4134 4067 4020 4061 3920 3861 3958 3937 3915 3894 3871 3826 3786 3799 3771 3651 3600 3785 3521 3462 3380 3266 3007 3038 3299 3148 2941 2933 2112 1567 1752 2869 2612 2082 1372 1269 853 787 738 728 671 657 656 664 670
-9999 -9999 -9999 -9999 -9999 -9999 -9999 -9999 -9999 -9999 -9999 -9999 -9999 -9999 -9999 -9999 -9999 -9999 -9999 -9999 -9999 -9999 -9999 5196 4996 4669 4423 4322 4254 4157 4235 4035 3966 3913 3875 3813 3806 3773 3850 3776 3693 3822 3715 3738 3699 3657 3561 3522 3575 3541 3461 3364 3297 3285 2981 2925 3294 2813 3128 2932 2449 1808 1355 1792 2584 1950 1225 976 874 790 739 693 730 651 647 650 659 673
-9999 -9999 -9999 -9999 -9999 -9999 -9999 -9999 -9999 -9999 -9999 -9999 -9999 -9999 -9999 -9999 -9999 -9999 -9999 -9999 -9999 5352 4998 4972 4735 4489 4274 4133 4166 4070 3890 3899 3926 3708 3684 3726 3529 3652 3688 3739 3669 3671 3577 3515 3517 3401 3374 3285 3264 3276 3275 3260 3053 2914 2719 3069 2942 2532 2841 2739 2270 1718 1213 1704 2369 1451 967 854 793 743 699 665 646 642 646 648 657 677
-9999 -9999 -9999 -9999 -9999 -9999 -9999 -9999 -9999 -9999 -9999 -9999 -9999 -9999 -9999 -9999 -9999 -9999 -9999 5652 5424 5020 4613 4420 4464 4089 3952 3943 3983 3783 3777 3733 3580 3566 3524 3657 3322 3667 3895 3609 3519 3523 3225 3192 3358 3293 3125 2857 3262 3135 3223 2971 2912 2546 2984 2900 2334 2660 2924 2438 2705 1494 1115 1583 1956 1251 849 793 750 714 688 663 642 652 638 638 652 666
-9999 -9999 -9999 -9999 -9999 -9999 -9999 -9999 -9999 -9999 -9999 -9999 -9999 -9999 -9999 -9999 -9999 -9999 -9999 5573 5183 4546 4257 4069 4157 3904 3804 3788 3771 3797 3682 3462 3487 3360 3249 3270 3237 3226 3658 3193 3197 3126 3255 3219 2935 2802 2484 2899 3105 2925 2902 2951 2504 2439 2918 2533 2161 2903 2462 2693 2464 1388 1042 1219 1079 839 787 743 713 689 671 661 643 636 616 650 633 786
-9999 -9999 -9999 -9999 -9999 -9999 -9999 -9999 -9999 -9999 -9999 -9999 -9999 -9999 -9999 -9999 -9999 5867 5740 5566 5414 5231 4964 4624 4079 3734 3717 3586 3713 3636 3379 3371 3214 3438 3027 3518 3047 3442 3349 3428 3167 3099 3051 3047 2993 2565 2301 2964 3065 2990 2710 2410 2072 2635 2479 2516 1993 2273 2149 2537 2431 1417 1031 915 849 795 749 703 774 673 652 648 634 626 610 608 700 1046
-9999 -9999 -9999 -9999 -9999 -9999 -9999 -9999 -9999 -9999 -9999 -9999 -9999 -9999 -9999 -9999 -9999 5869 5497 4357 4584 4129 4409 4119 3674 3581 3554 3613 3615 3277 3238 3329 3516 3070 3244 3485 3379 3690 2964 3340 2956 2952 2828 2644 2438 1984 2304 2821 2906 2785 2524 1958 2099 2576 2129 2550 2126 1605 1955 2172 1743 1272 963 858 789 766 685 706 1371 1009 628 628 616 609 611 604 706 832
-9999 -9999 -9999 -9999 -9999 -9999 -9999 -9999 -9999 -9999 -9999 -9999 -9999 -9999 -9999 5881 5766 5048 5434 5023 4318 3671 3778 4233 3536 3517 3781 3468 3285 3126 3144 3145 3380 3142 3414 3886 3248 2716 2841 3246 3156 2815 3008 2699 1926 1702 1945 2736 2555 2240 1981 1638 2080 1939 2114 2437 1975 1660 1451 1560 2087 1384 879 796 781 703 821 1028 1937 1011 608 605 588 598 608 743 668 824
-9999 -9999 -9999 -9999 -9999 -9999 -9999 -9999 -9999 -9999 -9999 -9999 -9999 -9999 6058 5342 5134 4923 4746 4921 3683 3629 3738 4002 3515 3510 3842 3708 3162 3089 3314 3627 3682 3271 2941 3697 2963 2395 2993 3136 2825 2896 2895 2509 1718 1503 1702 1844 1737 1521 1470 1596 1789 2066 2293 2357 1812 1607 1268 1381 1744 1219 774 771 670 636 648 963 1610 1193 627 578 594 772 728 1125 886 741
-9999 -9999 -9999 -9999 -9999 -9999 -9999 -9999 -9999 -9999 -9999 -9999 -9999 6241 5581 4446 5120 4218 3631 4935 3492 3455 4180 3378 3227 3378 3698 3372 3250 3691 3371 3547 3289 2780 2676 2805 2601 2060 2112 2540 3055 2703 2399 2486 1656 1335 2057 1748 1278 1415 2097 2227 2278 2137 2175 1769 1726 1970 1459 1291 1319 940 722 654 619 602 590 586 985 1239 587 633 710 1082 981 1613 1301 1080
-9999 -9999 -9999 -9999 -9999 -9999 -9999 -9999 -9999 -9999 -9999 -9999 -9999 6201 5081 4479 3798 3680 3529 4855 3467 3999 3443 3264 3361 3528 3232 2980 2870 2829 2936 3030 3557 3381 2730 2499 2610 2971 2361 1652 2371 3130 2437 1640 1313 1346 2007 1433 1114 1366 1546 1566 1791 1815 1838 1450 1346 1807 1296 1118 1291 759 663 608 605 984 784 558 637 644 555 624 939 654 857 1105 876 877
-9999 -9999 -9999 -9999 -9999 -9999 -9999 -9999 -9999 -9999 -9999 -9999 6005 5520 3863 3733 3587 3491 3508 3656 4650 3774 3225 3429 3140 3184 2692 3237 3442 3065 2852 3266 3269 2916 2638 3088 2691 2936 2485 1478 1926 2523 1808 1164 1139 1748 1824 1344 968 1098 1871 1817 1927 2004 1513 1166 1206 1407 1283 1871 1409 826 650 865 735 993 956 594 532 577 533 624 704 560 648 634 748 1071
-9999 -9999 -9999 -9999 -9999 -9999 -9999 -9999 -9999 -9999 5190 4882 5164 4300 3652 3479 3391 3355 3553 3339 4441 3189 2999 3286 2980 2864 2688 3630 2985 2379 2909 3284 2759 2302 2833 2430 2466 2894 2578 1604 1262 1241 1232 1047 1217 1031 1162 1359 852 951 1603 1683 1503 1306 1119 1202 1294 1362 1941 1859 1808 1144 766 915 1430 1118 944 594 566 571 527 539 535 545 563 591 766 984
-9999 -9999 -9999 -9999 -9999 -9999 -9999 -9999 5255 4955 4248 3812 4322 3459 3551 3788 3334 3381 3077 3183 3897 2999 3092 3028 2880 2403 2612 3169 2740 2260 3102 3379 2758 1984 2545 2257 2195 2617 2789 2459 1252 1109 1001 946 975 853 825 807 773 922 1607 1697 1323 950 950 1200 1261 1572 1345 1671 1884 1259 1207 1334 1822 1044 894 687 666 584 577 575 599 549 542 577 696 599
