Electronic Materials (Flash Drives)/data/NZclimate/2050/miroc_4_2050/bio14nz.asc
ncols         384
nrows         384
xllcorner     164
yllcorner     -49
cellsize      0.041666666666667
NODATA_value  -9999
[rows 216 to 251 of 384, columns 162 to 242 of 384]
-9999 -9999 -9999 -9999 -9999 -9999 -9999 -9999 -9999 -9999 -9999 -9999 -9999 -9999 149 159 165 160 168 204 202 201 193 183 165 131 121 122 127 143 147 154 153 138 119 126 128 113 104 110 112 105 99 122 106 125 107 123 122 117 105 82 99 103 105 99 104 82 77 76 78 91 54 50 51 67 70 91 110 126 81 54 53 52 55 49 48 45 40 -9999 -9999
-9999 -9999 -9999 -9999 -9999 -9999 -9999 -9999 -9999 -9999 -9999 -9999 -9999 -9999 161 175 152 160 204 211 205 195 199 189 145 126 120 124 141 149 146 150 151 143 119 123 114 113 115 118 127 109 104 133 110 122 126 124 105 100 91 93 88 105 86 101 90 71 67 74 55 49 52 57 51 71 98 106 63 58 55 55 54 55 53 51 47 41 -9999 -9999 -9999
-9999 -9999 -9999 -9999 -9999 -9999 -9999 -9999 -9999 -9999 -9999 -9999 -9999 147 162 154 165 196 213 199 193 199 190 157 133 138 119 136 142 146 156 146 147 148 121 109 111 110 110 126 131 112 102 132 117 128 125 125 106 109 118 90 89 86 72 77 67 63 62 54 51 57 63 67 75 105 71 64 55 58 55 60 63 56 53 53 45 -9999 -9999 -9999 -9999
-9999 -9999 -9999 -9999 -9999 -9999 -9999 -9999 -9999 -9999 -9999 -9999 -9999 147 154 171 184 206 214 200 199 181 146 132 133 140 139 142 144 142 138 145 151 148 125 108 112 119 118 118 140 119 101 126 129 114 111 125 108 96 96 87 75 82 72 68 63 82 60 59 69 79 67 66 90 61 57 60 58 58 80 102 60 57 54 50 45 -9999 -9999 -9999 -9999
-9999 -9999 -9999 -9999 -9999 -9999 -9999 -9999 -9999 -9999 -9999 -9999 -9999 148 174 187 206 216 205 202 164 146 134 132 137 147 157 159 135 156 154 151 149 148 124 108 109 116 118 120 140 130 102 113 133 104 113 102 99 104 103 86 74 78 80 68 74 76 77 73 70 60 56 54 57 61 57 55 67 71 121 72 57 59 59 51 -9999 -9999 -9999 -9999 -9999
-9999 -9999 -9999 -9999 -9999 -9999 -9999 -9999 -9999 -9999 -9999 -9999 -9999 152 198 222 222 202 170 160 150 139 130 140 138 155 166 163 149 155 156 148 149 142 120 109 110 115 115 117 137 111 122 124 116 94 108 96 94 101 99 92 79 97 83 66 69 66 65 63 60 63 61 60 58 56 56 67 109 103 81 61 63 62 56 -9999 -9999 -9999 -9999 -9999 -9999
-9999 -9999 -9999 -9999 -9999 -9999 -9999 -9999 -9999 -9999 -9999 -9999 -9999 192 230 232 208 179 153 148 137 130 129 136 148 165 172 168 162 150 155 150 143 141 118 114 118 115 131 119 129 136 118 97 101 94 105 105 86 101 100 88 83 77 69 67 73 63 73 86 64 61 58 58 57 66 73 83 74 64 65 66 63 61 -9999 -9999 -9999 -9999 -9999 -9999 -9999
-9999 -9999 -9999 -9999 -9999 -9999 -9999 -9999 -9999 -9999 -9999 -9999 183 221 234 226 192 160 146 139 133 140 150 139 147 160 160 166 161 158 153 148 139 133 116 114 112 112 114 123 117 114 114 107 88 90 94 102 86 87 93 89 81 72 70 79 71 78 70 66 61 59 58 58 62 68 64 63 63 67 68 60 -9999 -9999 -9999 -9999 -9999 -9999 -9999 -9999 -9999
-9999 -9999 -9999 -9999 -9999 -9999 -9999 -9999 -9999 -9999 -9999 156 190 231 235 190 171 153 151 150 151 162 172 154 149 153 155 159 156 158 155 148 141 126 118 115 114 122 116 111 117 108 101 99 85 92 99 101 84 81 77 76 77 72 76 72 74 76 66 66 62 64 62 63 66 67 66 67 66 63 56 -9999 -9999 -9999 -9999 -9999 -9999 -9999 -9999 -9999 -9999
-9999 -9999 -9999 -9999 -9999 -9999 -9999 -9999 -9999 -9999 -9999 173 176 223 231 175 163 165 174 180 177 168 168 172 174 172 171 171 161 154 152 145 133 124 123 118 120 112 120 106 116 106 112 102 86 88 91 85 78 75 76 75 72 71 72 70 67 68 68 66 66 64 67 68 66 64 63 61 57 53 48 -9999 -9999 -9999 -9999 -9999 -9999 -9999 -9999 -9999 -9999
-9999 -9999 -9999 -9999 -9999 -9999 -9999 -9999 -9999 -9999 156 167 172 188 178 177 190 188 187 184 195 193 184 168 167 180 177 172 164 156 150 141 137 130 134 125 120 121 114 102 114 107 110 93 79 86 85 92 79 76 79 75 74 82 72 69 77 76 65 70 71 70 69 68 66 66 64 60 52 -9999 49 46 -9999 -9999 -9999 -9999 -9999 -9999 -9999 -9999 -9999
-9999 -9999 -9999 -9999 -9999 -9999 -9999 -9999 -9999 -9999 166 187 180 194 189 187 210 219 215 211 200 206 198 185 164 173 176 170 163 157 149 141 136 133 131 129 124 115 108 92 112 93 91 78 85 99 96 91 79 75 74 72 78 74 70 71 71 72 73 72 70 68 67 68 66 65 61 -9999 -9999 -9999 -9999 -9999 -9999 -9999 -9999 -9999 -9999 -9999 -9999 -9999 -9999
-9999 -9999 -9999 -9999 -9999 -9999 -9999 -9999 -9999 169 175 206 213 215 221 209 216 224 226 222 214 214 214 198 177 167 171 171 163 155 149 139 134 129 129 115 109 112 101 91 100 95 94 75 88 85 73 69 68 66 67 70 72 72 72 71 71 72 72 71 69 65 65 67 65 58 52 -9999 -9999 -9999 -9999 -9999 -9999 -9999 -9999 -9999 -9999 -9999 -9999 -9999 -9999
-9999 -9999 -9999 -9999 -9999 -9999 -9999 -9999 178 179 193 201 216 231 245 244 228 224 228 229 234 224 207 200 184 173 170 169 159 152 147 140 133 136 124 123 124 107 86 106 98 80 77 72 70 67 64 62 61 62 64 69 69 69 67 65 65 70 70 69 66 63 64 65 59 53 52 -9999 -9999 -9999 -9999 -9999 -9999 -9999 -9999 -9999 -9999 -9999 -9999 -9999 -9999
-9999 -9999 -9999 -9999 -9999 -9999 -9999 -9999 194 197 206 230 234 248 253 250 241 236 234 228 237 231 218 204 198 184 178 167 159 151 143 141 136 126 124 108 105 94 83 75 70 67 65 67 73 80 70 66 62 66 67 64 59 57 56 57 59 62 61 62 60 59 59 55 52 47 -9999 -9999 -9999 -9999 -9999 -9999 -9999 -9999 -9999 -9999 -9999 -9999 -9999 -9999 -9999
-9999 -9999 -9999 -9999 -9999 -9999 196 198 211 222 222 221 241 257 261 256 261 252 250 236 238 229 204 194 203 179 172 166 157 151 142 136 134 121 116 100 112 106 92 85 89 82 79 71 80 78 65 63 57 61 57 53 52 51 51 53 54 57 62 57 55 57 59 61 50 -9999 -9999 -9999 -9999 -9999 -9999 -9999 -9999 -9999 -9999 -9999 -9999 -9999 -9999 -9999 -9999
-9999 -9999 -9999 -9999 -9999 201 201 209 226 244 243 235 241 253 236 240 272 269 259 243 216 229 200 187 186 172 167 163 153 146 136 124 114 111 97 91 118 115 99 100 86 97 92 63 72 74 60 62 54 52 51 50 50 50 51 49 54 54 63 54 51 50 60 53 47 -9999 -9999 -9999 -9999 -9999 -9999 -9999 -9999 -9999 -9999 -9999 -9999 -9999 -9999 -9999 -9999
-9999 -9999 -9999 -9999 210 209 218 232 233 240 250 253 243 251 242 261 272 272 259 221 214 212 189 186 183 177 166 157 152 146 141 132 123 112 101 91 82 83 83 87 71 86 66 59 63 63 56 54 52 52 49 48 48 48 49 53 58 54 51 48 47 47 57 52 -9999 -9999 -9999 -9999 -9999 -9999 -9999 -9999 -9999 -9999 -9999 -9999 -9999 -9999 -9999 -9999 -9999
-9999 -9999 -9999 217 218 223 218 231 248 253 253 251 246 247 254 253 254 251 227 225 242 230 226 208 186 170 159 154 148 142 136 133 125 107 97 84 72 69 77 91 64 65 60 59 59 57 52 48 46 45 45 45 46 49 58 59 54 54 51 48 47 49 51 49 -9999 -9999 -9999 -9999 -9999 -9999 -9999 -9999 -9999 -9999 -9999 -9999 -9999 -9999 -9999 -9999 -9999
-9999 -9999 221 221 222 230 227 236 244 254 237 249 244 224 206 207 223 250 208 236 218 196 193 181 166 164 156 152 146 140 138 135 123 107 86 84 86 75 71 88 61 60 59 56 52 49 47 45 44 43 43 44 47 55 57 52 52 53 52 48 47 52 52 -9999 -9999 -9999 -9999 -9999 -9999 -9999 -9999 -9999 -9999 -9999 -9999 -9999 -9999 -9999 -9999 -9999 -9999
-9999 222 223 227 224 227 230 232 234 247 226 226 227 222 218 201 223 193 193 216 193 181 176 176 168 163 158 149 139 135 135 138 124 112 108 114 107 79 70 71 60 59 58 53 50 48 45 43 41 42 44 46 46 48 49 49 51 53 49 47 48 47 -9999 -9999 -9999 -9999 -9999 -9999 -9999 -9999 -9999 -9999 -9999 -9999 -9999 -9999 -9999 -9999 -9999 -9999 -9999
227 226 225 227 228 229 230 231 233 236 224 211 205 201 200 190 199 182 181 185 179 170 166 166 158 155 151 144 136 127 131 126 115 109 111 116 94 72 66 63 60 59 57 51 49 46 44 43 49 52 47 44 46 46 47 48 49 49 48 46 46 47 -9999 -9999 -9999 -9999 -9999 -9999 -9999 -9999 -9999 -9999 -9999 -9999 -9999 -9999 -9999 -9999 -9999 -9999 -9999
228 221 220 218 218 221 225 221 206 202 198 194 190 188 185 185 183 179 175 183 173 167 163 162 156 152 145 135 131 128 115 111 105 97 107 111 93 73 73 64 59 58 55 50 49 46 44 44 45 43 42 42 44 46 48 48 49 49 48 48 46 -9999 -9999 -9999 -9999 -9999 -9999 -9999 -9999 -9999 -9999 -9999 -9999 -9999 -9999 -9999 -9999 -9999 -9999 -9999 -9999
217 214 218 202 203 205 207 191 190 185 186 184 187 182 180 184 179 179 179 173 178 165 158 158 151 146 139 128 132 129 114 101 107 116 108 98 82 79 72 65 59 58 53 51 52 47 44 44 43 43 43 42 46 46 46 48 48 48 48 46 -9999 -9999 -9999 -9999 -9999 -9999 -9999 -9999 -9999 -9999 -9999 -9999 -9999 -9999 -9999 -9999 -9999 -9999 -9999 -9999 -9999
215 199 205 200 188 187 193 182 179 176 177 185 174 172 175 176 174 167 168 168 165 158 153 147 141 133 137 122 121 122 104 104 116 107 92 102 85 68 64 62 60 57 53 55 54 49 44 43 42 41 42 43 45 44 46 46 46 -9999 -9999 -9999 -9999 -9999 -9999 -9999 -9999 -9999 -9999 -9999 -9999 -9999 -9999 -9999 -9999 -9999 -9999 -9999 -9999 -9999 -9999 -9999 -9999
205 196 188 184 188 185 175 171 173 177 180 176 161 156 162 170 164 159 161 156 151 151 149 140 127 122 119 111 105 101 105 120 104 89 85 76 68 69 67 62 58 57 55 51 49 47 44 43 42 43 45 44 44 44 45 45 -9999 -9999 -9999 -9999 -9999 -9999 -9999 -9999 -9999 -9999 -9999 -9999 -9999 -9999 -9999 -9999 -9999 -9999 -9999 -9999 -9999 -9999 -9999 -9999 -9999
187 188 190 192 191 170 164 180 182 169 182 168 158 142 139 163 161 146 155 159 146 145 145 141 122 126 109 107 99 102 126 100 89 82 72 69 71 68 64 63 60 60 58 55 50 47 45 43 42 43 42 42 42 -9999 -9999 -9999 -9999 -9999 -9999 -9999 -9999 -9999 -9999 -9999 -9999 -9999 -9999 -9999 -9999 -9999 -9999 -9999 -9999 -9999 -9999 -9999 -9999 -9999 -9999 -9999 -9999
180 177 180 187 191 161 174 179 169 149 176 160 150 140 114 126 148 141 128 139 132 142 135 123 119 111 103 101 96 97 112 95 87 73 69 71 73 70 64 60 58 56 55 53 50 47 45 43 42 42 42 -9999 -9999 -9999 -9999 -9999 -9999 -9999 -9999 -9999 -9999 -9999 -9999 -9999 -9999 -9999 -9999 -9999 -9999 -9999 -9999 -9999 -9999 -9999 -9999 -9999 -9999 -9999 -9999 -9999 -9999
188 182 175 188 190 163 178 170 155 132 169 147 162 157 121 87 93 123 97 98 142 145 116 103 103 100 94 90 88 97 90 81 76 73 74 73 67 66 64 60 57 55 54 53 50 48 45 43 42 -9999 -9999 -9999 -9999 -9999 -9999 -9999 -9999 -9999 -9999 -9999 -9999 -9999 -9999 -9999 -9999 -9999 -9999 -9999 -9999 -9999 -9999 -9999 -9999 -9999 -9999 -9999 -9999 -9999 -9999 -9999 -9999
163 172 174 193 187 172 162 167 167 136 113 111 118 136 125 85 86 81 108 97 128 146 112 93 105 114 116 97 84 83 81 87 83 72 71 71 67 64 60 56 55 55 54 53 51 47 45 43 -9999 -9999 -9999 -9999 -9999 -9999 -9999 -9999 -9999 -9999 -9999 -9999 -9999 -9999 -9999 -9999 -9999 -9999 -9999 -9999 -9999 -9999 -9999 -9999 -9999 -9999 -9999 -9999 -9999 -9999 -9999 -9999 -9999
164 172 190 173 149 141 127 132 137 126 112 92 87 83 77 80 92 67 80 73 115 128 106 112 119 110 93 85 77 76 74 73 72 70 69 64 62 61 58 56 54 53 53 52 49 46 44 42 -9999 -9999 -9999 -9999 -9999 -9999 -9999 -9999 -9999 -9999 -9999 -9999 -9999 -9999 -9999 -9999 -9999 -9999 -9999 -9999 -9999 -9999 -9999 -9999 -9999 -9999 -9999 -9999 -9999 -9999 -9999 -9999 -9999
187 189 170 163 165 180 174 136 106 99 105 99 90 83 74 69 67 71 56 62 78 111 100 95 83 80 74 74 74 72 72 71 69 67 64 62 60 59 56 54 53 51 50 49 47 45 42 42 -9999 -9999 -9999 -9999 -9999 -9999 -9999 -9999 -9999 -9999 -9999 -9999 -9999 -9999 -9999 -9999 -9999 -9999 -9999 -9999 -9999 -9999 -9999 -9999 -9999 -9999 -9999 -9999 -9999 -9999 -9999 -9999 -9999
157 173 188 158 146 188 163 153 119 104 135 140 140 139 116 112 89 58 54 55 59 76 104 115 86 75 74 73 69 68 67 66 65 64 61 59 58 56 54 52 51 49 48 47 45 43 42 -9999 -9999 -9999 -9999 -9999 -9999 -9999 -9999 -9999 -9999 -9999 -9999 -9999 -9999 -9999 -9999 -9999 -9999 -9999 -9999 -9999 -9999 -9999 -9999 -9999 -9999 -9999 -9999 -9999 -9999 -9999 -9999 -9999 -9999
148 142 171 127 161 150 141 126 131 90 89 120 125 127 113 136 123 76 77 61 58 68 100 82 72 71 72 71 68 67 65 64 61 61 59 57 55 54 52 51 49 48 47 45 43 41 40 39 -9999 -9999 -9999 -9999 -9999 -9999 -9999 -9999 -9999 -9999 -9999 -9999 -9999 -9999 -9999 -9999 -9999 -9999 -9999 -9999 -9999 -9999 -9999 -9999 -9999 -9999 -9999 -9999 -9999 -9999 -9999 -9999 -9999
168 114 119 132 144 150 147 117 108 86 78 99 141 125 111 126 113 97 126 78 65 63 68 68 69 70 72 68 65 62 62 61 59 58 56 55 54 52 51 49 48 47 45 43 41 39 38 38 -9999 -9999 -9999 -9999 -9999 -9999 -9999 -9999 -9999 -9999 -9999 -9999 -9999 -9999 -9999 -9999 -9999 -9999 -9999 -9999 -9999 -9999 -9999 -9999 -9999 -9999 -9999 -9999 -9999 -9999 -9999 -9999 -9999
147 131 92 147 137 118 152 110 123 79 74 81 106 151 130 96 84 110 130 90 69 68 68 72 70 71 69 63 62 60 60 59 57 56 54 53 51 50 49 48 47 45 43 41 39 38 37 37 -9999 -9999 -9999 -9999 -9999 -9999 -9999 -9999 -9999 -9999 -9999 -9999 -9999 -9999 -9999 -9999 -9999 -9999 -9999 -9999 -9999 -9999 -9999 -9999 -9999 -9999 -9999 -9999 -9999 -9999 -9999 -9999 -9999
