Electronic Materials (Flash Drives)/data/NZclimate/2050/miroc_4_2050/bio13nz.asc
ncols         384
nrows         384
xllcorner     164
yllcorner     -49
cellsize      0.041666666666667
NODATA_value  -9999
[rows 140 to 174 of 384, columns 240 to 319 of 384]
-9999 -9999 -9999 -9999 -9999 -9999 -9999 -9999 -9999 -9999 -9999 -9999 166 192 181 187 197 210 233 263 266 262 238 183 183 193 196 186 195 156 151 149 140 143 149 174 227 274 257 211 167 161 159 151 149 147 145 141 145 156 155 158 173 188 197 193 189 191 197 212 217 249 258 261 281 268 260 258 246 203 250 244 242 234 226 211 194 203 207 204
-9999 -9999 -9999 -9999 -9999 -9999 -9999 -9999 -9999 -9999 -9999 173 198 200 203 205 200 202 224 254 258 254 223 192 177 181 191 170 185 157 147 145 137 136 141 177 222 229 216 190 189 173 156 153 153 150 151 166 179 169 168 165 171 191 196 199 191 201 200 219 212 251 248 258 256 286 260 213 239 243 192 194 198 205 205 199 209 193 178 197
-9999 -9999 -9999 -9999 -9999 -9999 -9999 -9999 -9999 -9999 172 184 200 199 219 242 240 254 243 254 253 248 212 196 175 176 179 163 162 150 148 148 145 139 144 182 193 221 208 202 232 190 157 158 159 162 164 181 184 186 166 174 185 204 200 200 198 198 213 219 216 248 236 266 291 263 242 215 255 205 204 209 192 184 183 183 187 175 176 181
-9999 -9999 -9999 -9999 158 159 168 171 174 173 182 200 206 205 239 241 241 244 229 227 238 224 214 194 176 180 174 172 178 169 171 159 166 155 175 176 200 216 215 219 305 264 172 167 171 173 174 174 181 189 187 197 227 242 198 204 217 215 219 221 214 218 222 226 268 244 212 215 237 201 209 204 194 206 196 190 188 185 190 185
-9999 -9999 161 164 164 168 180 183 183 202 208 200 208 233 244 231 237 242 222 215 204 204 209 198 182 176 168 178 191 187 170 174 180 179 233 206 190 207 205 201 208 243 234 181 178 188 198 203 201 218 228 252 234 218 196 210 221 218 232 259 231 197 203 227 243 223 194 182 189 192 188 187 183 171 190 193 179 176 182 182
174 172 174 180 183 189 187 203 204 205 224 207 229 222 229 223 232 232 222 203 199 199 196 193 190 173 188 186 165 159 166 165 187 196 261 226 231 234 238 236 202 196 240 183 179 202 235 252 285 265 240 257 262 236 190 202 224 222 254 269 239 200 195 229 211 185 202 201 210 206 197 185 179 172 170 170 176 172 173 180
194 200 198 205 214 218 214 206 206 222 218 226 231 216 226 238 232 223 210 202 188 200 187 185 185 169 168 161 160 158 152 160 180 194 215 238 262 282 325 387 338 243 200 185 204 243 295 300 313 301 314 278 284 216 208 218 202 228 227 248 229 205 217 196 182 210 243 241 198 174 169 162 169 166 168 166 162 167 165 169
237 243 237 241 241 235 217 216 209 211 218 225 209 212 225 236 223 208 217 207 187 189 186 179 196 187 190 163 189 180 156 177 204 226 237 243 264 306 380 459 380 305 243 206 271 332 334 336 331 334 306 277 248 273 234 226 216 210 241 211 205 204 207 186 202 284 250 210 193 174 169 159 150 151 152 159 153 -9999 -9999 -9999
356 336 300 282 265 250 237 230 228 210 214 211 206 213 217 219 215 207 209 214 191 197 186 193 196 197 195 192 196 197 173 183 217 237 250 266 293 329 370 354 325 292 258 267 303 337 348 311 289 300 315 278 249 276 309 284 244 218 202 192 190 205 193 189 242 267 198 176 173 168 169 155 152 148 141 -9999 -9999 -9999 -9999 -9999
634 569 409 342 292 265 250 237 222 216 208 211 214 210 209 211 229 243 206 182 185 177 187 179 194 189 203 198 181 187 194 188 211 231 346 319 364 423 403 341 298 273 260 275 311 337 333 275 307 285 300 261 283 260 273 291 278 290 223 197 205 217 214 241 216 194 177 176 169 167 180 176 170 -9999 -9999 -9999 -9999 -9999 -9999 -9999
626 697 619 443 337 283 257 240 217 214 218 212 196 193 207 204 213 219 209 174 178 171 176 165 176 169 180 185 164 165 184 194 206 221 256 324 450 608 488 369 304 271 284 327 352 345 300 243 260 277 310 226 268 296 282 256 325 314 240 205 207 208 210 193 191 187 171 183 189 169 159 152 152 -9999 -9999 -9999 -9999 -9999 -9999 -9999
612 705 667 480 358 290 248 227 218 204 202 200 189 209 195 192 204 217 228 236 181 177 178 157 159 175 172 169 154 154 162 184 197 212 243 297 399 507 418 324 272 255 292 329 299 272 272 287 218 232 206 191 241 253 219 249 300 238 223 209 201 206 194 175 178 176 160 160 173 151 142 137 -9999 -9999 -9999 -9999 -9999 -9999 -9999 -9999
386 481 444 370 315 266 230 212 203 193 186 187 190 207 220 258 264 244 244 242 267 218 191 171 152 165 152 138 145 157 163 173 181 193 208 235 274 295 275 246 218 224 244 240 257 275 261 238 181 191 189 184 226 235 201 221 210 202 181 196 171 171 170 166 162 158 144 144 147 123 120 -9999 -9999 -9999 -9999 -9999 -9999 -9999 -9999 -9999
238 270 267 254 236 217 205 198 195 192 177 174 187 214 224 250 259 220 217 224 241 232 196 168 152 148 147 165 182 179 162 155 150 153 160 162 177 187 170 169 171 168 169 186 222 292 231 217 188 188 168 176 182 212 206 179 185 189 191 174 159 155 150 156 149 147 147 133 120 111 -9999 -9999 -9999 -9999 -9999 -9999 -9999 -9999 -9999 -9999
173 180 180 185 187 186 182 183 186 188 181 161 178 186 188 205 195 192 196 193 199 192 169 162 137 158 164 165 173 151 152 143 138 139 139 136 135 134 129 130 140 158 142 146 225 200 125 150 141 144 167 179 175 161 166 176 178 186 178 154 144 138 136 134 135 129 143 116 101 -9999 -9999 -9999 -9999 -9999 -9999 -9999 -9999 -9999 -9999 -9999
141 142 144 149 156 159 162 177 166 171 167 158 165 167 179 184 182 161 183 177 173 181 197 187 152 140 168 167 171 155 156 143 150 144 133 123 122 120 116 118 122 150 174 137 124 106 109 136 120 132 160 176 175 156 174 162 155 165 159 149 141 136 139 129 119 119 119 102 97 100 -9999 -9999 -9999 -9999 -9999 -9999 -9999 -9999 -9999 -9999
124 123 125 129 134 135 144 149 159 154 160 179 159 156 160 151 175 164 160 167 194 168 162 191 171 142 143 142 152 141 140 131 130 136 126 122 123 120 118 127 118 137 169 151 125 102 118 122 114 123 136 166 229 139 173 165 145 146 141 142 137 136 128 120 108 105 96 98 97 97 -9999 -9999 -9999 -9999 -9999 -9999 -9999 -9999 -9999 -9999
117 114 115 116 120 124 130 132 134 156 163 184 172 144 172 149 174 192 160 140 150 144 169 197 174 127 122 135 146 135 120 129 139 130 119 118 110 108 106 110 111 136 131 112 91 92 102 109 107 119 180 204 184 192 247 212 163 142 121 123 119 119 115 107 98 94 92 93 93 96 98 -9999 -9999 -9999 -9999 -9999 -9999 -9999 -9999 -9999
-9999 -9999 -9999 -9999 117 119 126 124 123 136 151 160 157 148 151 158 174 181 165 145 137 158 164 171 156 153 132 121 124 142 127 118 121 118 112 111 112 109 105 106 102 99 97 93 89 90 98 101 107 140 213 238 193 220 260 190 144 135 133 140 118 105 102 103 96 90 90 91 93 96 98 -9999 -9999 -9999 -9999 -9999 -9999 -9999 -9999 -9999
-9999 -9999 -9999 -9999 -9999 -9999 -9999 122 117 125 136 148 160 136 140 170 152 142 135 138 127 126 135 147 138 129 149 127 117 135 140 114 113 117 108 113 119 106 107 105 104 100 95 93 94 90 93 100 113 122 210 218 249 254 256 159 157 144 139 131 120 104 98 94 89 87 89 91 93 96 103 109 129 129 -9999 -9999 -9999 -9999 -9999 -9999
-9999 -9999 -9999 -9999 -9999 -9999 -9999 -9999 112 118 124 125 130 135 142 148 138 119 123 129 116 132 142 142 138 131 117 112 132 138 133 112 113 112 110 120 108 109 110 103 106 109 100 95 94 93 93 102 111 163 146 210 269 218 190 162 171 161 167 155 135 107 114 97 90 88 90 92 98 113 107 116 134 133 -9999 -9999 -9999 -9999 -9999 -9999
-9999 -9999 -9999 -9999 -9999 -9999 -9999 -9999 -9999 109 111 110 117 114 121 125 120 116 130 112 120 134 163 153 128 119 117 104 120 128 117 108 120 115 111 113 106 113 112 103 109 110 111 104 95 95 100 111 130 246 227 235 240 174 158 194 173 168 161 148 144 117 123 96 107 99 106 115 144 116 127 131 127 -9999 -9999 -9999 -9999 -9999 -9999 -9999
-9999 -9999 -9999 -9999 -9999 -9999 -9999 -9999 -9999 -9999 -9999 107 106 110 113 113 113 106 115 111 127 137 139 138 129 119 104 99 102 107 102 100 106 103 109 111 103 104 104 107 112 111 114 99 97 99 108 123 133 228 271 261 222 155 155 176 163 149 140 129 137 134 128 126 97 94 124 112 130 161 163 146 123 -9999 -9999 -9999 -9999 -9999 -9999 -9999
-9999 -9999 -9999 -9999 -9999 -9999 -9999 -9999 -9999 -9999 -9999 -9999 102 104 104 104 105 101 111 117 118 117 117 114 111 111 98 98 101 109 98 107 98 100 106 98 99 105 113 119 113 106 103 100 105 111 112 117 136 264 296 298 185 160 153 147 143 136 123 116 122 134 146 101 95 122 120 123 165 200 194 135 -9999 -9999 -9999 -9999 -9999 -9999 -9999 -9999
-9999 -9999 -9999 -9999 -9999 -9999 -9999 -9999 -9999 -9999 -9999 -9999 -9999 -9999 -9999 98 97 99 102 102 101 100 99 104 106 99 91 93 98 102 100 96 98 99 98 94 97 101 106 106 98 96 100 109 112 112 117 127 159 236 283 292 202 167 155 147 127 118 114 110 113 131 118 99 114 115 151 152 193 244 181 138 -9999 -9999 -9999 -9999 -9999 -9999 -9999 -9999
-9999 -9999 -9999 -9999 -9999 -9999 -9999 -9999 -9999 -9999 -9999 -9999 -9999 -9999 -9999 -9999 -9999 -9999 -9999 -9999 -9999 94 94 98 99 91 89 97 100 105 97 97 97 96 98 99 98 104 103 96 96 101 106 113 119 124 131 158 254 291 305 222 174 167 148 136 120 113 109 107 110 130 112 101 114 127 140 156 208 224 175 166 -9999 -9999 -9999 -9999 -9999 -9999 -9999 -9999
-9999 -9999 -9999 -9999 -9999 -9999 -9999 -9999 -9999 -9999 -9999 -9999 -9999 -9999 -9999 -9999 -9999 -9999 -9999 -9999 -9999 -9999 -9999 90 88 89 93 93 98 102 93 96 97 100 102 108 109 107 111 97 105 107 116 123 125 131 144 159 216 219 283 210 180 163 141 123 115 109 104 102 105 116 108 113 126 131 152 154 175 158 147 -9999 -9999 -9999 -9999 -9999 -9999 -9999 -9999 -9999
-9999 -9999 -9999 -9999 -9999 -9999 -9999 -9999 -9999 -9999 -9999 -9999 -9999 -9999 -9999 -9999 -9999 -9999 -9999 -9999 -9999 -9999 -9999 -9999 87 90 93 96 97 93 93 94 102 111 113 111 105 104 99 103 119 123 122 130 130 139 142 156 197 282 240 192 177 159 136 120 112 107 103 104 103 107 113 117 127 146 163 171 160 141 -9999 -9999 -9999 -9999 -9999 -9999 -9999 -9999 -9999 -9999
-9999 -9999 -9999 -9999 -9999 -9999 -9999 -9999 -9999 -9999 -9999 -9999 -9999 -9999 -9999 -9999 -9999 -9999 -9999 -9999 -9999 -9999 -9999 -9999 -9999 89 91 90 94 95 95 102 106 106 106 101 96 101 114 122 131 127 132 130 141 138 145 161 236 233 216 196 179 157 134 121 114 111 107 114 101 107 118 141 135 149 170 171 155 158 -9999 -9999 -9999 -9999 -9999 -9999 -9999 -9999 -9999 -9999
-9999 -9999 -9999 -9999 -9999 -9999 -9999 -9999 -9999 -9999 -9999 -9999 -9999 -9999 -9999 -9999 -9999 -9999 -9999 -9999 -9999 -9999 -9999 -9999 -9999 -9999 89 91 93 95 97 100 102 102 99 93 100 109 113 116 119 129 135 130 142 138 151 193 216 224 198 184 174 153 137 125 132 117 123 105 108 118 138 147 147 155 162 178 156 147 -9999 -9999 -9999 -9999 -9999 -9999 -9999 -9999 -9999 -9999
-9999 -9999 -9999 -9999 -9999 -9999 -9999 -9999 -9999 -9999 -9999 -9999 -9999 -9999 -9999 -9999 -9999 -9999 -9999 -9999 -9999 -9999 -9999 -9999 -9999 -9999 -9999 91 93 94 96 98 99 98 93 97 103 108 111 111 115 124 123 137 128 137 176 225 231 193 182 166 152 142 131 150 175 155 137 109 118 134 147 147 158 154 177 165 147 140 -9999 -9999 -9999 -9999 -9999 -9999 -9999 -9999 -9999 -9999
-9999 -9999 -9999 -9999 -9999 -9999 -9999 -9999 -9999 -9999 -9999 -9999 -9999 -9999 -9999 -9999 -9999 -9999 -9999 -9999 -9999 -9999 -9999 -9999 -9999 -9999 -9999 -9999 92 93 95 96 97 93 91 98 97 104 104 104 110 120 132 124 129 161 210 228 179 163 149 146 141 133 154 167 166 124 107 103 106 116 140 147 154 152 164 156 150 -9999 -9999 -9999 -9999 -9999 -9999 -9999 -9999 -9999 -9999 -9999
-9999 -9999 -9999 -9999 -9999 -9999 -9999 -9999 -9999 -9999 -9999 -9999 -9999 -9999 -9999 -9999 -9999 -9999 -9999 -9999 -9999 -9999 -9999 -9999 -9999 -9999 -9999 -9999 92 92 93 93 92 91 94 97 95 101 98 102 112 124 123 123 163 217 214 174 158 146 132 138 133 146 174 163 172 141 122 119 114 116 120 130 143 149 146 153 -9999 -9999 -9999 -9999 -9999 -9999 -9999 -9999 -9999 -9999 -9999 -9999
-9999 -9999 -9999 -9999 -9999 -9999 -9999 -9999 -9999 -9999 -9999 -9999 -9999 -9999 -9999 -9999 -9999 -9999 -9999 -9999 -9999 -9999 -9999 -9999 -9999 -9999 -9999 -9999 -9999 92 92 91 90 90 93 98 93 92 93 99 111 126 116 145 214 205 174 151 139 129 121 123 128 139 151 165 161 163 145 124 118 121 124 139 134 135 133 -9999 -9999 -9999 -9999 -9999 -9999 -9999 -9999 -9999 -9999 -9999 -9999 -9999
-9999 -9999 -9999 -9999 -9999 -9999 -9999 -9999 -9999 -9999 -9999 -9999 -9999 -9999 -9999 -9999 -9999 -9999 -9999 -9999 -9999 -9999 -9999 -9999 -9999 -9999 -9999 -9999 -9999 91 91 92 92 90 91 94 90 90 91 98 114 121 119 162 191 156 146 141 127 126 132 145 148 144 172 170 184 175 158 129 125 126 151 141 127 -9999 -9999 -9999 -9999 -9999 -9999 -9999 -9999 -9999 -9999 -9999 -9999 -9999 -9999 -9999
