Electronic Materials (Flash Drives)/data/NZclimate/2050/miroc_4_2050/bio14nz.asc
ncols         384
nrows         384
xllcorner     164
yllcorner     -49
cellsize      0.041666666666667
NODATA_value  -9999
[rows 144 to 179 of 384, columns 243 to 323 of 384]
103 104 106 114 116 116 127 132 128 134 143 144 138 137 136 126 121 114 112 113 108 101 98 95 100 105 104 97 99 101 101 122 112 105 113 112 111 115 131 128 109 108 113 118 121 121 130 134 145 139 133 124 130 136 133 138 150 133 112 112 123 130 118 100 92 94 94 90 87 84 79 85 86 81 81 82 83 84 82 81 78
112 114 118 118 127 128 129 139 131 140 137 137 133 134 132 126 117 113 111 109 106 105 98 104 104 95 93 96 96 104 108 133 119 122 123 126 126 112 111 131 109 108 119 133 141 155 148 139 147 150 140 121 127 136 133 148 154 136 111 106 123 111 95 102 100 103 99 92 85 80 78 77 78 80 79 80 82 82 81 79 76
126 132 135 132 128 128 137 134 137 137 131 133 137 133 128 121 116 108 112 105 104 103 96 96 93 93 92 90 94 101 106 114 124 134 143 161 189 168 130 113 109 118 135 157 160 166 163 168 155 158 131 129 133 123 135 131 141 127 111 115 103 94 107 123 119 95 80 77 74 75 75 75 75 75 77 78 79 -9999 -9999 -9999 -9999
146 147 143 133 133 129 130 132 134 126 127 131 134 128 121 123 117 108 108 105 102 109 105 106 95 105 101 92 100 110 118 123 126 134 153 185 219 187 156 131 117 145 171 172 174 173 175 165 154 143 154 139 137 129 123 138 118 112 109 108 96 102 146 125 102 91 79 76 71 69 69 71 73 72 -9999 -9999 -9999 -9999 -9999 -9999 -9999
165 157 149 142 139 138 128 128 126 123 125 126 126 124 119 119 120 109 111 106 108 108 109 107 106 107 107 98 102 114 122 128 135 146 162 180 175 163 150 136 142 158 172 177 164 156 161 167 154 143 155 168 159 143 127 114 106 102 108 100 96 122 135 96 81 79 75 76 70 69 68 66 -9999 -9999 -9999 -9999 -9999 -9999 -9999 -9999 -9999
190 168 155 148 141 134 130 125 125 125 123 122 122 128 133 117 107 107 103 106 103 108 106 111 108 102 103 105 103 111 120 167 157 176 201 193 169 152 142 137 145 161 172 171 149 163 155 161 147 156 148 153 161 156 162 125 106 109 112 108 123 107 94 81 79 75 73 80 77 74 -9999 -9999 -9999 -9999 -9999 -9999 -9999 -9999 -9999 -9999 -9999
227 185 161 149 140 129 127 128 124 116 114 120 118 121 123 118 103 104 101 102 97 101 98 102 103 95 96 101 105 109 115 129 159 211 277 228 180 153 141 147 166 177 175 158 136 144 152 165 133 150 162 157 147 174 170 133 110 107 106 105 96 90 86 77 84 85 75 71 68 68 -9999 -9999 -9999 -9999 -9999 -9999 -9999 -9999 -9999 -9999 -9999
237 192 163 143 132 128 121 119 118 112 121 114 112 117 121 125 127 105 103 102 94 95 100 99 98 92 92 93 100 105 111 124 147 190 235 199 161 140 134 151 167 155 145 146 153 127 134 124 119 139 145 131 144 164 134 123 112 104 103 96 84 83 80 71 71 76 68 65 63 -9999 -9999 -9999 -9999 -9999 -9999 -9999 -9999 -9999 -9999 -9999 -9999
194 172 149 132 122 118 114 111 111 112 118 123 137 139 131 130 129 137 118 107 99 92 97 91 86 88 92 93 96 98 102 109 121 137 147 139 128 117 121 130 130 138 146 142 133 112 117 117 116 133 137 121 129 120 113 100 104 89 87 84 79 75 72 65 66 66 59 59 -9999 -9999 -9999 -9999 -9999 -9999 -9999 -9999 -9999 -9999 -9999 -9999 -9999
142 133 123 115 112 112 112 106 104 109 120 124 134 137 121 119 122 127 124 109 98 92 90 89 96 100 99 92 89 86 87 89 89 96 101 94 95 96 97 99 107 124 153 129 125 114 115 107 112 115 127 123 107 107 106 104 93 82 79 73 74 69 67 66 62 59 56 -9999 -9999 -9999 -9999 -9999 -9999 -9999 -9999 -9999 -9999 -9999 -9999 -9999 -9999
106 106 104 100 102 106 109 106 97 104 108 108 115 111 109 110 109 111 108 98 95 85 93 95 95 97 88 88 84 82 81 80 78 78 78 76 77 83 92 87 90 124 115 85 97 94 96 107 113 110 101 101 104 103 104 98 81 74 68 65 63 63 60 65 57 53 -9999 -9999 -9999 -9999 -9999 -9999 -9999 -9999 -9999 -9999 -9999 -9999 -9999 -9999 -9999
86 88 89 90 99 95 99 99 95 98 99 104 106 105 96 105 103 100 104 109 105 91 87 96 95 96 90 89 84 85 83 77 73 72 72 71 72 74 89 100 86 81 74 77 92 84 91 104 111 110 98 105 97 89 92 86 78 71 66 66 60 57 57 57 53 50 49 -9999 -9999 -9999 -9999 -9999 -9999 -9999 -9999 -9999 -9999 -9999 -9999 -9999 -9999
75 78 78 82 85 92 91 95 103 94 93 95 92 101 96 95 98 108 98 95 106 98 87 87 87 89 85 83 80 78 79 75 73 73 72 71 76 73 83 98 92 82 73 83 85 81 86 93 106 132 89 104 98 83 81 75 74 69 66 60 56 53 52 50 50 49 48 -9999 -9999 -9999 -9999 -9999 -9999 -9999 -9999 -9999 -9999 -9999 -9999 -9999 -9999
69 71 73 76 77 79 92 96 105 99 88 99 90 100 107 95 86 90 88 98 108 99 81 79 84 87 83 77 79 82 77 73 72 70 69 67 69 69 82 82 74 64 67 74 79 77 84 111 121 112 114 140 120 94 78 64 63 59 57 55 52 49 48 48 48 47 48 48 -9999 -9999 -9999 -9999 -9999 -9999 -9999 -9999 -9999 -9999 -9999 -9999 -9999
-9999 70 71 74 74 74 81 89 94 92 88 90 93 99 103 96 88 85 94 95 98 92 91 83 78 79 85 79 76 76 74 72 71 71 70 68 67 66 65 65 65 62 64 71 73 76 91 123 133 116 128 143 109 80 74 71 72 59 52 50 50 48 47 46 46 46 46 47 -9999 -9999 -9999 -9999 -9999 -9999 -9999 -9999 -9999 -9999 -9999 -9999 -9999
-9999 -9999 -9999 -9999 73 71 76 82 88 93 83 85 97 90 86 84 85 80 80 84 89 85 82 89 81 77 83 84 75 74 75 72 73 73 70 70 68 67 66 64 63 64 62 65 70 78 83 121 125 137 140 141 94 89 78 74 68 60 51 49 48 46 45 45 45 45 46 48 49 55 55 -9999 -9999 -9999 -9999 -9999 -9999 -9999 -9999 -9999 -9999
-9999 -9999 -9999 -9999 -9999 69 73 76 77 79 82 85 88 83 76 78 81 75 83 87 87 85 82 77 75 82 84 82 74 74 73 72 75 72 72 71 69 68 70 66 64 63 64 63 70 75 100 94 121 144 125 110 95 97 88 89 81 69 54 57 49 46 45 44 45 46 49 48 51 56 56 -9999 -9999 -9999 -9999 -9999 -9999 -9999 -9999 -9999 -9999
-9999 -9999 -9999 -9999 -9999 -9999 68 70 70 73 72 75 77 76 74 81 73 77 83 94 91 81 78 77 72 78 81 77 73 77 75 73 74 71 74 73 69 71 71 72 67 64 64 67 75 85 132 125 129 132 104 96 110 98 92 87 78 75 61 63 49 52 47 49 51 59 49 53 55 54 -9999 -9999 -9999 -9999 -9999 -9999 -9999 -9999 -9999 -9999 -9999
-9999 -9999 -9999 -9999 -9999 -9999 -9999 -9999 67 68 69 71 72 72 69 73 72 80 84 84 85 81 78 71 70 71 73 71 70 72 71 73 73 70 71 70 71 72 72 73 66 65 66 71 80 85 124 141 139 124 97 94 102 93 83 77 71 73 70 64 61 48 46 54 49 54 64 64 59 53 -9999 -9999 -9999 -9999 -9999 -9999 -9999 -9999 -9999 -9999 -9999
-9999 -9999 -9999 -9999 -9999 -9999 -9999 -9999 -9999 65 66 66 67 68 67 71 74 75 75 75 75 74 74 69 69 71 74 70 73 69 70 72 68 68 71 73 75 73 70 68 67 68 71 73 76 85 137 150 151 109 99 94 88 83 77 70 66 67 69 72 51 48 55 53 52 66 79 76 56 -9999 -9999 -9999 -9999 -9999 -9999 -9999 -9999 -9999 -9999 -9999 -9999
-9999 -9999 -9999 -9999 -9999 -9999 -9999 -9999 -9999 -9999 -9999 -9999 64 64 65 67 67 67 67 68 70 71 69 65 67 69 71 70 69 69 70 68 66 66 69 71 71 66 65 66 71 71 72 75 80 94 125 144 148 114 100 94 89 77 70 66 62 61 68 60 50 54 53 64 62 77 97 71 57 -9999 -9999 -9999 -9999 -9999 -9999 -9999 -9999 -9999 -9999 -9999 -9999
-9999 -9999 -9999 -9999 -9999 -9999 -9999 -9999 -9999 -9999 -9999 -9999 -9999 -9999 -9999 -9999 -9999 -9999 65 65 67 68 65 64 68 70 72 69 69 69 68 68 68 66 70 69 65 65 67 68 71 74 77 80 91 130 145 151 120 101 98 87 82 73 67 63 61 60 67 58 52 55 58 61 64 83 89 69 65 -9999 -9999 -9999 -9999 -9999 -9999 -9999 -9999 -9999 -9999 -9999 -9999
-9999 -9999 -9999 -9999 -9999 -9999 -9999 -9999 -9999 -9999 -9999 -9999 -9999 -9999 -9999 -9999 -9999 -9999 -9999 -9999 63 62 63 65 66 68 71 66 68 68 69 69 71 71 70 72 64 68 69 72 74 75 78 84 90 114 116 142 115 103 94 82 73 68 64 61 59 59 61 57 57 60 60 65 64 70 64 60 -9999 -9999 -9999 -9999 -9999 -9999 -9999 -9999 -9999 -9999 -9999 -9999 -9999
-9999 -9999 -9999 -9999 -9999 -9999 -9999 -9999 -9999 -9999 -9999 -9999 -9999 -9999 -9999 -9999 -9999 -9999 -9999 -9999 -9999 61 63 64 66 67 64 65 66 70 74 74 72 68 67 64 66 74 75 74 77 76 80 82 89 105 140 124 106 101 90 78 69 64 61 60 60 59 59 59 58 60 65 69 71 66 59 -9999 -9999 -9999 -9999 -9999 -9999 -9999 -9999 -9999 -9999 -9999 -9999 -9999 -9999
-9999 -9999 -9999 -9999 -9999 -9999 -9999 -9999 -9999 -9999 -9999 -9999 -9999 -9999 -9999 -9999 -9999 -9999 -9999 -9999 -9999 -9999 61 62 62 63 64 64 69 71 71 71 66 63 65 71 75 78 76 78 76 80 79 82 90 120 119 113 108 101 89 77 69 64 61 60 63 57 58 60 67 63 66 72 71 65 65 -9999 -9999 -9999 -9999 -9999 -9999 -9999 -9999 -9999 -9999 -9999 -9999 -9999 -9999
-9999 -9999 -9999 -9999 -9999 -9999 -9999 -9999 -9999 -9999 -9999 -9999 -9999 -9999 -9999 -9999 -9999 -9999 -9999 -9999 -9999 -9999 -9999 60 61 61 62 64 67 69 68 66 62 65 69 71 72 73 77 79 77 81 79 84 101 110 114 106 102 97 85 78 70 73 64 66 58 59 61 67 68 66 68 70 74 66 62 -9999 -9999 -9999 -9999 -9999 -9999 -9999 -9999 -9999 -9999 -9999 -9999 -9999 -9999
-9999 -9999 -9999 -9999 -9999 -9999 -9999 -9999 -9999 -9999 -9999 -9999 -9999 -9999 -9999 -9999 -9999 -9999 -9999 -9999 -9999 -9999 -9999 -9999 60 61 62 63 64 65 64 62 63 66 68 70 70 72 75 75 80 76 80 94 113 116 103 99 92 85 79 73 81 93 81 71 58 61 65 69 67 70 67 75 70 63 61 -9999 -9999 -9999 -9999 -9999 -9999 -9999 -9999 -9999 -9999 -9999 -9999 -9999 -9999
-9999 -9999 -9999 -9999 -9999 -9999 -9999 -9999 -9999 -9999 -9999 -9999 -9999 -9999 -9999 -9999 -9999 -9999 -9999 -9999 -9999 -9999 -9999 -9999 -9999 60 61 61 62 63 61 60 64 63 66 67 67 71 75 79 77 78 89 105 113 97 91 84 82 78 73 81 87 86 66 57 55 55 58 65 67 68 66 70 67 64 -9999 -9999 -9999 -9999 -9999 -9999 -9999 -9999 -9999 -9999 -9999 -9999 -9999 -9999 -9999
-9999 -9999 -9999 -9999 -9999 -9999 -9999 -9999 -9999 -9999 -9999 -9999 -9999 -9999 -9999 -9999 -9999 -9999 -9999 -9999 -9999 -9999 -9999 -9999 -9999 60 60 60 61 60 60 61 63 62 65 64 67 72 77 77 78 90 107 107 96 90 84 77 77 74 77 88 82 87 72 62 60 57 57 57 60 63 65 64 65 -9999 -9999 -9999 -9999 -9999 -9999 -9999 -9999 -9999 -9999 -9999 -9999 -9999 -9999 -9999 -9999
-9999 -9999 -9999 -9999 -9999 -9999 -9999 -9999 -9999 -9999 -9999 -9999 -9999 -9999 -9999 -9999 -9999 -9999 -9999 -9999 -9999 -9999 -9999 -9999 -9999 -9999 60 60 59 59 59 60 63 61 61 62 66 73 79 77 86 106 103 96 88 82 77 72 70 70 73 76 82 80 79 70 61 57 57 57 62 59 60 59 -9999 -9999 -9999 -9999 -9999 -9999 -9999 -9999 -9999 -9999 -9999 -9999 -9999 -9999 -9999 -9999 -9999
-9999 -9999 -9999 -9999 -9999 -9999 -9999 -9999 -9999 -9999 -9999 -9999 -9999 -9999 -9999 -9999 -9999 -9999 -9999 -9999 -9999 -9999 -9999 -9999 -9999 -9999 59 59 59 59 59 59 61 59 60 62 67 76 79 79 92 99 90 87 84 77 75 75 77 76 73 84 82 88 83 74 62 59 58 67 62 56 -9999 -9999 -9999 -9999 -9999 -9999 -9999 -9999 -9999 -9999 -9999 -9999 -9999 -9999 -9999 -9999 -9999 -9999 -9999
-9999 -9999 -9999 -9999 -9999 -9999 -9999 -9999 -9999 -9999 -9999 -9999 -9999 -9999 -9999 -9999 -9999 -9999 -9999 -9999 -9999 -9999 -9999 -9999 -9999 -9999 58 59 60 60 59 59 59 60 62 65 70 74 76 85 92 84 82 81 81 75 78 89 89 78 80 78 79 96 83 68 63 61 68 59 59 57 -9999 -9999 -9999 -9999 -9999 -9999 -9999 -9999 -9999 -9999 -9999 -9999 -9999 -9999 -9999 -9999 -9999 -9999 -9999
-9999 -9999 -9999 -9999 -9999 -9999 -9999 -9999 -9999 -9999 -9999 -9999 -9999 -9999 -9999 -9999 -9999 -9999 -9999 -9999 -9999 -9999 -9999 -9999 -9999 -9999 59 59 59 60 60 60 61 62 64 67 71 76 88 96 85 80 80 80 80 80 86 95 91 93 88 74 74 81 77 68 66 68 68 66 66 -9999 -9999 -9999 -9999 -9999 -9999 -9999 -9999 -9999 -9999 -9999 -9999 -9999 -9999 -9999 -9999 -9999 -9999 -9999 -9999
-9999 -9999 -9999 -9999 -9999 -9999 -9999 -9999 -9999 -9999 -9999 -9999 -9999 -9999 -9999 -9999 -9999 -9999 -9999 -9999 -9999 -9999 -9999 -9999 -9999 -9999 59 59 60 61 62 61 62 64 67 72 78 88 98 92 81 81 77 78 82 87 95 100 96 97 83 76 71 77 80 84 72 71 68 72 65 -9999 -9999 -9999 -9999 -9999 -9999 -9999 -9999 -9999 -9999 -9999 -9999 -9999 -9999 -9999 -9999 -9999 -9999 -9999 -9999
-9999 -9999 -9999 -9999 -9999 -9999 -9999 -9999 -9999 -9999 -9999 -9999 -9999 -9999 -9999 -9999 -9999 -9999 -9999 -9999 -9999 -9999 -9999 -9999 -9999 -9999 60 60 62 63 63 63 64 66 71 81 92 97 95 87 82 79 80 77 86 91 107 102 96 77 70 71 67 71 75 76 72 70 71 69 62 -9999 -9999 -9999 -9999 -9999 -9999 -9999 -9999 -9999 -9999 -9999 -9999 -9999 -9999 -9999 -9999 -9999 -9999 -9999 -9999
-9999 -9999 -9999 -9999 -9999 -9999 -9999 -9999 -9999 -9999 -9999 -9999 -9999 -9999 -9999 -9999 -9999 -9999 -9999 -9999 -9999 -9999 -9999 -9999 -9999 -9999 60 61 63 63 63 64 65 72 90 97 101 96 87 83 80 78 78 82 93 94 96 101 82 74 73 68 64 68 68 74 76 70 66 68 63 -9999 -9999 -9999 -9999 -9999 -9999 -9999 -9999 -9999 -9999 -9999 -9999 -9999 -9999 -9999 -9999 -9999 -9999 -9999 -9999
