Electronic Materials (Flash Drives)/data/NZclimate/2050/miroc_4_2050/bio12nz.asc
ncols         384
nrows         384
xllcorner     164
yllcorner     -49
cellsize      0.041666666666667
NODATA_value  -9999
[rows 140 to 174 of 384, columns 234 to 311 of 384]
-9999 -9999 -9999 -9999 -9999 -9999 -9999 -9999 -9999 -9999 -9999 -9999 -9999 -9999 -9999 -9999 -9999 -9999 1664 1917 1809 1866 1962 2081 2289 2550 2566 2534 2310 1816 1812 1911 1932 1844 1915 1564 1518 1504 1427 1443 1485 1683 2142 2555 2398 1975 1548 1494 1476 1424 1405 1392 1368 1342 1386 1491 1477 1509 1645 1772 1849 1806 1761 1776 1820 1936 1966 2218 2279 2301 2448 2339 2267 2240 2133 1782 2154 2106
-9999 -9999 -9999 -9999 -9999 -9999 -9999 -9999 -9999 -9999 -9999 -9999 -9999 -9999 -9999 -9999 -9999 1737 1974 1993 2021 2045 1992 2012 2206 2466 2497 2461 2174 1893 1759 1795 1886 1697 1828 1577 1487 1466 1392 1384 1424 1718 2098 2158 2035 1790 1778 1613 1465 1448 1448 1434 1437 1583 1705 1618 1609 1584 1633 1802 1842 1857 1784 1856 1839 1991 1928 2238 2199 2278 2248 2477 2265 1884 2083 2107 1690 1694
-9999 -9999 -9999 -9999 -9999 -9999 -9999 -9999 -9999 -9999 -9999 -9999 -9999 -9999 -9999 -9999 1725 1838 1985 1979 2156 2365 2345 2463 2369 2457 2441 2398 2068 1924 1729 1748 1775 1632 1617 1507 1489 1497 1466 1411 1441 1759 1848 2093 1970 1909 2180 1794 1495 1506 1516 1548 1564 1728 1757 1770 1590 1660 1753 1911 1871 1862 1839 1829 1944 1985 1951 2205 2102 2337 2524 2295 2121 1896 2208 1801 1782 1816
-9999 -9999 -9999 -9999 -9999 -9999 -9999 -9999 -9999 -9999 1563 1579 1665 1702 1729 1725 1807 1983 2040 2026 2342 2357 2351 2377 2240 2221 2305 2189 2091 1908 1739 1778 1726 1712 1766 1682 1700 1592 1646 1550 1710 1714 1915 2061 2042 2076 2834 2476 1641 1601 1640 1656 1672 1672 1739 1811 1784 1868 2116 2231 1856 1898 1998 1970 2000 2002 1941 1965 1984 2018 2339 2139 1878 1899 2068 1768 1828 1776
-9999 -9999 -9999 -9999 -9999 -9999 -9999 -9999 1599 1627 1625 1665 1778 1809 1806 1988 2050 1972 2051 2278 2373 2261 2311 2351 2168 2103 1999 1997 2036 1941 1798 1739 1670 1765 1877 1837 1684 1721 1766 1752 2213 1981 1833 1987 1958 1922 1987 2298 2213 1747 1717 1809 1898 1940 1917 2058 2138 2327 2173 2030 1832 1940 2027 1995 2101 2303 2075 1795 1831 2014 2137 1977 1740 1626 1683 1695 1656 1639
-9999 -9999 -9999 -9999 -9999 -9999 1740 1723 1733 1792 1815 1873 1846 1998 2006 2013 2193 2034 2241 2175 2244 2183 2262 2259 2168 2000 1954 1951 1926 1893 1868 1714 1850 1837 1639 1586 1652 1642 1831 1904 2457 2162 2200 2233 2271 2248 1942 1886 2275 1769 1737 1940 2228 2367 2620 2450 2241 2366 2401 2174 1785 1876 2047 2029 2275 2382 2139 1816 1770 2031 1891 1677 1804 1787 1850 1807 1727 1624
-9999 -9999 -9999 -9999 1663 1777 1929 1986 1965 2031 2117 2151 2102 2023 2019 2165 2134 2207 2248 2117 2205 2314 2260 2174 2056 1984 1849 1960 1842 1820 1815 1674 1671 1601 1599 1577 1521 1596 1763 1887 2064 2265 2471 2650 2987 3462 3075 2320 1930 1800 1966 2300 2714 2748 2840 2736 2821 2534 2569 2006 1934 2004 1866 2069 2046 2214 2047 1848 1937 1777 1661 1873 2115 2089 1752 1545 1498 1440
-9999 -9999 1646 1709 2047 2591 2359 2415 2348 2388 2378 2311 2130 2117 2047 2064 2127 2197 2052 2083 2197 2289 2174 2042 2117 2020 1843 1862 1829 1765 1918 1836 1857 1626 1852 1770 1555 1742 1968 2159 2251 2311 2488 2839 3402 3995 3397 2852 2334 2001 2541 3007 3009 3015 2969 2979 2759 2519 2278 2465 2146 2073 1979 1918 2165 1912 1853 1841 1861 1703 1815 2438 2164 1855 1709 1548 1491 1405
-9999 1592 1707 1882 2326 3161 3409 3236 2915 2743 2590 2438 2306 2232 2206 2044 2076 2060 2012 2085 2121 2135 2099 2024 2038 2079 1874 1924 1826 1888 1906 1920 1898 1876 1905 1917 1706 1789 2079 2251 2361 2499 2718 3004 3313 3197 2971 2744 2463 2521 2785 3030 3104 2817 2638 2714 2816 2520 2285 2488 2733 2529 2197 1981 1833 1746 1729 1847 1752 1727 2119 2305 1766 1560 1539 1485 1490 1366
1512 1625 1846 2094 2591 3919 5428 4950 3765 3234 2803 2565 2424 2292 2143 2093 2017 2050 2084 2053 2039 2064 2211 2322 2006 1799 1817 1745 1829 1760 1892 1848 1970 1920 1770 1823 1882 1831 2021 2193 3126 2917 3267 3710 3554 3085 2763 2578 2474 2574 2838 3021 2987 2531 2772 2595 2697 2388 2547 2356 2443 2578 2463 2551 2008 1781 1839 1929 1905 2114 1919 1732 1536 1523 1462 1459 1571 1532
1498 1653 1920 2228 2766 3688 5337 5869 5273 3976 3141 2689 2457 2296 2086 2054 2097 2046 1904 1890 2010 1989 2063 2114 2025 1720 1756 1688 1734 1637 1732 1666 1762 1807 1624 1637 1793 1880 1979 2102 2395 2947 3907 5094 4186 3283 2784 2534 2628 2946 3131 3072 2721 2270 2393 2523 2766 2098 2421 2636 2508 2290 2825 2725 2135 1842 1843 1852 1867 1723 1673 1619 1452 1587 1630 1468 1395 1333
1461 1597 1810 2128 2720 3567 5221 5942 5606 4230 3285 2725 2358 2165 2075 1952 1936 1923 1828 2017 1899 1875 1976 2088 2180 2234 1777 1738 1741 1563 1583 1716 1692 1670 1533 1535 1605 1796 1903 2023 2281 2721 3513 4326 3650 2933 2526 2392 2680 2956 2716 2504 2500 2608 2053 2161 1942 1808 2207 2291 1998 2232 2628 2130 1993 1867 1793 1822 1711 1493 1509 1490 1334 1346 1470 1308 1253 1207
1410 1495 1633 1851 2229 2701 3512 4218 3938 3358 2913 2492 2176 2003 1916 1832 1778 1799 1828 1974 2089 2407 2460 2299 2293 2276 2479 2076 1845 1677 1515 1631 1511 1392 1456 1556 1614 1693 1757 1853 1981 2204 2516 2685 2530 2294 2068 2124 2276 2249 2375 2515 2403 2207 1747 1821 1793 1750 2078 2138 1847 1999 1901 1824 1638 1753 1492 1478 1450 1392 1341 1307 1185 1206 1255 1083 1067 -9999
1368 1404 1492 1595 1764 1958 2291 2545 2509 2385 2219 2043 1918 1851 1829 1811 1686 1669 1788 2026 2119 2333 2410 2088 2066 2127 2266 2194 1890 1651 1509 1477 1471 1627 1770 1745 1602 1542 1497 1520 1577 1584 1703 1794 1643 1641 1654 1637 1647 1797 2091 2641 2150 2036 1796 1791 1617 1676 1718 1943 1887 1652 1689 1716 1713 1532 1347 1296 1220 1283 1216 1200 1211 1114 1045 992 -9999 -9999
-9999 1347 1359 1413 1477 1581 1703 1745 1735 1763 1764 1737 1681 1698 1732 1763 1705 1539 1697 1780 1799 1945 1867 1846 1877 1857 1902 1847 1649 1590 1375 1559 1616 1622 1692 1505 1518 1444 1398 1400 1389 1364 1349 1336 1286 1283 1376 1541 1410 1449 2102 1889 1272 1477 1398 1423 1606 1692 1650 1523 1546 1617 1626 1679 1603 1301 1185 1113 1090 1078 1093 1051 1184 997 893 -9999 -9999 -9999
-9999 -9999 1283 1294 1330 1376 1421 1416 1420 1448 1488 1499 1512 1643 1556 1605 1584 1514 1583 1608 1713 1759 1746 1575 1763 1718 1681 1750 1882 1804 1500 1405 1646 1640 1678 1538 1544 1439 1491 1436 1340 1257 1235 1221 1178 1183 1210 1464 1672 1370 1257 1107 1130 1362 1221 1318 1545 1667 1638 1466 1605 1493 1375 1456 1362 1230 1138 1079 1098 1027 968 983 1000 903 846 860 -9999 -9999
-9999 -9999 -9999 1240 1242 1246 1256 1243 1249 1275 1309 1305 1368 1407 1497 1462 1517 1684 1522 1499 1540 1472 1674 1584 1559 1621 1856 1637 1587 1834 1665 1421 1430 1425 1514 1414 1409 1337 1326 1369 1276 1239 1242 1211 1188 1254 1179 1351 1623 1483 1264 1074 1212 1245 1160 1238 1336 1572 2067 1313 1590 1516 1266 1245 1174 1163 1102 1077 1007 957 894 890 845 857 832 828 -9999 -9999
-9999 -9999 -9999 -9999 -9999 1191 1184 1159 1160 1158 1187 1214 1260 1274 1287 1479 1542 1728 1626 1396 1638 1445 1666 1819 1551 1384 1469 1424 1646 1878 1687 1286 1242 1359 1459 1369 1238 1319 1397 1313 1223 1210 1145 1117 1097 1118 1123 1345 1303 1150 971 985 1067 1127 1104 1204 1696 1883 1709 1755 2192 1898 1462 1197 985 986 940 936 911 867 824 817 806 804 801 812 824 -9999
-9999 -9999 -9999 -9999 -9999 -9999 -9999 -9999 -9999 -9999 1158 1174 1222 1206 1191 1305 1431 1518 1493 1419 1451 1522 1653 1724 1592 1416 1359 1545 1592 1657 1531 1506 1325 1234 1263 1421 1293 1215 1242 1212 1164 1154 1158 1126 1090 1095 1056 1038 1018 994 952 966 1037 1059 1101 1364 1949 2138 1775 1982 2280 1710 1225 1131 1098 1153 951 836 827 846 820 792 780 781 789 804 825 -9999
-9999 -9999 -9999 -9999 -9999 -9999 -9999 -9999 -9999 -9999 -9999 -9999 -9999 1184 1139 1207 1306 1414 1518 1313 1354 1615 1462 1381 1331 1356 1264 1256 1342 1450 1374 1296 1476 1285 1200 1362 1399 1174 1168 1208 1125 1167 1208 1108 1114 1093 1080 1048 1007 988 992 955 981 1045 1149 1213 1919 1978 2210 2244 2242 1433 1362 1208 1155 1084 976 834 811 792 774 766 766 775 789 808 860 904
-9999 -9999 -9999 -9999 -9999 -9999 -9999 -9999 -9999 -9999 -9999 -9999 -9999 -9999 1098 1151 1198 1213 1259 1303 1366 1425 1339 1183 1221 1277 1165 1311 1403 1399 1370 1312 1188 1148 1325 1381 1340 1161 1170 1158 1139 1221 1125 1130 1132 1080 1104 1128 1049 998 989 981 973 1053 1127 1544 1406 1906 2353 1948 1704 1439 1522 1372 1422 1309 1134 892 971 834 786 757 762 776 819 925 886 956
-9999 -9999 -9999 -9999 -9999 -9999 -9999 -9999 -9999 -9999 -9999 -9999 -9999 -9999 -9999 1072 1092 1085 1144 1123 1184 1221 1187 1153 1282 1121 1198 1320 1573 1492 1283 1209 1194 1076 1218 1298 1200 1120 1230 1183 1146 1165 1106 1167 1152 1086 1131 1144 1151 1070 1000 1005 1044 1146 1295 2192 2035 2091 2123 1589 1436 1729 1531 1428 1373 1265 1234 1013 1075 839 911 835 889 952 1166 952 1042 1078
-9999 -9999 -9999 -9999 -9999 -9999 -9999 -9999 -9999 -9999 -9999 -9999 -9999 -9999 -9999 -9999 -9999 1047 1050 1078 1113 1117 1118 1057 1139 1110 1259 1344 1365 1359 1285 1203 1068 1030 1056 1105 1063 1044 1101 1077 1132 1149 1084 1092 1092 1121 1159 1149 1170 1047 1021 1034 1120 1246 1318 2047 2369 2288 1981 1425 1381 1564 1404 1276 1211 1134 1203 1173 1109 1079 830 803 1024 927 1058 1299 1310 1185
-9999 -9999 -9999 -9999 -9999 -9999 -9999 -9999 -9999 -9999 -9999 -9999 -9999 -9999 -9999 -9999 -9999 -9999 1010 1030 1030 1038 1047 1017 1104 1160 1172 1170 1171 1148 1129 1135 1018 1022 1050 1124 1024 1113 1024 1046 1107 1035 1047 1104 1168 1214 1169 1111 1084 1057 1097 1138 1161 1199 1348 2316 2550 2561 1687 1470 1378 1295 1246 1189 1098 1044 1095 1169 1250 876 820 1023 993 1007 1330 1599 1550 1100
-9999 -9999 -9999 -9999 -9999 -9999 -9999 -9999 -9999 -9999 -9999 -9999 -9999 -9999 -9999 -9999 -9999 -9999 -9999 -9999 -9999 984 975 992 1020 1025 1022 1017 1013 1060 1079 1020 942 971 1018 1058 1036 1009 1023 1036 1027 988 1017 1065 1113 1113 1038 1011 1055 1139 1161 1161 1204 1293 1528 2094 2448 2511 1819 1532 1408 1315 1142 1067 1028 1001 1010 1142 1025 859 971 966 1237 1235 1549 1943 1446 1125
-9999 -9999 -9999 -9999 -9999 -9999 -9999 -9999 -9999 -9999 -9999 -9999 -9999 -9999 -9999 -9999 -9999 -9999 -9999 -9999 -9999 -9999 -9999 -9999 -9999 -9999 -9999 957 967 1001 1013 943 924 999 1031 1077 1013 1014 1009 1003 1020 1027 1020 1085 1079 1014 1015 1056 1101 1158 1215 1269 1327 1525 2234 2506 2603 1979 1603 1533 1353 1236 1088 1025 984 967 985 1133 978 880 966 1058 1151 1267 1667 1780 1398 1329
-9999 -9999 -9999 -9999 -9999 -9999 -9999 -9999 -9999 -9999 -9999 -9999 -9999 -9999 -9999 -9999 -9999 -9999 -9999 -9999 -9999 -9999 -9999 -9999 -9999 -9999 -9999 -9999 -9999 924 906 919 962 965 1009 1053 969 1000 1011 1041 1051 1109 1117 1098 1140 1005 1081 1101 1180 1238 1260 1311 1428 1539 1944 1958 2431 1883 1656 1497 1291 1123 1042 985 939 917 936 1014 941 971 1061 1096 1244 1256 1403 1271 1188 -9999
-9999 -9999 -9999 -9999 -9999 -9999 -9999 -9999 -9999 -9999 -9999 -9999 -9999 -9999 -9999 -9999 -9999 -9999 -9999 -9999 -9999 -9999 -9999 -9999 -9999 -9999 -9999 -9999 -9999 -9999 902 923 951 980 989 959 961 979 1051 1134 1153 1139 1075 1063 1010 1055 1205 1244 1231 1301 1291 1368 1392 1513 1806 2425 2112 1759 1644 1458 1246 1097 1011 966 923 932 922 948 981 1002 1068 1210 1331 1385 1295 1146 -9999 -9999
-9999 -9999 -9999 -9999 -9999 -9999 -9999 -9999 -9999 -9999 -9999 -9999 -9999 -9999 -9999 -9999 -9999 -9999 -9999 -9999 -9999 -9999 -9999 -9999 -9999 -9999 -9999 -9999 -9999 -9999 -9999 912 925 920 951 962 970 1050 1092 1086 1089 1037 986 1032 1157 1234 1312 1275 1319 1289 1379 1355 1416 1545 2086 2060 1928 1797 1660 1439 1228 1099 1029 987 952 1005 898 940 1018 1186 1130 1233 1386 1383 1262 1275 -9999 -9999
-9999 -9999 -9999 -9999 -9999 -9999 -9999 -9999 -9999 -9999 -9999 -9999 -9999 -9999 -9999 -9999 -9999 -9999 -9999 -9999 -9999 -9999 -9999 -9999 -9999 -9999 -9999 -9999 -9999 -9999 -9999 -9999 904 919 933 957 988 1024 1058 1053 1020 965 1028 1106 1146 1171 1201 1287 1342 1294 1389 1354 1456 1778 1938 1990 1812 1715 1610 1397 1245 1126 1164 1031 1077 931 949 1019 1165 1228 1223 1276 1323 1440 1265 1194 -9999 -9999
-9999 -9999 -9999 -9999 -9999 -9999 -9999 -9999 -9999 -9999 -9999 -9999 -9999 -9999 -9999 -9999 -9999 -9999 -9999 -9999 -9999 -9999 -9999 -9999 -9999 -9999 -9999 -9999 -9999 -9999 -9999 -9999 -9999 919 929 950 976 998 1021 1008 959 999 1053 1101 1128 1130 1171 1249 1235 1359 1268 1344 1664 2009 2049 1784 1694 1543 1405 1300 1182 1318 1498 1327 1181 954 1021 1131 1231 1221 1301 1265 1431 1337 1198 1146 -9999 -9999
-9999 -9999 -9999 -9999 -9999 -9999 -9999 -9999 -9999 -9999 -9999 -9999 -9999 -9999 -9999 -9999 -9999 -9999 -9999 -9999 -9999 -9999 -9999 -9999 -9999 -9999 -9999 -9999 -9999 -9999 -9999 -9999 -9999 -9999 917 931 955 975 987 957 938 1009 1000 1062 1068 1073 1126 1218 1322 1246 1278 1554 1904 2027 1688 1552 1414 1363 1293 1208 1345 1436 1414 1073 934 900 914 989 1168 1217 1262 1246 1331 1266 1224 -9999 -9999 -9999
-9999 -9999 -9999 -9999 -9999 -9999 -9999 -9999 -9999 -9999 -9999 -9999 -9999 -9999 -9999 -9999 -9999 -9999 -9999 -9999 -9999 -9999 -9999 -9999 -9999 -9999 -9999 -9999 -9999 -9999 -9999 -9999 -9999 -9999 922 915 926 939 932 925 966 994 980 1035 1008 1052 1145 1257 1238 1235 1566 1961 1937 1666 1524 1400 1260 1280 1218 1290 1495 1383 1449 1196 1045 1014 965 974 1006 1078 1172 1219 1192 1241 -9999 -9999 -9999 -9999
-9999 -9999 -9999 -9999 -9999 -9999 -9999 -9999 -9999 -9999 -9999 -9999 -9999 -9999 -9999 -9999 -9999 -9999 -9999 -9999 -9999 -9999 -9999 -9999 -9999 -9999 -9999 -9999 -9999 -9999 -9999 -9999 -9999 -9999 -9999 910 911 909 909 911 944 996 953 946 968 1021 1146 1272 1184 1425 1944 1879 1661 1463 1332 1226 1143 1135 1155 1220 1295 1389 1346 1357 1208 1038 988 1005 1027 1136 1096 1105 1090 -9999 -9999 -9999 -9999 -9999
-9999 -9999 -9999 -9999 -9999 -9999 -9999 -9999 -9999 -9999 -9999 -9999 -9999 -9999 -9999 -9999 -9999 -9999 -9999 -9999 -9999 -9999 -9999 -9999 -9999 -9999 -9999 -9999 -9999 -9999 -9999 -9999 -9999 -9999 -9999 903 902 915 925 906 923 945 916 918 937 1014 1174 1230 1211 1565 1773 1499 1396 1336 1194 1172 1213 1298 1293 1236 1444 1415 1510 1435 1292 1067 1028 1038 1226 1143 1036 -9999 -9999 -9999 -9999 -9999 -9999 -9999
