Electronic Materials (Flash Drives)/data/NZclimate/2050/miroc_4_2050/bio13nz.asc
ncols         384
nrows         384
xllcorner     164
yllcorner     -49
cellsize      0.041666666666667
NODATA_value  -9999
[rows 105 to 139 of 384, columns 240 to 319 of 384]
-9999 -9999 -9999 -9999 -9999 -9999 -9999 -9999 -9999 -9999 -9999 -9999 -9999 -9999 -9999 -9999 137 149 169 162 156 146 140 140 133 127 126 122 122 129 133 150 191 184 133 118 119 123 129 138 163 261 243 243 236 259 237 -9999 -9999 -9999 -9999 -9999 -9999 -9999 -9999 -9999 -9999 -9999 -9999 -9999 -9999 -9999 -9999 -9999 -9999 -9999 -9999 -9999 -9999 -9999 -9999 -9999 -9999 -9999 -9999 -9999 -9999 -9999 -9999 -9999
-9999 -9999 -9999 -9999 -9999 -9999 -9999 -9999 -9999 -9999 -9999 -9999 -9999 -9999 -9999 -9999 143 151 162 160 157 150 150 137 132 127 123 121 121 128 146 144 167 201 190 133 117 121 127 148 197 247 225 238 243 247 213 204 -9999 -9999 -9999 -9999 -9999 -9999 -9999 -9999 -9999 -9999 -9999 -9999 -9999 -9999 -9999 -9999 -9999 -9999 -9999 -9999 -9999 -9999 -9999 -9999 -9999 -9999 -9999 -9999 -9999 -9999 -9999 -9999
-9999 -9999 -9999 -9999 -9999 -9999 -9999 -9999 -9999 -9999 -9999 -9999 -9999 -9999 -9999 -9999 -9999 149 148 147 156 149 147 138 132 127 125 123 123 124 130 136 197 164 154 139 116 118 124 132 166 268 267 303 277 254 204 201 206 -9999 -9999 -9999 -9999 -9999 -9999 -9999 -9999 -9999 -9999 -9999 -9999 -9999 -9999 -9999 -9999 -9999 -9999 -9999 -9999 -9999 -9999 -9999 -9999 -9999 -9999 -9999 -9999 -9999 -9999 -9999
-9999 -9999 -9999 -9999 -9999 -9999 -9999 -9999 -9999 -9999 -9999 -9999 -9999 -9999 -9999 -9999 -9999 141 144 157 159 154 145 138 138 131 130 128 128 136 126 123 128 124 126 130 114 116 121 130 147 273 318 311 273 221 201 197 200 198 -9999 -9999 -9999 -9999 -9999 -9999 -9999 -9999 -9999 -9999 -9999 -9999 -9999 -9999 -9999 -9999 -9999 -9999 -9999 -9999 -9999 -9999 -9999 -9999 -9999 180 197 -9999 -9999 -9999
-9999 -9999 -9999 -9999 -9999 -9999 -9999 -9999 -9999 -9999 -9999 -9999 -9999 -9999 -9999 -9999 -9999 -9999 151 159 159 157 143 148 157 140 132 132 140 131 125 123 122 123 143 137 114 114 118 129 145 188 231 320 268 206 193 192 194 193 194 -9999 -9999 -9999 -9999 -9999 -9999 -9999 -9999 -9999 -9999 -9999 -9999 -9999 -9999 -9999 -9999 -9999 -9999 -9999 -9999 -9999 -9999 -9999 -9999 -9999 -9999 -9999 -9999 -9999
-9999 -9999 -9999 -9999 -9999 -9999 -9999 -9999 -9999 -9999 -9999 -9999 -9999 -9999 -9999 -9999 -9999 -9999 152 150 156 154 153 164 170 151 146 152 140 129 128 124 123 121 125 122 116 113 117 129 144 161 178 235 265 209 191 188 188 190 186 182 -9999 -9999 -9999 -9999 -9999 186 196 -9999 -9999 -9999 -9999 -9999 -9999 -9999 -9999 -9999 -9999 -9999 -9999 -9999 -9999 -9999 -9999 -9999 -9999 -9999 -9999 -9999
-9999 -9999 -9999 -9999 -9999 -9999 -9999 -9999 -9999 -9999 -9999 -9999 -9999 -9999 -9999 -9999 -9999 -9999 -9999 150 149 152 161 161 161 165 165 153 135 132 130 126 124 123 122 121 121 118 120 127 141 157 173 209 289 234 203 191 187 182 179 176 174 172 -9999 -9999 -9999 190 195 -9999 -9999 -9999 -9999 -9999 -9999 -9999 -9999 -9999 -9999 -9999 -9999 -9999 -9999 -9999 -9999 -9999 -9999 -9999 -9999 -9999
-9999 -9999 -9999 -9999 -9999 -9999 -9999 -9999 -9999 -9999 -9999 -9999 -9999 -9999 -9999 -9999 -9999 -9999 -9999 154 149 151 158 157 169 179 166 143 138 134 131 128 125 124 123 123 130 123 129 133 141 153 166 174 270 273 243 222 202 187 179 177 170 172 177 180 -9999 -9999 -9999 -9999 -9999 -9999 -9999 -9999 -9999 -9999 -9999 -9999 -9999 -9999 -9999 -9999 -9999 -9999 -9999 -9999 -9999 -9999 -9999 -9999
-9999 -9999 -9999 -9999 -9999 -9999 -9999 -9999 -9999 -9999 -9999 -9999 -9999 -9999 -9999 -9999 -9999 -9999 -9999 151 151 157 150 153 173 184 154 141 140 136 132 128 126 125 125 141 136 130 133 137 145 151 160 167 191 276 268 254 238 214 182 178 184 192 201 180 181 180 -9999 175 -9999 -9999 -9999 -9999 -9999 -9999 -9999 -9999 -9999 -9999 -9999 -9999 -9999 -9999 -9999 -9999 -9999 -9999 -9999 -9999
-9999 -9999 -9999 -9999 -9999 -9999 -9999 -9999 -9999 -9999 -9999 -9999 -9999 -9999 -9999 -9999 -9999 -9999 -9999 -9999 157 149 143 155 194 187 151 145 141 138 134 129 128 127 127 136 155 157 143 144 150 151 156 161 169 269 275 258 236 188 194 200 236 245 223 183 179 177 175 176 172 -9999 -9999 -9999 -9999 -9999 -9999 -9999 -9999 -9999 -9999 -9999 -9999 -9999 -9999 -9999 -9999 -9999 -9999 -9999
-9999 -9999 -9999 -9999 -9999 -9999 -9999 -9999 -9999 -9999 -9999 -9999 -9999 -9999 -9999 -9999 -9999 -9999 144 156 150 151 149 154 181 187 164 146 144 141 135 130 128 128 128 141 171 173 191 162 157 153 153 158 171 254 275 231 224 218 224 237 266 281 234 208 190 178 173 171 172 171 171 -9999 -9999 -9999 -9999 -9999 -9999 -9999 -9999 -9999 -9999 -9999 -9999 -9999 -9999 -9999 -9999 -9999
-9999 -9999 -9999 -9999 -9999 -9999 -9999 -9999 -9999 -9999 -9999 -9999 -9999 -9999 -9999 -9999 -9999 -9999 212 222 175 168 179 190 165 187 187 151 147 145 139 132 128 128 129 130 154 163 181 189 163 151 153 156 162 211 268 234 227 234 247 258 267 259 253 229 202 183 178 179 180 183 175 170 170 162 -9999 -9999 -9999 -9999 -9999 161 -9999 -9999 -9999 -9999 -9999 -9999 -9999 -9999
-9999 -9999 -9999 -9999 -9999 -9999 -9999 -9999 -9999 -9999 -9999 -9999 -9999 -9999 -9999 -9999 -9999 -9999 171 184 179 197 212 240 183 185 173 154 149 145 141 134 131 130 130 132 133 145 162 159 153 151 153 157 161 184 252 253 246 251 256 261 268 268 262 237 204 198 197 199 197 194 194 185 195 205 164 157 155 155 -9999 -9999 -9999 -9999 -9999 -9999 -9999 -9999 -9999 -9999
-9999 -9999 -9999 -9999 -9999 -9999 -9999 -9999 -9999 -9999 -9999 -9999 -9999 -9999 -9999 -9999 -9999 -9999 158 161 160 185 194 223 212 223 199 170 153 149 143 138 136 134 132 134 149 138 147 154 156 156 154 157 163 188 253 249 255 258 269 265 262 256 248 229 216 219 220 211 218 210 203 206 230 188 162 158 155 156 161 165 171 -9999 -9999 -9999 -9999 -9999 -9999 -9999
-9999 -9999 -9999 -9999 -9999 -9999 -9999 -9999 -9999 -9999 -9999 -9999 -9999 -9999 -9999 -9999 -9999 -9999 168 157 148 169 209 241 245 278 289 231 160 151 148 143 139 136 133 136 163 155 160 151 158 164 156 157 167 187 225 254 259 261 262 257 253 245 239 237 229 238 240 238 253 251 249 261 247 185 167 165 163 163 166 172 188 175 174 173 175 170 166 168
-9999 -9999 -9999 -9999 -9999 -9999 -9999 -9999 -9999 -9999 -9999 -9999 -9999 -9999 -9999 -9999 -9999 -9999 148 157 159 189 210 206 241 282 278 235 173 153 149 145 142 140 139 164 185 242 205 157 158 168 159 159 169 185 208 237 252 254 253 249 237 233 234 233 229 235 247 263 266 273 273 263 209 179 175 174 173 183 181 179 203 184 181 177 175 175 168 169
-9999 -9999 -9999 -9999 -9999 -9999 -9999 -9999 -9999 -9999 -9999 -9999 -9999 -9999 -9999 -9999 -9999 -9999 152 156 151 154 167 196 236 251 232 187 159 161 158 148 142 141 143 155 181 190 172 156 158 160 161 163 171 187 210 232 240 245 242 225 206 199 201 204 221 241 247 261 274 268 262 218 190 186 181 177 191 196 187 184 195 199 198 187 186 195 174 172
-9999 -9999 -9999 -9999 -9999 -9999 -9999 -9999 -9999 -9999 -9999 -9999 -9999 -9999 -9999 -9999 154 196 152 149 152 161 166 203 231 228 208 184 167 161 152 151 150 141 142 150 161 162 160 161 161 163 165 167 173 182 198 220 233 238 236 209 226 191 188 192 228 253 252 274 261 252 250 209 189 207 192 186 200 188 187 188 195 200 200 193 198 229 191 203
-9999 -9999 -9999 -9999 -9999 -9999 -9999 -9999 -9999 -9999 -9999 -9999 -9999 -9999 -9999 -9999 170 174 178 161 173 206 195 225 241 213 191 190 169 157 155 156 154 146 151 157 155 161 165 160 169 168 168 169 172 183 190 195 221 235 240 214 198 180 182 200 224 212 249 279 221 200 189 183 195 207 206 192 212 193 187 189 199 200 197 199 208 243 210 229
-9999 -9999 -9999 -9999 -9999 -9999 -9999 -9999 -9999 -9999 -9999 -9999 -9999 -9999 -9999 -9999 153 174 196 226 204 227 215 250 258 223 213 204 163 156 153 153 149 158 158 160 159 167 173 175 170 175 174 175 175 183 194 204 221 238 245 226 204 188 186 219 210 191 195 212 221 205 197 196 214 214 202 187 207 210 203 193 208 207 201 228 226 272 217 219
-9999 -9999 -9999 -9999 -9999 -9999 -9999 -9999 -9999 -9999 -9999 -9999 -9999 -9999 -9999 -9999 -9999 195 213 229 236 244 242 258 249 220 196 172 159 152 152 151 167 160 168 177 182 177 195 187 172 180 184 181 177 179 184 197 212 225 215 212 184 177 185 193 209 189 183 233 274 232 209 207 216 208 190 176 191 226 243 208 218 235 209 242 228 256 227 216
-9999 -9999 -9999 -9999 -9999 -9999 -9999 -9999 -9999 -9999 -9999 -9999 -9999 -9999 -9999 -9999 -9999 206 188 205 221 234 238 238 238 204 184 166 160 163 164 185 168 165 183 196 197 194 198 182 168 176 184 187 178 179 183 188 197 200 185 186 166 167 180 204 198 180 175 185 203 203 202 203 202 191 177 173 203 229 240 222 206 228 204 243 246 276 235 220
-9999 -9999 -9999 -9999 -9999 -9999 -9999 -9999 -9999 -9999 -9999 -9999 -9999 -9999 -9999 -9999 163 194 226 243 251 247 244 243 234 210 184 166 174 176 183 196 167 185 226 221 219 210 190 176 164 167 175 175 170 176 190 173 164 169 166 160 156 155 160 174 185 172 171 178 182 185 184 189 187 172 160 170 217 231 237 200 194 208 213 218 229 287 262 220
-9999 -9999 -9999 -9999 -9999 -9999 -9999 -9999 -9999 -9999 -9999 -9999 -9999 -9999 -9999 168 234 206 256 267 257 251 247 246 234 208 172 180 175 188 191 187 178 210 251 261 248 219 188 170 165 164 159 153 164 195 185 156 151 150 164 158 147 161 176 170 158 157 170 179 183 179 180 178 171 156 148 155 244 240 228 199 196 219 227 239 251 301 253 241
-9999 -9999 -9999 -9999 -9999 -9999 -9999 -9999 -9999 -9999 -9999 -9999 -9999 -9999 -9999 190 241 241 280 273 260 252 247 242 227 209 191 181 184 179 179 178 186 204 226 234 247 218 189 172 163 157 151 160 190 192 153 150 148 147 152 150 156 186 187 146 142 148 164 172 179 178 172 170 154 143 142 149 231 245 219 199 195 226 226 235 288 288 248 254
-9999 -9999 -9999 -9999 -9999 -9999 -9999 -9999 -9999 -9999 -9999 -9999 -9999 -9999 -9999 209 238 266 280 272 261 253 243 234 216 192 189 181 182 182 181 179 196 196 207 208 217 214 200 181 164 154 152 152 166 156 151 150 178 158 159 148 165 169 149 138 137 145 163 171 177 174 164 155 144 141 148 224 212 233 196 212 203 240 225 252 290 267 259 264
-9999 -9999 -9999 -9999 -9999 -9999 -9999 -9999 -9999 -9999 -9999 -9999 -9999 -9999 -9999 202 221 257 287 264 258 249 231 224 198 193 190 180 176 174 176 178 183 183 190 195 209 208 206 192 173 165 162 164 183 172 164 160 191 182 177 143 147 150 138 133 134 142 156 168 173 167 158 155 144 145 173 263 215 239 214 211 220 234 257 253 302 300 281 281
-9999 -9999 -9999 -9999 -9999 -9999 -9999 -9999 -9999 -9999 -9999 -9999 -9999 -9999 -9999 206 248 272 294 254 245 229 225 215 192 190 182 186 190 186 187 176 174 199 188 190 204 211 230 229 234 187 167 170 178 179 167 168 185 174 156 146 135 133 135 130 132 146 159 167 163 157 159 155 164 163 183 223 227 224 211 206 250 245 244 259 325 332 323 299
-9999 -9999 -9999 -9999 -9999 -9999 -9999 -9999 -9999 -9999 -9999 -9999 -9999 -9999 -9999 202 246 260 282 249 214 196 195 191 183 182 176 173 183 187 184 178 186 179 173 196 203 216 268 266 211 181 172 175 192 200 180 178 172 168 153 140 137 133 132 130 140 161 178 167 154 152 155 161 178 180 180 227 255 249 240 215 249 258 249 303 315 309 299 283
-9999 -9999 -9999 -9999 -9999 -9999 -9999 -9999 -9999 -9999 -9999 -9999 -9999 -9999 166 214 226 241 209 206 206 180 179 186 178 176 189 170 172 188 182 163 151 154 167 180 192 236 273 249 206 177 173 179 186 180 186 181 165 152 143 138 133 132 128 132 159 176 181 168 158 160 158 186 179 176 177 220 224 241 219 229 274 295 318 342 315 284 279 281
-9999 -9999 -9999 -9999 -9999 -9999 -9999 -9999 -9999 -9999 -9999 -9999 -9999 -9999 164 193 209 220 229 251 241 182 194 185 196 199 193 185 190 197 171 151 152 161 176 179 226 278 282 238 200 183 170 168 166 162 156 172 166 148 138 142 134 132 138 160 170 177 176 171 169 170 180 195 181 173 203 226 243 232 220 243 295 307 341 326 294 283 277 230
-9999 -9999 -9999 -9999 -9999 -9999 -9999 -9999 -9999 -9999 -9999 -9999 -9999 -9999 165 188 183 183 205 198 219 200 217 214 210 184 188 178 177 168 161 160 164 184 192 217 240 260 216 193 182 178 160 149 145 145 160 153 151 135 139 175 146 145 157 179 179 174 174 177 180 188 204 198 183 214 254 260 263 241 277 306 308 277 324 323 323 296 274 235
-9999 -9999 -9999 -9999 -9999 -9999 -9999 -9999 -9999 -9999 -9999 -9999 -9999 -9999 167 184 197 209 221 225 209 218 224 211 198 179 172 170 164 165 157 156 150 179 228 257 283 241 218 198 186 167 146 144 143 141 138 140 138 132 142 157 162 161 180 180 177 174 177 185 196 208 227 204 200 251 249 246 227 252 295 293 275 257 279 295 282 279 269 233
-9999 -9999 -9999 -9999 -9999 -9999 -9999 -9999 -9999 -9999 -9999 -9999 -9999 -9999 183 198 197 205 224 247 255 249 232 197 189 169 166 164 177 160 164 164 154 179 250 267 257 273 257 220 183 159 146 147 144 142 140 138 135 133 141 150 169 183 183 179 181 181 185 193 212 221 239 216 233 260 240 266 241 277 260 261 244 247 243 258 278 247 209 214
-9999 -9999 -9999 -9999 -9999 -9999 -9999 -9999 -9999 -9999 -9999 -9999 -9999 166 178 189 196 218 244 261 262 246 219 195 178 181 200 195 184 154 160 151 145 173 176 191 232 281 279 235 186 175 174 162 146 144 142 139 137 144 144 154 175 189 189 183 185 190 192 204 220 229 248 244 260 277 281 280 209 256 244 259 270 282 247 214 220 211 201 198
