Electronic Materials (Flash Drives)/data/NZclimate/2050/miroc_4_2050/bio13nz.asc
ncols         384
nrows         384
xllcorner     164
yllcorner     -49
cellsize      0.041666666666667
NODATA_value  -9999
[rows 245 to 279 of 384, columns 80 to 159 of 384]
-9999 -9999 -9999 -9999 -9999 -9999 -9999 -9999 -9999 -9999 -9999 -9999 -9999 -9999 -9999 -9999 -9999 -9999 -9999 -9999 -9999 -9999 -9999 -9999 -9999 -9999 -9999 -9999 -9999 -9999 -9999 -9999 -9999 -9999 -9999 -9999 -9999 -9999 -9999 -9999 -9999 -9999 -9999 -9999 -9999 -9999 -9999 -9999 -9999 -9999 -9999 -9999 -9999 -9999 -9999 -9999 -9999 -9999 -9999 -9999 -9999 -9999 -9999 -9999 -9999 -9999 451 451 443 437 436 425 414 400 383 366 354 353 348 335
-9999 -9999 -9999 -9999 -9999 -9999 -9999 -9999 -9999 -9999 -9999 -9999 -9999 -9999 -9999 -9999 -9999 -9999 -9999 -9999 -9999 -9999 -9999 -9999 -9999 -9999 -9999 -9999 -9999 -9999 -9999 -9999 -9999 -9999 -9999 -9999 -9999 -9999 -9999 -9999 -9999 -9999 -9999 -9999 -9999 -9999 -9999 -9999 -9999 -9999 -9999 -9999 -9999 -9999 -9999 -9999 -9999 -9999 -9999 -9999 -9999 -9999 -9999 -9999 -9999 459 454 453 448 439 432 433 430 415 368 366 380 344 341 364
-9999 -9999 -9999 -9999 -9999 -9999 -9999 -9999 -9999 -9999 -9999 -9999 -9999 -9999 -9999 -9999 -9999 -9999 -9999 -9999 -9999 -9999 -9999 -9999 -9999 -9999 -9999 -9999 -9999 -9999 -9999 -9999 -9999 -9999 -9999 -9999 -9999 -9999 -9999 -9999 -9999 -9999 -9999 -9999 -9999 -9999 -9999 -9999 -9999 -9999 -9999 -9999 -9999 -9999 -9999 -9999 -9999 -9999 -9999 -9999 -9999 -9999 -9999 -9999 459 457 450 446 438 424 405 402 380 369 357 346 332 320 357 386
-9999 -9999 -9999 -9999 -9999 -9999 -9999 -9999 -9999 -9999 -9999 -9999 -9999 -9999 -9999 -9999 -9999 -9999 -9999 -9999 -9999 -9999 -9999 -9999 -9999 -9999 -9999 -9999 -9999 -9999 -9999 -9999 -9999 -9999 -9999 -9999 -9999 -9999 -9999 -9999 -9999 -9999 -9999 -9999 -9999 -9999 -9999 -9999 -9999 -9999 -9999 -9999 -9999 -9999 -9999 -9999 -9999 -9999 -9999 -9999 -9999 -9999 465 465 461 458 445 434 427 404 394 385 375 354 340 323 311 312 310 342
-9999 -9999 -9999 -9999 -9999 -9999 -9999 -9999 -9999 -9999 -9999 -9999 -9999 -9999 -9999 -9999 -9999 -9999 -9999 -9999 -9999 -9999 -9999 -9999 -9999 -9999 -9999 -9999 -9999 -9999 -9999 -9999 -9999 -9999 -9999 -9999 -9999 -9999 -9999 -9999 -9999 -9999 -9999 -9999 -9999 -9999 -9999 -9999 -9999 -9999 -9999 -9999 -9999 -9999 -9999 -9999 -9999 -9999 -9999 491 487 484 475 471 462 448 438 422 408 398 385 387 374 339 325 328 361 320 319 348
-9999 -9999 -9999 -9999 -9999 -9999 -9999 -9999 -9999 -9999 -9999 -9999 -9999 -9999 -9999 -9999 -9999 -9999 -9999 -9999 -9999 -9999 -9999 -9999 -9999 -9999 -9999 -9999 -9999 -9999 -9999 -9999 -9999 -9999 -9999 -9999 -9999 -9999 -9999 -9999 -9999 -9999 -9999 -9999 -9999 -9999 -9999 -9999 -9999 -9999 -9999 -9999 -9999 -9999 -9999 -9999 -9999 -9999 497 490 487 475 465 457 447 438 429 413 396 385 373 367 364 338 329 381 358 341 363 328
-9999 -9999 -9999 -9999 -9999 -9999 -9999 -9999 -9999 -9999 -9999 -9999 -9999 -9999 -9999 -9999 -9999 -9999 -9999 -9999 -9999 -9999 -9999 -9999 -9999 -9999 -9999 -9999 -9999 -9999 -9999 -9999 -9999 -9999 -9999 -9999 -9999 -9999 -9999 -9999 -9999 -9999 -9999 -9999 -9999 -9999 -9999 -9999 -9999 -9999 -9999 -9999 -9999 -9999 -9999 -9999 -9999 495 492 479 466 457 446 438 436 430 409 394 393 410 389 422 360 372 344 316 305 365 362 297
-9999 -9999 -9999 -9999 -9999 -9999 -9999 -9999 -9999 -9999 -9999 -9999 -9999 -9999 -9999 -9999 -9999 -9999 -9999 -9999 -9999 -9999 -9999 -9999 -9999 -9999 -9999 -9999 -9999 -9999 -9999 -9999 -9999 -9999 -9999 -9999 -9999 -9999 -9999 -9999 -9999 -9999 -9999 -9999 -9999 -9999 -9999 -9999 -9999 -9999 -9999 -9999 -9999 -9999 -9999 -9999 497 491 479 467 453 466 458 446 423 410 397 400 441 425 421 393 425 365 385 273 305 357 325 323
-9999 -9999 -9999 -9999 -9999 -9999 -9999 -9999 -9999 -9999 -9999 -9999 -9999 -9999 -9999 -9999 -9999 -9999 -9999 -9999 -9999 -9999 -9999 -9999 -9999 -9999 -9999 -9999 -9999 -9999 -9999 -9999 -9999 -9999 -9999 -9999 -9999 -9999 -9999 -9999 -9999 -9999 -9999 -9999 -9999 -9999 -9999 -9999 -9999 -9999 -9999 -9999 -9999 -9999 513 507 495 484 471 451 472 443 424 444 429 405 384 462 436 350 374 411 345 348 331 254 310 348 268 332
-9999 -9999 -9999 -9999 -9999 -9999 -9999 -9999 -9999 -9999 -9999 -9999 -9999 -9999 -9999 -9999 -9999 -9999 -9999 -9999 -9999 -9999 -9999 -9999 -9999 -9999 -9999 -9999 -9999 -9999 -9999 -9999 -9999 -9999 -9999 -9999 -9999 -9999 -9999 -9999 -9999 -9999 -9999 -9999 -9999 -9999 -9999 -9999 -9999 -9999 598 593 561 543 513 502 486 485 467 455 442 438 417 399 387 376 408 450 355 342 387 312 340 385 329 232 271 336 249 306
-9999 -9999 -9999 -9999 -9999 -9999 -9999 -9999 -9999 -9999 -9999 -9999 -9999 -9999 -9999 -9999 -9999 -9999 -9999 -9999 -9999 -9999 -9999 -9999 -9999 -9999 -9999 -9999 -9999 -9999 -9999 -9999 -9999 -9999 -9999 -9999 -9999 -9999 -9999 -9999 -9999 -9999 -9999 -9999 -9999 -9999 -9999 -9999 616 608 601 567 565 537 509 490 476 456 430 436 438 412 399 397 396 364 361 362 338 320 313 346 359 300 329 215 261 288 235 209
-9999 -9999 -9999 -9999 -9999 -9999 -9999 -9999 -9999 -9999 -9999 -9999 -9999 -9999 -9999 -9999 -9999 -9999 -9999 -9999 -9999 -9999 -9999 -9999 -9999 -9999 -9999 -9999 -9999 -9999 -9999 -9999 -9999 -9999 -9999 -9999 -9999 -9999 -9999 -9999 -9999 -9999 -9999 -9999 -9999 590 599 601 605 585 607 570 548 504 497 466 441 432 431 407 418 398 384 379 410 380 353 336 324 346 351 350 334 266 325 250 168 194 169 237
-9999 -9999 -9999 -9999 -9999 -9999 -9999 -9999 -9999 -9999 -9999 -9999 -9999 -9999 -9999 -9999 -9999 -9999 -9999 -9999 -9999 -9999 -9999 -9999 -9999 -9999 -9999 -9999 -9999 -9999 -9999 -9999 -9999 -9999 -9999 -9999 -9999 -9999 -9999 -9999 -9999 -9999 -9999 565 577 583 585 570 559 588 554 549 514 462 445 459 445 416 403 397 385 383 364 371 371 341 366 309 300 334 285 332 330 247 306 298 162 143 159 245
-9999 -9999 -9999 -9999 -9999 -9999 -9999 -9999 -9999 -9999 -9999 -9999 -9999 -9999 -9999 -9999 -9999 -9999 -9999 -9999 -9999 -9999 -9999 -9999 -9999 -9999 -9999 -9999 -9999 -9999 -9999 -9999 -9999 -9999 -9999 -9999 -9999 -9999 -9999 -9999 -9999 -9999 544 554 558 547 556 553 553 514 464 490 515 467 440 426 402 399 391 380 371 362 356 359 352 355 301 269 307 285 287 334 299 225 294 261 159 130 154 230
-9999 -9999 -9999 -9999 -9999 -9999 -9999 -9999 -9999 -9999 -9999 -9999 -9999 -9999 -9999 -9999 -9999 -9999 -9999 -9999 -9999 -9999 -9999 -9999 -9999 -9999 -9999 -9999 -9999 -9999 -9999 -9999 -9999 -9999 -9999 -9999 -9999 -9999 -9999 -9999 -9999 523 530 534 541 538 514 499 502 488 472 454 460 437 404 401 396 382 374 359 353 352 342 330 336 315 261 226 265 242 308 308 255 197 234 212 127 120 139 193
-9999 -9999 -9999 -9999 -9999 -9999 -9999 -9999 -9999 -9999 -9999 -9999 -9999 -9999 -9999 -9999 -9999 -9999 -9999 -9999 -9999 -9999 -9999 -9999 -9999 -9999 -9999 -9999 -9999 -9999 -9999 -9999 -9999 -9999 -9999 -9999 -9999 -9999 -9999 497 504 507 508 512 504 493 497 484 458 436 429 412 416 406 393 386 374 360 345 356 353 334 342 301 341 296 229 186 194 230 265 283 223 220 134 122 112 112 139 235
-9999 -9999 -9999 -9999 -9999 -9999 -9999 -9999 -9999 -9999 -9999 -9999 -9999 -9999 -9999 -9999 -9999 -9999 -9999 -9999 -9999 -9999 -9999 -9999 -9999 -9999 -9999 -9999 -9999 -9999 -9999 -9999 -9999 -9999 -9999 -9999 -9999 480 483 483 483 483 485 486 491 475 464 468 426 419 426 407 421 405 388 369 350 338 347 334 316 313 313 278 352 307 212 157 158 194 207 197 174 145 121 105 102 107 148 232
-9999 -9999 -9999 -9999 -9999 -9999 -9999 -9999 -9999 -9999 -9999 -9999 -9999 -9999 -9999 -9999 -9999 -9999 -9999 -9999 -9999 -9999 -9999 -9999 -9999 -9999 -9999 -9999 -9999 -9999 -9999 -9999 -9999 -9999 -9999 461 464 464 462 460 459 458 453 458 463 454 456 449 437 424 429 411 400 382 365 351 338 342 336 309 295 329 261 267 332 279 208 134 123 147 159 148 135 118 103 95 92 105 172 238
-9999 -9999 -9999 -9999 -9999 -9999 -9999 -9999 -9999 -9999 -9999 -9999 -9999 -9999 -9999 -9999 -9999 -9999 -9999 -9999 -9999 -9999 -9999 -9999 -9999 -9999 -9999 -9999 489 477 475 463 459 453 450 448 445 440 439 446 441 443 440 431 434 434 418 425 423 410 402 389 372 359 349 340 342 317 321 273 297 326 216 273 304 305 212 117 107 107 116 117 110 107 91 88 86 100 155 165
-9999 -9999 -9999 -9999 -9999 -9999 -9999 -9999 -9999 -9999 -9999 -9999 -9999 -9999 -9999 -9999 -9999 -9999 -9999 -9999 -9999 -9999 -9999 -9999 517 506 483 474 467 461 454 448 443 439 431 426 422 433 431 430 431 424 416 424 422 424 431 428 420 404 392 368 353 347 333 317 333 306 291 239 298 247 200 268 293 278 204 106 97 93 94 100 93 86 79 77 84 114 175 122
-9999 -9999 -9999 -9999 -9999 -9999 -9999 -9999 -9999 -9999 -9999 -9999 -9999 -9999 -9999 -9999 -9999 -9999 -9999 -9999 -9999 -9999 -9999 516 509 497 487 469 449 442 437 428 422 417 416 422 408 414 419 411 417 411 414 404 417 398 409 373 375 401 362 345 338 331 308 315 326 301 301 225 210 176 237 267 263 219 178 97 90 84 82 81 76 75 74 73 76 87 103 100
-9999 -9999 -9999 -9999 -9999 -9999 -9999 -9999 -9999 -9999 -9999 -9999 -9999 -9999 -9999 -9999 -9999 -9999 -9999 -9999 -9999 -9999 508 480 476 455 444 440 445 425 419 413 409 398 411 393 389 401 400 396 393 393 386 381 387 384 364 363 391 347 341 331 324 306 300 317 302 283 281 209 159 174 280 254 201 136 126 89 83 79 78 73 71 70 70 71 73 76 84 81
-9999 -9999 -9999 -9999 -9999 -9999 -9999 -9999 -9999 -9999 -9999 -9999 -9999 -9999 -9999 -9999 -9999 -9999 -9999 -9999 -9999 516 491 460 441 432 425 417 417 406 401 398 388 380 384 379 388 382 376 382 376 374 374 370 358 357 370 367 350 336 328 320 301 293 317 275 301 281 238 180 139 176 251 189 122 99 90 83 78 74 78 69 68 68 68 69 70 74 111 78
-9999 -9999 -9999 -9999 -9999 -9999 -9999 -9999 -9999 -9999 -9999 -9999 -9999 -9999 -9999 -9999 -9999 -9999 -9999 531 488 487 465 445 427 416 415 406 395 396 397 376 366 377 357 372 374 377 370 369 362 357 356 348 345 341 337 329 324 321 305 295 279 298 286 251 274 263 221 171 125 167 230 143 98 87 82 77 73 70 68 67 66 66 66 67 68 72 94 79
-9999 -9999 -9999 -9999 -9999 -9999 -9999 -9999 -9999 -9999 -9999 -9999 -9999 -9999 -9999 -9999 -9999 564 538 490 456 440 441 411 400 397 397 384 383 379 363 356 356 370 339 369 387 363 355 355 332 328 339 333 320 297 325 312 316 297 292 263 292 282 235 259 283 235 262 149 114 155 189 123 86 80 76 72 70 67 65 66 64 64 64 66 67 70 111 82
-9999 -9999 -9999 -9999 -9999 -9999 -9999 -9999 -9999 -9999 -9999 -9999 -9999 -9999 -9999 -9999 -9999 554 510 451 426 410 415 395 387 383 383 385 374 353 346 340 332 334 330 331 366 329 328 322 330 326 302 293 259 297 309 295 292 292 257 249 284 250 218 282 238 261 237 139 106 120 106 84 79 74 71 68 67 65 63 63 63 67 63 82 111 76 134 95
-9999 -9999 -9999 -9999 -9999 -9999 -9999 -9999 -9999 -9999 -9999 -9999 -9999 -9999 -9999 587 573 556 541 521 492 454 406 378 377 365 376 369 344 336 327 349 311 355 313 347 338 344 321 315 310 310 304 269 241 297 303 297 273 248 216 261 245 247 201 222 209 245 236 140 104 91 85 80 75 70 78 66 64 64 63 62 60 60 72 109 168 104 130 81
-9999 -9999 -9999 -9999 -9999 -9999 -9999 -9999 -9999 -9999 -9999 -9999 -9999 -9999 -9999 588 545 435 452 414 434 409 374 364 362 368 367 335 328 339 356 315 330 351 341 368 304 336 302 301 289 273 255 211 241 284 288 277 254 204 215 253 215 248 210 163 191 209 169 126 96 85 78 76 68 70 137 101 63 63 62 61 61 60 72 86 152 125 73 72
-9999 -9999 -9999 -9999 -9999 -9999 -9999 -9999 -9999 -9999 -9999 -9999 -9999 585 574 494 540 494 428 374 380 415 359 358 382 353 335 319 321 321 342 320 344 386 328 280 291 325 316 286 302 275 205 182 204 273 257 230 206 170 211 198 210 236 194 165 145 153 202 134 87 78 77 69 81 102 195 101 61 62 60 59 60 75 67 85 95 74 70 74
-9999 -9999 -9999 -9999 -9999 -9999 -9999 -9999 -9999 -9999 -9999 -9999 605 525 503 482 465 485 374 369 376 395 358 358 388 375 324 316 336 365 369 331 301 369 301 249 303 315 287 292 291 257 184 161 180 193 182 160 154 166 184 206 224 228 178 159 127 135 168 118 76 75 67 65 65 95 161 120 63 60 59 78 74 116 91 75 89 83 70 75
-9999 -9999 -9999 -9999 -9999 -9999 -9999 -9999 -9999 -9999 -9999 625 552 442 503 421 369 489 356 352 411 344 329 344 373 342 331 371 341 357 332 284 274 286 266 214 219 259 305 273 245 252 175 142 210 182 135 147 210 220 224 210 212 174 169 190 142 125 127 90 73 67 64 63 62 61 98 124 60 63 71 110 100 168 135 112 159 118 71 75
-9999 -9999 -9999 -9999 -9999 -9999 -9999 -9999 -9999 -9999 -9999 621 497 445 385 374 360 481 353 395 348 334 343 358 330 305 295 290 300 309 357 340 278 256 266 300 242 173 242 311 247 172 139 142 205 150 117 141 158 160 178 180 180 144 133 174 126 108 124 76 69 65 64 96 77 59 65 65 58 62 94 64 87 113 89 89 157 91 71 75
-9999 -9999 -9999 -9999 -9999 -9999 -9999 -9999 -9999 -9999 600 547 390 380 365 357 358 368 463 374 330 349 321 325 276 329 348 312 291 329 329 295 269 310 273 295 252 154 198 254 186 122 119 179 186 139 101 113 186 180 189 195 149 115 118 136 123 183 136 81 68 84 74 97 93 62 57 60 58 63 69 59 64 63 74 110 128 68 71 74
-9999 -9999 -9999 -9999 -9999 -9999 -9999 -9999 511 479 509 428 372 356 348 343 363 341 442 325 308 335 305 294 276 366 304 246 296 331 281 237 287 248 251 291 260 166 131 129 128 108 126 107 120 139 88 97 160 167 149 129 110 117 125 131 190 182 177 110 77 88 141 109 92 62 60 60 58 58 58 59 59 61 76 101 69 67 69 72
-9999 -9999 -9999 -9999 -9999 -9999 520 486 424 386 429 354 361 381 340 344 316 326 383 306 316 310 295 247 268 321 279 233 313 339 280 205 258 230 224 264 279 247 129 115 102 96 99 86 84 82 78 93 159 166 130 93 92 115 121 151 129 163 186 121 117 130 182 102 87 69 67 61 60 60 62 59 59 61 68 63 65 66 68 70
