Electronic Materials (Flash Drives)/data/NZclimate/2050/ccsm_8_2050/bio05.nz.asc
ncols         384
nrows         384
xllcorner     164
yllcorner     -49
cellsize      0.041666666666667
NODATA_value  -9999
[rows 140 to 174 of 384, columns 240 to 319 of 384]
-9999 -9999 -9999 -9999 -9999 -9999 -9999 -9999 -9999 -9999 -9999 -9999 253 249 251 251 249 248 244 239 237 237 241 250 249 246 244 244 241 250 249 248 249 247 245 241 232 225 228 236 243 245 246 248 250 250 250 251 249 244 244 243 238 234 232 234 236 236 236 233 233 227 226 226 222 226 229 230 235 248 236 238 240 243 246 252 258 255 251 252
-9999 -9999 -9999 -9999 -9999 -9999 -9999 -9999 -9999 -9999 -9999 252 249 249 249 248 249 248 245 240 238 238 244 249 251 248 244 248 243 249 250 249 250 249 246 240 233 232 234 238 239 243 248 249 249 250 249 244 239 241 240 241 239 234 233 232 235 234 235 231 234 226 228 227 227 222 229 242 236 236 251 252 252 252 252 255 252 257 261 256
-9999 -9999 -9999 -9999 -9999 -9999 -9999 -9999 -9999 -9999 251 250 249 249 247 243 243 241 242 240 239 239 246 248 251 249 246 249 248 250 249 247 247 248 246 239 237 232 235 236 232 240 249 249 249 247 246 240 238 237 241 238 235 231 232 233 233 234 232 232 234 227 230 224 219 227 233 242 232 247 248 247 253 257 258 259 257 261 261 262
-9999 -9999 -9999 -9999 248 249 249 249 249 250 250 248 248 248 243 243 243 242 244 243 241 243 244 247 250 248 247 246 243 244 242 244 242 244 239 239 236 233 233 233 220 227 246 248 247 245 243 241 238 236 236 233 226 223 232 232 229 231 230 231 234 234 234 234 225 232 242 242 236 248 246 248 252 250 253 256 256 258 257 260
-9999 -9999 248 248 248 248 247 248 248 247 247 248 247 244 243 244 243 242 244 245 247 246 243 245 247 247 248 244 239 239 242 240 238 238 229 233 236 234 234 235 235 230 232 245 245 240 235 233 233 229 226 221 225 228 233 230 229 230 228 223 229 239 240 234 231 237 246 251 250 250 251 253 254 259 253 253 258 260 260 262
245 246 246 246 246 246 246 245 246 246 244 247 244 245 244 244 243 242 244 246 247 246 245 245 244 247 242 241 245 245 242 241 236 234 224 229 229 228 229 229 235 236 229 241 242 235 228 223 216 219 223 220 219 224 234 232 227 229 223 220 227 239 242 234 240 248 244 246 244 246 249 252 254 257 258 259 259 261 263 262
243 243 243 243 243 243 244 245 245 244 245 244 243 245 243 241 242 243 245 245 247 244 246 245 244 247 246 247 245 245 245 242 237 233 230 226 223 221 213 201 210 228 234 237 234 225 215 213 210 212 209 215 214 227 229 228 233 227 228 224 230 238 236 243 248 241 233 235 247 255 256 259 256 258 259 260 263 262 265 266
239 239 239 239 241 242 243 244 245 245 244 243 245 244 242 241 242 244 242 244 246 245 245 245 241 242 240 245 238 238 243 237 231 227 225 224 221 215 201 186 200 217 227 231 220 207 206 205 205 205 209 214 219 215 223 225 229 231 224 233 237 238 239 247 243 222 232 243 248 254 256 260 262 262 263 262 265 -9999 -9999 -9999
230 231 234 235 237 239 242 242 242 244 244 244 244 243 242 242 242 243 242 241 244 242 243 241 240 238 237 237 235 233 238 235 227 224 222 219 215 209 202 204 209 218 224 220 211 205 202 208 212 209 207 213 218 214 207 212 221 228 234 239 241 238 243 246 232 226 246 253 254 256 255 259 261 263 266 -9999 -9999 -9999 -9999 -9999
209 215 226 230 234 236 239 240 242 242 243 243 242 242 242 242 239 237 242 245 243 245 242 243 239 239 235 234 237 234 232 232 227 223 206 210 202 192 195 205 212 218 220 216 208 203 203 213 207 211 208 215 211 215 213 210 213 212 228 237 237 235 238 231 239 247 253 254 256 256 251 253 255 -9999 -9999 -9999 -9999 -9999 -9999 -9999
212 199 212 223 229 233 235 237 240 241 241 242 244 244 242 242 240 239 239 245 243 244 243 245 241 242 238 236 240 238 232 229 226 223 217 207 187 156 179 198 209 214 212 204 200 200 208 217 214 211 205 219 212 207 211 216 204 207 223 234 236 238 239 245 248 250 254 250 248 254 256 258 259 -9999 -9999 -9999 -9999 -9999 -9999 -9999
211 186 208 220 227 231 235 237 238 240 242 242 243 241 242 242 241 238 235 234 242 242 242 245 244 239 239 238 241 240 236 229 226 222 217 210 194 175 190 204 212 214 208 202 207 210 210 208 219 217 221 224 215 214 222 217 208 221 227 233 238 238 243 251 251 252 257 257 252 258 259 261 -9999 -9999 -9999 -9999 -9999 -9999 -9999 -9999
225 220 222 226 229 232 235 238 239 241 242 242 242 240 239 234 232 234 232 232 228 234 238 241 244 240 243 245 242 237 234 230 227 224 221 217 211 208 210 214 217 216 213 214 211 209 210 214 222 221 222 223 217 217 225 223 226 230 238 236 246 247 249 251 254 255 258 258 257 263 264 -9999 -9999 -9999 -9999 -9999 -9999 -9999 -9999 -9999
233 231 231 232 234 235 237 238 239 240 242 243 242 238 237 233 232 236 235 233 230 231 236 240 243 243 243 237 231 230 232 232 232 231 227 226 222 220 222 221 221 221 221 219 214 205 213 215 219 220 224 224 224 220 223 232 232 233 235 242 248 250 253 252 255 256 256 260 262 263 -9999 -9999 -9999 -9999 -9999 -9999 -9999 -9999 -9999 -9999
238 237 237 237 238 238 240 240 239 239 240 244 241 240 240 238 239 239 238 238 236 236 240 241 246 240 237 235 232 236 234 235 234 232 230 229 228 227 226 225 222 220 222 222 212 215 227 224 226 226 223 222 225 231 232 232 233 233 238 247 251 254 255 256 256 258 255 261 263 -9999 -9999 -9999 -9999 -9999 -9999 -9999 -9999 -9999 -9999 -9999
241 241 241 240 241 241 241 239 242 241 241 243 242 242 241 240 240 243 239 240 239 237 234 234 241 243 235 234 231 234 231 233 229 229 231 232 230 229 228 225 223 220 217 222 226 230 230 224 229 227 223 221 226 233 230 235 241 240 244 248 251 253 254 256 258 258 258 262 263 263 -9999 -9999 -9999 -9999 -9999 -9999 -9999 -9999 -9999 -9999
244 244 244 243 243 243 243 243 241 242 242 239 242 243 243 244 240 242 242 241 235 238 239 233 236 241 240 239 235 236 235 235 234 231 232 231 229 228 226 223 223 220 217 219 223 229 223 223 230 228 228 223 214 238 230 234 244 246 248 249 251 251 254 256 259 260 261 262 263 263 -9999 -9999 -9999 -9999 -9999 -9999 -9999 -9999 -9999 -9999
245 245 245 245 245 244 244 244 245 241 240 237 239 244 240 244 240 237 242 245 242 242 236 231 234 244 245 240 235 237 241 236 231 232 234 233 235 235 233 227 226 221 221 225 234 233 227 226 231 230 218 216 222 223 213 222 237 247 253 253 254 254 255 258 260 261 262 262 263 263 263 -9999 -9999 -9999 -9999 -9999 -9999 -9999 -9999 -9999
-9999 -9999 -9999 -9999 245 245 244 245 246 244 241 240 241 243 243 241 239 237 240 243 244 239 237 234 237 237 241 244 241 235 238 240 237 237 238 237 234 234 235 231 232 231 231 232 236 236 229 231 232 226 213 210 220 216 210 228 245 248 249 248 253 256 257 257 259 260 261 262 262 263 263 -9999 -9999 -9999 -9999 -9999 -9999 -9999 -9999 -9999
-9999 -9999 -9999 -9999 -9999 -9999 -9999 245 246 245 243 241 240 244 244 239 242 244 244 244 246 246 242 239 240 242 236 241 243 236 233 242 240 237 240 236 231 237 234 234 233 234 237 236 234 239 237 234 231 231 214 213 209 210 211 237 241 246 248 250 252 255 257 258 259 260 261 262 262 262 261 261 257 259 -9999 -9999 -9999 -9999 -9999 -9999
-9999 -9999 -9999 -9999 -9999 -9999 -9999 -9999 247 246 245 245 244 243 243 241 243 247 246 245 248 243 239 239 239 241 244 245 237 235 235 242 240 240 240 233 238 236 235 238 234 229 235 239 237 237 239 235 234 222 226 215 207 217 227 238 236 242 242 245 249 254 252 256 258 260 261 262 261 258 260 259 256 257 -9999 -9999 -9999 -9999 -9999 -9999
-9999 -9999 -9999 -9999 -9999 -9999 -9999 -9999 -9999 247 247 247 246 247 246 245 246 247 244 248 246 242 235 236 241 243 243 247 241 238 241 244 237 239 239 237 240 235 235 239 234 231 229 236 240 239 236 232 227 208 212 211 212 229 237 228 237 241 243 246 247 251 250 256 255 258 258 257 253 258 256 256 257 -9999 -9999 -9999 -9999 -9999 -9999 -9999
-9999 -9999 -9999 -9999 -9999 -9999 -9999 -9999 -9999 -9999 -9999 248 248 247 247 247 247 249 247 248 243 241 240 240 240 243 247 248 247 245 247 247 244 244 240 239 242 240 240 238 235 234 232 241 241 240 234 229 228 211 205 207 216 237 240 235 241 245 247 249 247 248 250 251 258 259 255 258 256 251 251 254 258 -9999 -9999 -9999 -9999 -9999 -9999 -9999
-9999 -9999 -9999 -9999 -9999 -9999 -9999 -9999 -9999 -9999 -9999 -9999 248 248 249 249 249 250 247 245 245 245 245 245 244 244 248 248 247 244 248 244 248 246 242 245 244 241 237 233 236 239 240 242 238 235 235 234 230 205 201 201 226 237 241 243 245 246 249 251 249 248 247 256 258 254 256 257 251 247 247 257 -9999 -9999 -9999 -9999 -9999 -9999 -9999 -9999
-9999 -9999 -9999 -9999 -9999 -9999 -9999 -9999 -9999 -9999 -9999 -9999 -9999 -9999 -9999 250 251 250 249 249 248 249 249 247 245 247 251 249 248 246 248 249 248 247 246 248 246 243 241 240 244 244 241 238 237 237 236 232 226 211 203 203 222 236 241 243 246 249 249 251 251 249 252 257 255 256 251 252 247 241 250 257 -9999 -9999 -9999 -9999 -9999 -9999 -9999 -9999
-9999 -9999 -9999 -9999 -9999 -9999 -9999 -9999 -9999 -9999 -9999 -9999 -9999 -9999 -9999 -9999 -9999 -9999 -9999 -9999 -9999 250 250 249 247 250 250 248 247 245 248 249 249 249 247 246 246 243 243 246 245 243 240 238 236 234 232 227 207 202 200 218 234 238 243 245 248 250 250 251 251 249 253 256 255 254 253 252 245 243 251 252 -9999 -9999 -9999 -9999 -9999 -9999 -9999 -9999
-9999 -9999 -9999 -9999 -9999 -9999 -9999 -9999 -9999 -9999 -9999 -9999 -9999 -9999 -9999 -9999 -9999 -9999 -9999 -9999 -9999 -9999 -9999 251 250 250 249 249 247 246 250 249 248 247 246 243 243 243 241 246 243 243 239 237 236 235 232 229 217 216 204 222 235 241 244 247 249 251 251 252 252 251 254 255 254 254 251 251 250 253 255 -9999 -9999 -9999 -9999 -9999 -9999 -9999 -9999 -9999
-9999 -9999 -9999 -9999 -9999 -9999 -9999 -9999 -9999 -9999 -9999 -9999 -9999 -9999 -9999 -9999 -9999 -9999 -9999 -9999 -9999 -9999 -9999 -9999 251 250 249 248 248 250 250 250 247 243 242 242 245 245 247 245 240 239 239 236 237 236 237 234 223 204 214 231 238 242 245 247 250 251 251 251 252 253 253 254 254 252 249 249 252 256 -9999 -9999 -9999 -9999 -9999 -9999 -9999 -9999 -9999 -9999
-9999 -9999 -9999 -9999 -9999 -9999 -9999 -9999 -9999 -9999 -9999 -9999 -9999 -9999 -9999 -9999 -9999 -9999 -9999 -9999 -9999 -9999 -9999 -9999 -9999 250 250 251 250 250 250 246 245 245 245 247 249 247 243 240 237 238 237 239 237 240 239 236 215 216 223 232 240 243 245 247 248 250 251 250 253 253 252 250 252 251 249 249 253 253 -9999 -9999 -9999 -9999 -9999 -9999 -9999 -9999 -9999 -9999
-9999 -9999 -9999 -9999 -9999 -9999 -9999 -9999 -9999 -9999 -9999 -9999 -9999 -9999 -9999 -9999 -9999 -9999 -9999 -9999 -9999 -9999 -9999 -9999 -9999 -9999 251 251 251 250 249 247 247 247 248 250 247 245 244 243 242 240 239 241 239 243 240 228 222 221 233 239 241 243 245 246 245 248 248 252 252 252 249 249 251 250 250 248 253 256 -9999 -9999 -9999 -9999 -9999 -9999 -9999 -9999 -9999 -9999
-9999 -9999 -9999 -9999 -9999 -9999 -9999 -9999 -9999 -9999 -9999 -9999 -9999 -9999 -9999 -9999 -9999 -9999 -9999 -9999 -9999 -9999 -9999 -9999 -9999 -9999 -9999 251 251 250 249 248 248 248 250 249 247 246 245 246 244 243 244 241 245 245 235 220 220 235 238 242 243 244 244 242 239 242 245 251 250 249 248 250 249 251 248 251 255 257 -9999 -9999 -9999 -9999 -9999 -9999 -9999 -9999 -9999 -9999
-9999 -9999 -9999 -9999 -9999 -9999 -9999 -9999 -9999 -9999 -9999 -9999 -9999 -9999 -9999 -9999 -9999 -9999 -9999 -9999 -9999 -9999 -9999 -9999 -9999 -9999 -9999 -9999 251 251 250 249 249 250 250 248 249 248 248 248 247 245 243 246 246 240 226 222 239 243 245 245 245 246 242 240 240 247 251 253 254 253 250 250 250 252 250 253 255 -9999 -9999 -9999 -9999 -9999 -9999 -9999 -9999 -9999 -9999 -9999
-9999 -9999 -9999 -9999 -9999 -9999 -9999 -9999 -9999 -9999 -9999 -9999 -9999 -9999 -9999 -9999 -9999 -9999 -9999 -9999 -9999 -9999 -9999 -9999 -9999 -9999 -9999 -9999 250 251 251 250 250 251 250 249 250 249 249 248 247 245 247 248 240 224 227 241 245 246 247 246 246 244 240 242 240 245 248 250 253 254 255 254 253 253 254 254 -9999 -9999 -9999 -9999 -9999 -9999 -9999 -9999 -9999 -9999 -9999 -9999
-9999 -9999 -9999 -9999 -9999 -9999 -9999 -9999 -9999 -9999 -9999 -9999 -9999 -9999 -9999 -9999 -9999 -9999 -9999 -9999 -9999 -9999 -9999 -9999 -9999 -9999 -9999 -9999 -9999 252 252 252 251 251 251 249 250 251 250 250 248 246 250 245 226 230 241 246 248 249 249 249 248 246 244 242 242 242 246 251 254 254 255 253 255 256 257 -9999 -9999 -9999 -9999 -9999 -9999 -9999 -9999 -9999 -9999 -9999 -9999 -9999
-9999 -9999 -9999 -9999 -9999 -9999 -9999 -9999 -9999 -9999 -9999 -9999 -9999 -9999 -9999 -9999 -9999 -9999 -9999 -9999 -9999 -9999 -9999 -9999 -9999 -9999 -9999 -9999 -9999 252 252 251 251 251 251 251 252 252 251 251 249 249 250 242 235 244 247 248 250 250 249 246 245 246 242 242 240 241 245 252 254 254 250 253 257 -9999 -9999 -9999 -9999 -9999 -9999 -9999 -9999 -9999 -9999 -9999 -9999 -9999 -9999 -9999
