Electronic Materials (Flash Drives)/data/NZclimate/2050/ccsm_8_2050/bio05.nz.asc
ncols         384
nrows         384
xllcorner     164
yllcorner     -49
cellsize      0.041666666666667
NODATA_value  -9999
[rows 280 to 314 of 384, columns 80 to 159 of 384]
-9999 -9999 -9999 -9999 -9999 224 218 216 210 207 200 207 210 212 211 212 199 191 218 214 189 184 206 224 224 197 205 218 180 174 190 203 221 223 215 199 206 187 222 245 236 226 249 249 250 249 248 244 225 231 239 242 241 239 231 221 222 193 188 207 207 217 195 195 203 215 221 230 220 214 206 214 230 238 233 235 236 234 231 230
-9999 -9999 -9999 -9999 218 220 213 204 201 203 214 216 219 191 206 196 189 188 210 217 188 200 204 227 229 225 223 208 177 189 202 204 220 233 209 183 196 222 230 225 212 215 236 249 247 247 251 250 238 228 230 231 240 237 235 234 218 209 180 203 220 225 214 183 196 204 213 223 225 213 187 194 221 232 233 237 232 225 222 221
-9999 -9999 218 214 214 200 213 214 203 204 213 195 207 209 185 186 192 189 196 220 194 187 185 222 222 234 224 193 183 185 178 198 212 227 201 188 200 223 214 199 213 238 241 217 223 235 241 249 247 230 237 244 248 239 235 231 224 220 201 206 216 228 224 190 195 204 216 205 216 220 200 185 213 227 231 235 237 233 227 228
220 216 212 205 216 205 210 207 201 191 194 195 199 192 192 186 189 197 216 207 198 203 176 206 235 234 211 187 186 201 196 212 225 226 200 202 214 220 205 225 234 242 220 202 203 208 211 239 252 249 248 247 245 237 226 208 210 212 226 215 225 230 229 206 195 206 204 198 203 209 204 187 203 216 225 232 234 236 236 234
218 205 211 212 213 204 203 206 200 190 197 198 198 200 198 196 185 191 208 208 192 214 199 187 234 235 212 196 183 207 212 223 228 204 200 221 203 215 188 216 239 225 196 190 180 199 227 247 253 251 250 245 228 218 203 201 195 213 233 231 232 232 231 219 196 196 196 198 201 212 212 200 195 198 217 222 231 232 232 233
209 212 200 204 208 211 209 199 194 204 203 191 196 211 208 193 201 211 205 206 189 194 217 211 231 237 213 179 204 212 215 222 229 215 213 217 223 218 204 224 220 205 190 180 194 232 250 254 251 250 246 236 215 208 218 207 219 232 237 234 236 231 224 226 214 195 196 201 203 207 205 199 199 212 212 217 225 226 231 232
209 219 211 209 205 198 193 196 195 193 204 213 209 216 212 193 217 198 193 187 208 198 206 221 233 238 224 198 205 207 225 230 220 221 231 237 234 206 205 216 206 210 193 197 234 250 254 248 243 238 232 230 219 215 226 228 235 239 239 237 236 231 230 226 221 210 199 198 201 208 206 206 212 218 221 220 222 227 230 229
201 215 218 210 201 195 193 202 211 193 192 199 204 225 207 196 219 189 199 183 194 215 211 185 215 239 234 215 201 216 222 219 235 243 246 246 243 227 210 206 218 225 207 223 249 253 249 233 220 209 208 218 223 228 239 242 242 241 240 233 227 232 232 230 226 220 219 220 222 224 223 218 204 211 215 222 225 227 227 228
210 211 207 202 205 202 194 198 198 209 192 200 217 224 203 198 213 200 189 182 193 205 204 186 196 236 236 197 201 227 208 228 238 243 240 226 224 231 241 236 238 238 237 238 252 252 238 216 197 191 204 225 238 244 244 243 242 242 237 228 236 232 226 230 229 226 225 225 226 226 226 218 198 204 210 217 220 222 224 226
209 200 191 193 196 212 189 198 206 217 203 208 226 210 194 214 212 197 190 190 185 216 195 193 204 233 240 222 232 238 242 246 248 244 230 172 180 204 218 227 242 226 236 252 253 246 227 209 196 216 233 245 247 247 245 244 241 239 238 238 232 220 229 232 231 229 228 228 227 228 227 223 206 195 203 215 218 218 221 222
202 205 203 202 196 209 209 193 194 204 220 224 226 222 217 219 192 191 196 196 192 216 202 194 215 229 238 241 242 236 223 198 242 247 222 180 178 198 213 226 223 219 228 248 248 234 239 241 228 239 245 248 246 246 245 241 238 239 238 232 219 225 232 233 232 231 229 229 228 228 227 224 218 200 207 206 212 215 214 220
199 191 195 214 213 213 220 217 207 201 212 226 227 227 224 216 201 196 186 210 208 191 209 196 221 213 215 214 204 202 195 209 224 246 219 181 174 190 208 224 215 208 215 240 243 228 221 247 245 248 248 249 249 243 236 236 239 238 235 222 217 227 233 234 233 232 231 230 229 229 228 225 220 211 199 206 202 209 214 220
187 192 195 194 193 195 201 219 225 224 227 227 226 227 225 216 200 206 189 214 198 193 196 220 213 199 194 200 193 207 214 227 233 245 210 178 179 186 212 229 223 204 214 227 233 237 237 251 253 251 252 253 249 240 232 239 238 235 227 215 215 224 232 233 232 232 231 230 229 229 227 223 217 217 211 199 201 209 213 214
192 202 190 188 190 189 188 197 219 226 227 227 226 226 220 216 199 212 191 200 207 202 205 218 211 186 197 208 215 207 210 195 209 243 215 191 175 190 220 220 208 185 196 209 224 229 243 253 255 254 254 250 244 237 235 236 236 231 226 219 213 226 232 233 231 230 229 225 219 221 225 220 213 217 218 215 214 214 211 213
188 208 200 199 190 187 194 194 205 226 228 226 224 224 219 219 214 198 201 194 208 204 216 207 193 189 201 198 196 195 197 203 191 239 230 187 184 203 211 194 190 178 186 197 200 212 237 248 251 249 244 244 240 235 231 230 227 222 218 215 214 228 232 232 229 227 219 211 210 216 224 221 216 213 217 222 217 213 211 212
188 196 214 205 216 193 191 194 204 224 228 226 222 223 222 210 216 210 206 204 217 218 204 182 194 191 189 186 191 202 218 208 207 237 224 188 200 217 195 185 181 187 186 193 187 198 229 242 243 235 238 237 227 228 225 225 221 216 214 210 218 231 232 229 219 212 200 197 202 217 225 218 216 214 214 221 222 221 218 215
189 186 186 192 205 215 220 224 225 227 227 225 225 221 222 219 218 211 218 212 211 216 196 182 198 207 207 209 219 221 221 217 237 223 193 200 217 200 185 180 190 191 194 184 187 197 232 241 236 225 226 222 223 223 220 218 213 212 206 207 220 228 227 224 212 202 194 194 210 224 224 217 214 217 217 216 216 220 224 220
203 194 183 193 196 185 192 212 226 227 226 224 223 223 215 216 212 216 214 209 216 193 197 189 190 209 218 205 218 230 229 236 236 219 193 210 202 192 182 182 193 203 203 195 183 200 231 244 232 224 218 218 218 219 218 217 210 203 205 213 222 222 221 216 201 192 193 210 224 225 218 215 216 215 215 215 214 215 221 224
202 200 186 189 195 206 206 217 225 225 225 224 224 223 215 217 216 222 220 217 195 197 192 186 200 198 219 209 215 225 226 223 237 228 210 198 190 186 187 197 198 211 212 199 192 197 227 244 241 229 216 216 216 216 217 215 210 210 214 221 223 220 213 204 195 190 212 225 226 220 214 216 217 213 212 211 215 215 217 221
209 207 203 216 219 224 225 222 225 223 225 223 223 223 220 221 222 221 222 213 203 209 199 199 212 212 214 225 228 228 233 229 236 221 220 205 192 187 192 201 208 224 227 205 204 202 229 247 242 228 218 213 212 213 214 215 215 216 219 223 218 210 204 197 193 208 225 227 223 217 215 217 215 213 208 209 213 216 218 220
203 207 221 223 225 226 226 226 226 225 226 225 224 223 222 223 217 216 220 219 219 212 215 219 217 219 224 226 231 235 231 226 231 227 216 211 202 205 203 205 223 230 218 211 210 211 230 246 235 228 225 222 215 211 215 216 214 218 216 211 205 207 206 201 201 223 227 226 223 218 216 217 212 208 206 211 214 215 217 219
194 213 191 197 221 224 226 226 226 225 223 223 223 223 222 217 215 220 221 224 216 211 224 218 224 228 228 229 222 223 228 233 221 210 215 210 215 229 229 228 235 212 197 207 218 209 214 241 236 231 226 223 219 216 218 218 210 212 209 207 207 207 206 205 213 224 225 225 222 219 218 216 209 207 209 209 212 213 216 217
210 187 185 183 205 220 217 220 226 223 220 216 211 206 208 205 199 219 220 224 223 216 224 227 230 231 232 227 204 213 223 229 212 220 218 221 226 236 238 238 221 203 202 211 221 209 211 238 243 235 233 224 215 213 214 210 203 204 206 201 202 208 215 219 221 221 221 222 221 219 215 213 210 207 211 210 214 217 219 220
209 178 190 193 189 208 216 214 224 221 208 190 187 188 193 212 207 219 223 224 226 227 228 229 230 231 231 220 219 214 217 229 217 224 227 225 233 238 236 227 219 209 213 226 229 222 227 235 241 240 236 227 221 211 207 200 198 203 198 198 204 213 214 216 215 215 216 216 217 217 215 212 209 213 211 213 214 215 217 218
196 184 183 195 179 203 223 224 221 217 192 186 184 193 207 215 209 218 223 224 225 226 227 228 230 231 227 221 225 223 224 232 226 225 230 235 237 237 225 226 212 221 225 227 222 221 229 232 236 233 237 230 227 222 212 199 197 197 195 199 206 215 214 216 216 215 215 215 215 214 214 214 212 206 205 208 213 214 213 216
199 183 189 205 204 216 223 216 217 212 195 186 182 190 206 214 216 220 222 224 226 224 220 222 228 230 230 227 228 230 229 232 232 233 234 235 235 233 227 219 211 221 224 228 224 223 225 229 230 224 230 235 229 224 216 208 200 195 196 200 209 209 210 212 212 211 210 210 211 212 212 212 214 207 205 207 210 216 217 216
197 183 183 208 219 221 223 220 220 212 190 186 194 195 212 207 211 212 218 224 225 225 220 222 227 229 230 230 229 230 231 232 233 233 234 232 224 229 225 224 215 218 226 231 230 228 229 230 230 228 228 234 229 220 221 211 209 204 201 201 208 210 212 213 214 213 210 210 210 210 210 213 213 209 208 205 209 213 209 212
204 182 196 216 217 214 218 223 222 219 210 205 207 212 213 208 208 212 221 224 223 223 225 223 226 228 229 230 230 230 231 232 232 232 233 231 230 225 226 226 222 225 227 227 226 228 228 229 229 226 225 230 231 227 221 214 212 211 211 212 214 214 213 213 212 211 209 210 211 211 212 212 211 210 209 202 206 206 211 214
211 186 208 213 202 212 213 222 220 220 219 217 215 212 212 214 208 216 222 223 217 215 224 226 229 226 225 228 230 230 230 230 231 232 232 233 230 227 230 227 223 228 227 229 231 232 231 230 228 217 217 229 229 228 225 222 216 211 211 214 215 214 212 211 210 206 201 205 217 216 215 216 215 213 207 208 211 210 211 211
194 207 204 198 210 211 219 222 221 221 220 221 218 216 218 219 216 215 223 223 217 216 225 226 227 225 219 223 226 228 229 229 230 231 232 232 229 228 229 229 229 230 229 231 231 231 229 228 218 210 216 225 224 222 225 226 224 220 215 215 216 212 209 211 207 205 203 214 218 217 216 215 212 213 211 211 212 211 208 209
186 195 206 214 213 215 219 220 223 222 220 221 222 222 221 220 218 220 222 222 217 215 222 225 225 222 217 220 216 221 226 228 228 228 229 230 229 227 229 229 230 229 229 230 229 230 227 214 205 213 219 226 224 223 225 225 222 221 220 219 215 208 206 209 214 215 218 218 217 214 212 212 211 213 212 -9999 -9999 -9999 -9999 -9999
206 212 213 215 217 218 220 219 222 221 219 221 220 212 218 220 221 221 222 222 220 219 219 224 225 221 218 222 218 213 215 219 222 224 228 229 229 228 228 228 229 228 229 228 227 229 223 213 218 218 224 227 225 224 224 220 218 221 221 219 211 209 209 210 214 217 218 217 215 212 213 -9999 -9999 -9999 -9999 -9999 -9999 -9999 -9999 -9999
210 212 213 215 215 214 214 216 219 221 220 221 220 214 217 220 221 221 222 222 223 223 223 223 224 223 221 217 218 218 217 220 220 222 224 221 223 228 228 227 228 227 226 225 225 227 222 222 223 226 226 227 227 225 221 219 219 219 218 215 212 212 212 213 216 218 215 212 214 213 -9999 -9999 -9999 -9999 -9999 -9999 -9999 -9999 -9999 -9999
208 212 211 216 215 215 213 216 218 220 220 221 220 218 221 221 221 221 221 221 222 222 223 223 223 224 223 222 222 218 214 215 216 219 217 221 219 224 227 227 227 226 225 222 222 225 224 224 225 227 226 226 226 224 222 221 218 215 213 216 216 214 216 216 215 212 211 210 213 215 -9999 -9999 -9999 -9999 -9999 -9999 -9999 -9999 -9999 -9999
202 213 214 216 215 217 215 218 219 219 217 215 212 214 219 220 219 219 220 221 221 221 222 222 222 221 223 223 221 218 215 216 213 216 222 224 224 224 225 223 221 224 224 223 224 224 223 224 224 225 225 225 225 224 221 219 217 214 213 216 218 218 217 218 214 207 208 212 213 -9999 -9999 -9999 -9999 -9999 -9999 -9999 -9999 -9999 -9999 -9999
