Electronic Materials (Flash Drives)/data/NZclimate/2050/ccsm_8_2050/bio05.nz.asc
ncols         384
nrows         384
xllcorner     164
yllcorner     -49
cellsize      0.041666666666667
NODATA_value  -9999
[rows 245 to 279 of 384, columns 80 to 159 of 384]
-9999 -9999 -9999 -9999 -9999 -9999 -9999 -9999 -9999 -9999 -9999 -9999 -9999 -9999 -9999 -9999 -9999 -9999 -9999 -9999 -9999 -9999 -9999 -9999 -9999 -9999 -9999 -9999 -9999 -9999 -9999 -9999 -9999 -9999 -9999 -9999 -9999 -9999 -9999 -9999 -9999 -9999 -9999 -9999 -9999 -9999 -9999 -9999 -9999 -9999 -9999 -9999 -9999 -9999 -9999 -9999 -9999 -9999 -9999 -9999 -9999 -9999 -9999 -9999 -9999 -9999 246 244 244 243 241 239 241 241 240 230 223 206 202 207
-9999 -9999 -9999 -9999 -9999 -9999 -9999 -9999 -9999 -9999 -9999 -9999 -9999 -9999 -9999 -9999 -9999 -9999 -9999 -9999 -9999 -9999 -9999 -9999 -9999 -9999 -9999 -9999 -9999 -9999 -9999 -9999 -9999 -9999 -9999 -9999 -9999 -9999 -9999 -9999 -9999 -9999 -9999 -9999 -9999 -9999 -9999 -9999 -9999 -9999 -9999 -9999 -9999 -9999 -9999 -9999 -9999 -9999 -9999 -9999 -9999 -9999 -9999 -9999 -9999 246 246 243 240 240 241 242 241 241 226 203 186 204 199 185
-9999 -9999 -9999 -9999 -9999 -9999 -9999 -9999 -9999 -9999 -9999 -9999 -9999 -9999 -9999 -9999 -9999 -9999 -9999 -9999 -9999 -9999 -9999 -9999 -9999 -9999 -9999 -9999 -9999 -9999 -9999 -9999 -9999 -9999 -9999 -9999 -9999 -9999 -9999 -9999 -9999 -9999 -9999 -9999 -9999 -9999 -9999 -9999 -9999 -9999 -9999 -9999 -9999 -9999 -9999 -9999 -9999 -9999 -9999 -9999 -9999 -9999 -9999 -9999 247 246 245 240 241 239 234 237 219 224 230 210 212 212 187 171
-9999 -9999 -9999 -9999 -9999 -9999 -9999 -9999 -9999 -9999 -9999 -9999 -9999 -9999 -9999 -9999 -9999 -9999 -9999 -9999 -9999 -9999 -9999 -9999 -9999 -9999 -9999 -9999 -9999 -9999 -9999 -9999 -9999 -9999 -9999 -9999 -9999 -9999 -9999 -9999 -9999 -9999 -9999 -9999 -9999 -9999 -9999 -9999 -9999 -9999 -9999 -9999 -9999 -9999 -9999 -9999 -9999 -9999 -9999 -9999 -9999 -9999 248 247 245 241 243 244 243 235 227 208 200 213 234 230 225 210 204 187
-9999 -9999 -9999 -9999 -9999 -9999 -9999 -9999 -9999 -9999 -9999 -9999 -9999 -9999 -9999 -9999 -9999 -9999 -9999 -9999 -9999 -9999 -9999 -9999 -9999 -9999 -9999 -9999 -9999 -9999 -9999 -9999 -9999 -9999 -9999 -9999 -9999 -9999 -9999 -9999 -9999 -9999 -9999 -9999 -9999 -9999 -9999 -9999 -9999 -9999 -9999 -9999 -9999 -9999 -9999 -9999 -9999 -9999 -9999 249 248 245 245 242 240 239 236 241 237 219 204 185 189 216 219 203 183 199 195 181
-9999 -9999 -9999 -9999 -9999 -9999 -9999 -9999 -9999 -9999 -9999 -9999 -9999 -9999 -9999 -9999 -9999 -9999 -9999 -9999 -9999 -9999 -9999 -9999 -9999 -9999 -9999 -9999 -9999 -9999 -9999 -9999 -9999 -9999 -9999 -9999 -9999 -9999 -9999 -9999 -9999 -9999 -9999 -9999 -9999 -9999 -9999 -9999 -9999 -9999 -9999 -9999 -9999 -9999 -9999 -9999 -9999 -9999 249 248 246 245 244 242 240 238 224 213 224 215 210 195 190 204 202 172 180 185 174 186
-9999 -9999 -9999 -9999 -9999 -9999 -9999 -9999 -9999 -9999 -9999 -9999 -9999 -9999 -9999 -9999 -9999 -9999 -9999 -9999 -9999 -9999 -9999 -9999 -9999 -9999 -9999 -9999 -9999 -9999 -9999 -9999 -9999 -9999 -9999 -9999 -9999 -9999 -9999 -9999 -9999 -9999 -9999 -9999 -9999 -9999 -9999 -9999 -9999 -9999 -9999 -9999 -9999 -9999 -9999 -9999 -9999 250 249 249 249 247 246 244 238 217 203 190 184 169 178 159 187 178 188 197 199 172 171 194
-9999 -9999 -9999 -9999 -9999 -9999 -9999 -9999 -9999 -9999 -9999 -9999 -9999 -9999 -9999 -9999 -9999 -9999 -9999 -9999 -9999 -9999 -9999 -9999 -9999 -9999 -9999 -9999 -9999 -9999 -9999 -9999 -9999 -9999 -9999 -9999 -9999 -9999 -9999 -9999 -9999 -9999 -9999 -9999 -9999 -9999 -9999 -9999 -9999 -9999 -9999 -9999 -9999 -9999 -9999 -9999 251 250 250 249 249 239 226 235 215 210 192 176 152 158 158 169 152 177 166 212 195 172 182 181
-9999 -9999 -9999 -9999 -9999 -9999 -9999 -9999 -9999 -9999 -9999 -9999 -9999 -9999 -9999 -9999 -9999 -9999 -9999 -9999 -9999 -9999 -9999 -9999 -9999 -9999 -9999 -9999 -9999 -9999 -9999 -9999 -9999 -9999 -9999 -9999 -9999 -9999 -9999 -9999 -9999 -9999 -9999 -9999 -9999 -9999 -9999 -9999 -9999 -9999 -9999 -9999 -9999 -9999 251 250 250 248 247 249 233 212 205 221 217 211 186 141 152 197 177 157 185 181 185 214 189 172 200 175
-9999 -9999 -9999 -9999 -9999 -9999 -9999 -9999 -9999 -9999 -9999 -9999 -9999 -9999 -9999 -9999 -9999 -9999 -9999 -9999 -9999 -9999 -9999 -9999 -9999 -9999 -9999 -9999 -9999 -9999 -9999 -9999 -9999 -9999 -9999 -9999 -9999 -9999 -9999 -9999 -9999 -9999 -9999 -9999 -9999 -9999 -9999 -9999 -9999 -9999 251 251 251 250 251 249 249 237 221 240 235 233 216 198 197 195 165 144 194 198 167 202 184 162 183 217 200 174 203 181
-9999 -9999 -9999 -9999 -9999 -9999 -9999 -9999 -9999 -9999 -9999 -9999 -9999 -9999 -9999 -9999 -9999 -9999 -9999 -9999 -9999 -9999 -9999 -9999 -9999 -9999 -9999 -9999 -9999 -9999 -9999 -9999 -9999 -9999 -9999 -9999 -9999 -9999 -9999 -9999 -9999 -9999 -9999 -9999 -9999 -9999 -9999 -9999 250 246 248 240 250 249 250 232 232 225 204 237 228 208 202 215 215 196 189 183 217 215 204 180 171 194 179 219 200 189 204 210
-9999 -9999 -9999 -9999 -9999 -9999 -9999 -9999 -9999 -9999 -9999 -9999 -9999 -9999 -9999 -9999 -9999 -9999 -9999 -9999 -9999 -9999 -9999 -9999 -9999 -9999 -9999 -9999 -9999 -9999 -9999 -9999 -9999 -9999 -9999 -9999 -9999 -9999 -9999 -9999 -9999 -9999 -9999 -9999 -9999 251 249 246 247 243 250 245 245 234 242 226 211 218 217 216 225 208 198 184 162 181 211 201 226 181 176 174 178 203 178 203 226 216 221 199
-9999 -9999 -9999 -9999 -9999 -9999 -9999 -9999 -9999 -9999 -9999 -9999 -9999 -9999 -9999 -9999 -9999 -9999 -9999 -9999 -9999 -9999 -9999 -9999 -9999 -9999 -9999 -9999 -9999 -9999 -9999 -9999 -9999 -9999 -9999 -9999 -9999 -9999 -9999 -9999 -9999 -9999 -9999 251 247 246 247 241 238 248 241 244 237 219 212 239 238 222 205 203 200 211 197 180 177 196 227 228 216 182 201 178 177 206 182 183 225 228 221 194
-9999 -9999 -9999 -9999 -9999 -9999 -9999 -9999 -9999 -9999 -9999 -9999 -9999 -9999 -9999 -9999 -9999 -9999 -9999 -9999 -9999 -9999 -9999 -9999 -9999 -9999 -9999 -9999 -9999 -9999 -9999 -9999 -9999 -9999 -9999 -9999 -9999 -9999 -9999 -9999 -9999 -9999 251 250 243 235 240 242 243 233 213 233 246 234 229 223 200 204 199 200 195 207 193 182 183 178 223 233 192 199 196 174 185 209 183 193 223 229 220 196
-9999 -9999 -9999 -9999 -9999 -9999 -9999 -9999 -9999 -9999 -9999 -9999 -9999 -9999 -9999 -9999 -9999 -9999 -9999 -9999 -9999 -9999 -9999 -9999 -9999 -9999 -9999 -9999 -9999 -9999 -9999 -9999 -9999 -9999 -9999 -9999 -9999 -9999 -9999 -9999 -9999 250 250 250 246 236 225 223 232 230 224 221 235 225 195 194 208 187 201 222 207 187 190 205 186 196 231 236 209 215 183 181 198 215 201 206 230 230 222 205
-9999 -9999 -9999 -9999 -9999 -9999 -9999 -9999 -9999 -9999 -9999 -9999 -9999 -9999 -9999 -9999 -9999 -9999 -9999 -9999 -9999 -9999 -9999 -9999 -9999 -9999 -9999 -9999 -9999 -9999 -9999 -9999 -9999 -9999 -9999 -9999 -9999 -9999 -9999 250 250 249 250 247 229 221 228 222 212 209 204 202 213 213 209 214 204 219 230 190 184 198 184 219 179 200 231 238 233 214 196 187 206 205 228 230 232 230 220 190
-9999 -9999 -9999 -9999 -9999 -9999 -9999 -9999 -9999 -9999 -9999 -9999 -9999 -9999 -9999 -9999 -9999 -9999 -9999 -9999 -9999 -9999 -9999 -9999 -9999 -9999 -9999 -9999 -9999 -9999 -9999 -9999 -9999 -9999 -9999 -9999 -9999 249 249 249 250 250 247 224 234 226 218 221 204 204 210 211 236 235 229 214 229 228 193 200 210 207 195 217 170 187 228 239 235 222 213 213 218 224 229 232 232 229 215 188
-9999 -9999 -9999 -9999 -9999 -9999 -9999 -9999 -9999 -9999 -9999 -9999 -9999 -9999 -9999 -9999 -9999 -9999 -9999 -9999 -9999 -9999 -9999 -9999 -9999 -9999 -9999 -9999 -9999 -9999 -9999 -9999 -9999 -9999 -9999 249 249 249 249 250 245 230 233 245 235 229 242 237 234 215 226 238 246 231 216 215 218 191 190 209 214 183 220 210 175 195 223 240 239 230 223 224 225 228 231 233 233 227 205 185
-9999 -9999 -9999 -9999 -9999 -9999 -9999 -9999 -9999 -9999 -9999 -9999 -9999 -9999 -9999 -9999 -9999 -9999 -9999 -9999 -9999 -9999 -9999 -9999 -9999 -9999 -9999 -9999 244 241 243 244 246 247 247 248 248 242 237 229 227 238 211 215 240 232 211 216 223 243 248 236 209 194 193 196 186 207 193 221 199 180 231 199 183 181 215 240 240 235 231 229 229 229 232 233 232 226 209 205
-9999 -9999 -9999 -9999 -9999 -9999 -9999 -9999 -9999 -9999 -9999 -9999 -9999 -9999 -9999 -9999 -9999 -9999 -9999 -9999 -9999 -9999 -9999 -9999 241 239 236 236 235 237 239 239 244 246 245 246 244 230 206 234 214 222 233 217 216 217 222 224 236 235 222 212 206 197 207 214 186 204 208 230 192 214 228 196 184 188 212 239 239 236 233 231 231 232 234 234 231 220 201 217
-9999 -9999 -9999 -9999 -9999 -9999 -9999 -9999 -9999 -9999 -9999 -9999 -9999 -9999 -9999 -9999 -9999 -9999 -9999 -9999 -9999 -9999 -9999 240 240 241 242 240 234 228 225 238 241 245 236 224 233 220 219 214 222 212 226 228 223 212 220 207 213 225 188 198 196 196 227 198 184 196 191 227 227 236 207 193 192 206 216 239 239 237 235 234 235 235 236 234 233 228 221 224
-9999 -9999 -9999 -9999 -9999 -9999 -9999 -9999 -9999 -9999 -9999 -9999 -9999 -9999 -9999 -9999 -9999 -9999 -9999 -9999 -9999 -9999 237 232 235 229 227 231 243 229 233 234 229 242 206 232 237 210 213 208 208 213 207 207 217 217 205 214 227 200 200 201 209 231 214 186 192 200 196 228 240 231 187 195 211 229 228 239 240 237 235 237 237 237 236 235 235 231 227 233
-9999 -9999 -9999 -9999 -9999 -9999 -9999 -9999 -9999 -9999 -9999 -9999 -9999 -9999 -9999 -9999 -9999 -9999 -9999 -9999 -9999 237 234 229 223 222 225 223 236 228 220 218 231 239 221 225 206 213 218 195 209 198 208 208 209 215 230 233 214 208 208 195 224 219 184 209 187 194 213 231 240 225 195 214 233 237 237 240 240 238 233 238 238 238 237 236 235 231 216 230
-9999 -9999 -9999 -9999 -9999 -9999 -9999 -9999 -9999 -9999 -9999 -9999 -9999 -9999 -9999 -9999 -9999 -9999 -9999 235 230 232 230 228 224 222 230 230 219 206 199 229 243 216 236 213 207 198 202 198 207 211 207 220 219 232 231 209 200 196 210 221 233 194 198 217 197 198 215 229 241 224 199 226 237 240 239 239 239 238 238 239 239 238 237 237 235 231 220 228
-9999 -9999 -9999 -9999 -9999 -9999 -9999 -9999 -9999 -9999 -9999 -9999 -9999 -9999 -9999 -9999 -9999 234 233 228 224 223 227 220 214 221 229 211 206 206 226 238 226 202 232 197 178 197 202 200 222 222 206 208 221 242 201 204 193 210 212 239 197 197 225 203 187 207 192 233 241 224 210 229 240 241 240 241 241 240 239 237 239 237 237 234 233 230 213 224
-9999 -9999 -9999 -9999 -9999 -9999 -9999 -9999 -9999 -9999 -9999 -9999 -9999 -9999 -9999 -9999 -9999 232 229 222 218 215 224 216 206 220 204 197 203 224 243 232 230 223 223 219 186 217 214 218 206 206 224 233 245 221 200 210 210 200 230 229 193 210 225 186 203 191 198 232 240 233 235 240 241 242 242 242 241 241 240 238 235 231 235 224 213 225 204 217
-9999 -9999 -9999 -9999 -9999 -9999 -9999 -9999 -9999 -9999 -9999 -9999 -9999 -9999 -9999 231 232 232 234 234 234 232 222 215 201 214 195 197 218 240 228 202 230 193 221 195 198 191 206 208 209 208 209 233 242 204 194 198 212 228 244 206 210 205 226 209 212 193 195 228 237 239 239 238 239 241 235 241 242 242 241 240 238 235 227 212 193 213 204 222
-9999 -9999 -9999 -9999 -9999 -9999 -9999 -9999 -9999 -9999 -9999 -9999 -9999 -9999 -9999 232 229 217 224 217 227 223 201 214 203 196 193 218 227 208 192 216 205 188 192 173 212 190 210 208 212 220 228 246 233 205 197 201 213 241 230 202 221 198 214 232 215 204 217 230 237 238 239 238 241 237 213 224 242 242 241 240 234 233 225 219 197 205 225 228
-9999 -9999 -9999 -9999 -9999 -9999 -9999 -9999 -9999 -9999 -9999 -9999 -9999 226 227 222 228 226 222 204 218 230 207 200 180 197 209 220 211 207 192 204 187 160 192 218 211 189 191 208 196 211 241 248 238 201 209 223 233 246 223 227 215 198 215 225 229 223 201 223 238 238 237 239 233 223 193 221 238 241 239 235 233 225 227 219 215 223 226 228
-9999 -9999 -9999 -9999 -9999 -9999 -9999 -9999 -9999 -9999 -9999 -9999 226 222 222 222 223 227 206 205 213 228 194 192 170 177 205 210 194 175 171 190 205 166 200 226 197 188 202 197 196 212 242 249 241 234 237 245 246 240 230 215 202 197 217 223 232 226 211 226 240 237 242 242 240 225 201 213 235 240 234 223 224 208 216 222 215 219 228 229
-9999 -9999 -9999 -9999 -9999 -9999 -9999 -9999 -9999 -9999 -9999 227 223 216 222 215 206 228 204 208 230 206 209 193 173 189 194 169 184 174 185 208 211 203 211 235 230 210 186 200 212 208 238 249 222 232 247 242 214 207 202 206 203 217 217 205 222 225 222 233 239 241 242 243 243 241 220 210 236 233 226 211 213 190 199 207 191 204 226 230
-9999 -9999 -9999 -9999 -9999 -9999 -9999 -9999 -9999 -9999 -9999 226 220 217 210 205 199 227 210 224 212 198 189 179 192 204 207 207 200 194 168 175 204 212 206 189 213 242 210 177 205 235 245 243 219 238 247 238 231 229 218 215 212 226 227 208 225 229 221 238 240 241 240 223 230 242 236 234 238 231 216 228 217 207 215 214 190 214 229 231
-9999 -9999 -9999 -9999 -9999 -9999 -9999 -9999 -9999 -9999 225 222 206 190 202 193 189 210 230 222 195 182 195 191 217 186 174 190 198 179 177 191 202 182 198 186 204 243 223 199 224 249 247 224 221 236 247 243 214 215 209 204 221 233 229 220 222 199 214 234 239 228 232 221 221 236 240 234 240 231 225 234 227 228 221 206 199 226 231 233
-9999 -9999 -9999 -9999 -9999 -9999 -9999 -9999 222 218 222 213 199 199 199 204 179 194 230 211 206 184 199 203 211 162 190 216 192 175 196 213 191 206 203 185 197 233 246 244 243 250 241 246 240 233 249 245 221 217 222 227 233 228 223 218 195 197 197 220 232 225 205 215 220 234 234 234 241 237 240 240 234 231 218 208 224 231 233 233
-9999 -9999 -9999 -9999 -9999 -9999 225 221 214 206 214 202 211 216 205 209 203 196 225 212 191 192 197 225 207 179 197 216 180 167 192 221 199 209 210 193 185 197 241 246 250 250 247 250 248 249 249 243 218 213 225 238 237 225 221 208 215 201 192 214 214 208 190 216 220 228 228 232 231 231 230 236 239 233 221 231 233 234 234 233
