Electronic Materials (Flash Drives)/data/NZclimate/2050/ccsm_8_2050/bio05.nz.asc
ncols         384
nrows         384
xllcorner     164
yllcorner     -49
cellsize      0.041666666666667
NODATA_value  -9999
[rows 105 to 139 of 384, columns 240 to 319 of 384]
-9999 -9999 -9999 -9999 -9999 -9999 -9999 -9999 -9999 -9999 -9999 -9999 -9999 -9999 -9999 -9999 261 258 252 255 257 259 261 261 262 263 262 263 263 263 262 259 253 255 262 264 264 264 264 264 262 252 256 257 259 257 259 -9999 -9999 -9999 -9999 -9999 -9999 -9999 -9999 -9999 -9999 -9999 -9999 -9999 -9999 -9999 -9999 -9999 -9999 -9999 -9999 -9999 -9999 -9999 -9999 -9999 -9999 -9999 -9999 -9999 -9999 -9999 -9999 -9999
-9999 -9999 -9999 -9999 -9999 -9999 -9999 -9999 -9999 -9999 -9999 -9999 -9999 -9999 -9999 -9999 260 257 254 255 256 258 258 261 262 263 264 264 264 263 260 260 256 252 254 262 264 264 264 263 259 254 257 257 257 257 262 262 -9999 -9999 -9999 -9999 -9999 -9999 -9999 -9999 -9999 -9999 -9999 -9999 -9999 -9999 -9999 -9999 -9999 -9999 -9999 -9999 -9999 -9999 -9999 -9999 -9999 -9999 -9999 -9999 -9999 -9999 -9999 -9999
-9999 -9999 -9999 -9999 -9999 -9999 -9999 -9999 -9999 -9999 -9999 -9999 -9999 -9999 -9999 -9999 -9999 258 259 259 257 259 259 261 262 263 263 263 263 263 262 261 252 257 258 261 264 265 265 265 261 250 251 245 252 256 262 262 262 -9999 -9999 -9999 -9999 -9999 -9999 -9999 -9999 -9999 -9999 -9999 -9999 -9999 -9999 -9999 -9999 -9999 -9999 -9999 -9999 -9999 -9999 -9999 -9999 -9999 -9999 -9999 -9999 -9999 -9999 -9999
-9999 -9999 -9999 -9999 -9999 -9999 -9999 -9999 -9999 -9999 -9999 -9999 -9999 -9999 -9999 -9999 -9999 260 260 257 256 257 260 261 261 262 262 263 263 261 263 263 262 263 262 262 264 264 264 263 263 247 241 243 251 259 262 263 262 262 -9999 -9999 -9999 -9999 -9999 -9999 -9999 -9999 -9999 -9999 -9999 -9999 -9999 -9999 -9999 -9999 -9999 -9999 -9999 -9999 -9999 -9999 -9999 -9999 -9999 266 262 -9999 -9999 -9999
-9999 -9999 -9999 -9999 -9999 -9999 -9999 -9999 -9999 -9999 -9999 -9999 -9999 -9999 -9999 -9999 -9999 -9999 258 256 256 257 260 259 257 261 262 263 261 262 263 263 263 262 259 260 264 264 264 264 264 260 255 240 250 261 263 263 262 262 261 -9999 -9999 -9999 -9999 -9999 -9999 -9999 -9999 -9999 -9999 -9999 -9999 -9999 -9999 -9999 -9999 -9999 -9999 -9999 -9999 -9999 -9999 -9999 -9999 -9999 -9999 -9999 -9999 -9999
-9999 -9999 -9999 -9999 -9999 -9999 -9999 -9999 -9999 -9999 -9999 -9999 -9999 -9999 -9999 -9999 -9999 -9999 258 259 257 258 258 256 255 259 260 259 261 263 263 263 263 263 262 263 263 263 263 263 263 263 263 255 250 261 262 262 262 261 262 262 -9999 -9999 -9999 -9999 -9999 262 262 -9999 -9999 -9999 -9999 -9999 -9999 -9999 -9999 -9999 -9999 -9999 -9999 -9999 -9999 -9999 -9999 -9999 -9999 -9999 -9999 -9999
-9999 -9999 -9999 -9999 -9999 -9999 -9999 -9999 -9999 -9999 -9999 -9999 -9999 -9999 -9999 -9999 -9999 -9999 -9999 259 259 259 257 257 258 257 257 259 262 263 263 263 263 262 263 263 263 263 263 263 263 263 263 258 244 255 260 261 262 262 262 262 261 261 -9999 -9999 -9999 262 262 -9999 -9999 -9999 -9999 -9999 -9999 -9999 -9999 -9999 -9999 -9999 -9999 -9999 -9999 -9999 -9999 -9999 -9999 -9999 -9999 -9999
-9999 -9999 -9999 -9999 -9999 -9999 -9999 -9999 -9999 -9999 -9999 -9999 -9999 -9999 -9999 -9999 -9999 -9999 -9999 259 260 260 259 259 258 256 258 262 263 262 263 263 263 262 262 262 261 263 262 262 263 262 262 262 246 247 254 258 259 261 261 261 262 261 261 261 -9999 -9999 -9999 -9999 -9999 -9999 -9999 -9999 -9999 -9999 -9999 -9999 -9999 -9999 -9999 -9999 -9999 -9999 -9999 -9999 -9999 -9999 -9999 -9999
-9999 -9999 -9999 -9999 -9999 -9999 -9999 -9999 -9999 -9999 -9999 -9999 -9999 -9999 -9999 -9999 -9999 -9999 -9999 260 260 259 260 261 257 256 260 262 262 262 262 263 263 262 262 259 260 262 262 262 262 262 262 262 259 244 247 252 254 258 261 261 260 260 259 262 263 263 -9999 263 -9999 -9999 -9999 -9999 -9999 -9999 -9999 -9999 -9999 -9999 -9999 -9999 -9999 -9999 -9999 -9999 -9999 -9999 -9999 -9999
-9999 -9999 -9999 -9999 -9999 -9999 -9999 -9999 -9999 -9999 -9999 -9999 -9999 -9999 -9999 -9999 -9999 -9999 -9999 -9999 259 261 262 261 254 256 262 263 263 263 262 262 262 262 262 260 257 258 260 261 261 262 262 261 261 245 245 248 254 261 260 259 255 254 257 262 263 263 263 262 263 -9999 -9999 -9999 -9999 -9999 -9999 -9999 -9999 -9999 -9999 -9999 -9999 -9999 -9999 -9999 -9999 -9999 -9999 -9999
-9999 -9999 -9999 -9999 -9999 -9999 -9999 -9999 -9999 -9999 -9999 -9999 -9999 -9999 -9999 -9999 -9999 -9999 262 259 261 261 261 261 257 257 260 263 263 263 262 262 262 262 261 259 254 254 252 257 259 260 261 261 260 246 243 253 255 257 255 254 250 248 255 259 261 262 263 263 263 264 264 -9999 -9999 -9999 -9999 -9999 -9999 -9999 -9999 -9999 -9999 -9999 -9999 -9999 -9999 -9999 -9999 -9999
-9999 -9999 -9999 -9999 -9999 -9999 -9999 -9999 -9999 -9999 -9999 -9999 -9999 -9999 -9999 -9999 -9999 -9999 248 247 256 258 257 255 260 257 257 262 262 262 262 262 261 261 261 261 257 255 253 253 258 260 261 261 261 254 243 251 253 252 251 250 249 252 253 256 259 261 261 262 262 262 263 263 263 265 -9999 -9999 -9999 -9999 -9999 267 -9999 -9999 -9999 -9999 -9999 -9999 -9999 -9999
-9999 -9999 -9999 -9999 -9999 -9999 -9999 -9999 -9999 -9999 -9999 -9999 -9999 -9999 -9999 -9999 -9999 -9999 256 254 256 253 252 247 258 258 260 262 263 263 262 262 261 261 261 261 261 258 256 257 259 260 260 260 261 258 245 245 248 247 247 247 246 248 251 254 258 259 259 259 260 260 260 261 259 257 265 265 266 266 -9999 -9999 -9999 -9999 -9999 -9999 -9999 -9999 -9999 -9999
-9999 -9999 -9999 -9999 -9999 -9999 -9999 -9999 -9999 -9999 -9999 -9999 -9999 -9999 -9999 -9999 -9999 -9999 259 258 259 255 255 251 254 253 257 260 262 262 262 262 262 262 260 260 258 260 259 258 259 259 260 260 260 256 243 245 244 244 242 244 246 248 251 254 256 256 256 258 257 259 259 258 254 260 266 266 266 266 266 266 265 -9999 -9999 -9999 -9999 -9999 -9999 -9999
-9999 -9999 -9999 -9999 -9999 -9999 -9999 -9999 -9999 -9999 -9999 -9999 -9999 -9999 -9999 -9999 -9999 -9999 257 259 261 258 253 248 247 239 237 251 261 262 262 262 262 261 261 260 256 257 257 259 258 257 260 260 258 255 248 242 241 241 242 243 245 248 250 251 253 253 253 254 253 254 253 251 251 262 266 266 266 266 266 265 262 266 267 267 266 267 268 267
-9999 -9999 -9999 -9999 -9999 -9999 -9999 -9999 -9999 -9999 -9999 -9999 -9999 -9999 -9999 -9999 -9999 -9999 260 259 259 255 253 255 249 239 240 251 260 262 262 262 262 262 261 257 252 242 249 258 258 256 258 259 257 254 250 244 241 241 241 243 247 248 249 250 252 252 252 250 252 251 251 252 259 266 266 266 264 260 262 265 258 265 266 267 266 266 267 267
-9999 -9999 -9999 -9999 -9999 -9999 -9999 -9999 -9999 -9999 -9999 -9999 -9999 -9999 -9999 -9999 -9999 -9999 259 259 260 260 259 256 250 246 253 259 261 261 261 262 262 262 261 259 253 251 255 259 258 258 257 257 255 252 248 244 242 241 242 246 251 253 253 253 251 248 249 246 244 248 250 257 263 265 265 265 258 258 262 266 262 261 261 265 264 261 266 266
-9999 -9999 -9999 -9999 -9999 -9999 -9999 -9999 -9999 -9999 -9999 -9999 -9999 -9999 -9999 -9999 258 253 259 260 260 260 259 255 251 252 256 259 260 261 262 261 261 262 261 260 257 257 258 258 258 257 256 255 254 252 249 244 241 240 241 248 244 252 253 253 247 242 244 238 244 249 250 258 263 258 260 262 257 261 264 267 264 262 262 264 261 252 262 259
-9999 -9999 -9999 -9999 -9999 -9999 -9999 -9999 -9999 -9999 -9999 -9999 -9999 -9999 -9999 -9999 256 256 256 259 257 253 256 250 248 254 257 257 260 261 261 260 260 261 260 259 258 257 256 257 255 255 254 254 253 251 249 248 242 240 239 244 248 252 252 249 245 249 241 234 252 258 260 262 259 256 255 259 254 259 264 266 261 265 265 262 258 248 257 252
-9999 -9999 -9999 -9999 -9999 -9999 -9999 -9999 -9999 -9999 -9999 -9999 -9999 -9999 -9999 -9999 259 256 254 250 254 250 252 245 243 251 254 255 260 261 261 261 261 259 258 258 258 256 254 254 254 253 253 252 252 250 247 245 241 238 236 240 245 249 249 243 245 252 253 249 248 254 256 257 253 252 255 259 254 254 256 262 258 259 262 252 253 241 255 254
-9999 -9999 -9999 -9999 -9999 -9999 -9999 -9999 -9999 -9999 -9999 -9999 -9999 -9999 -9999 -9999 -9999 254 252 250 249 247 247 242 244 252 256 259 260 261 261 261 257 258 256 254 252 253 248 250 253 251 250 250 251 250 248 245 242 239 241 242 248 249 247 246 243 249 252 240 232 242 249 251 249 251 256 260 257 248 245 255 253 249 256 247 251 244 251 254
-9999 -9999 -9999 -9999 -9999 -9999 -9999 -9999 -9999 -9999 -9999 -9999 -9999 -9999 -9999 -9999 -9999 252 255 255 254 251 249 248 247 254 257 259 260 259 258 253 256 256 252 249 248 249 246 250 254 251 248 248 249 249 248 246 244 243 246 246 250 250 247 242 243 248 251 249 245 246 248 248 249 253 256 259 252 246 244 250 255 250 257 246 246 239 249 253
-9999 -9999 -9999 -9999 -9999 -9999 -9999 -9999 -9999 -9999 -9999 -9999 -9999 -9999 -9999 -9999 258 255 250 250 249 249 247 246 247 252 256 259 257 255 253 250 256 251 242 242 242 244 247 251 254 253 250 249 250 248 245 248 250 249 249 250 251 252 250 246 244 247 248 247 247 248 249 249 251 255 259 257 247 245 244 255 258 254 253 252 249 236 242 252
-9999 -9999 -9999 -9999 -9999 -9999 -9999 -9999 -9999 -9999 -9999 -9999 -9999 -9999 -9999 258 249 254 246 242 247 247 246 244 247 252 258 255 256 252 251 251 252 244 236 233 236 241 247 251 253 253 254 255 251 243 245 252 253 253 248 249 252 248 245 246 249 249 246 245 244 247 248 249 253 258 261 259 240 242 245 253 256 250 248 245 243 232 243 246
-9999 -9999 -9999 -9999 -9999 -9999 -9999 -9999 -9999 -9999 -9999 -9999 -9999 -9999 -9999 255 248 250 240 241 246 246 246 245 248 251 253 254 253 253 252 252 249 244 239 237 235 240 245 249 252 254 255 251 244 243 252 252 253 252 251 251 249 241 241 251 253 251 246 244 244 244 248 250 256 260 260 259 242 240 247 252 255 248 248 246 234 234 244 242
-9999 -9999 -9999 -9999 -9999 -9999 -9999 -9999 -9999 -9999 -9999 -9999 -9999 -9999 -9999 252 249 244 240 241 246 248 250 248 251 254 253 253 252 251 250 250 245 244 242 241 239 240 242 246 250 253 253 252 249 251 252 252 244 248 248 250 245 244 249 253 254 251 245 244 243 244 249 253 258 260 258 241 245 241 251 249 251 242 247 241 233 238 240 240
-9999 -9999 -9999 -9999 -9999 -9999 -9999 -9999 -9999 -9999 -9999 -9999 -9999 -9999 -9999 253 251 246 238 244 248 249 251 251 254 253 252 252 252 251 250 248 246 246 244 243 240 240 239 242 247 249 249 248 244 246 247 248 240 241 242 251 249 248 252 254 254 251 247 244 243 245 249 252 257 258 251 232 244 239 247 248 246 243 239 240 229 230 235 235
-9999 -9999 -9999 -9999 -9999 -9999 -9999 -9999 -9999 -9999 -9999 -9999 -9999 -9999 -9999 252 247 242 236 246 249 252 251 251 253 252 252 249 247 247 246 247 247 241 243 243 240 239 235 235 234 242 247 246 244 243 246 245 241 242 247 249 253 253 252 254 254 249 245 244 245 247 248 252 251 252 249 240 241 243 246 248 239 240 241 238 224 222 225 231
-9999 -9999 -9999 -9999 -9999 -9999 -9999 -9999 -9999 -9999 -9999 -9999 -9999 -9999 -9999 252 246 244 239 247 253 255 254 253 253 252 252 251 247 245 245 245 242 245 245 241 240 237 228 228 237 243 245 244 240 238 242 242 243 243 246 250 251 252 253 254 250 244 240 243 247 249 250 250 247 248 249 239 234 236 239 246 238 237 240 228 225 227 230 234
-9999 -9999 -9999 -9999 -9999 -9999 -9999 -9999 -9999 -9999 -9999 -9999 -9999 -9999 255 249 248 247 252 252 252 256 255 253 253 252 248 251 249 244 245 249 251 250 246 243 240 233 227 231 238 243 244 243 241 242 240 241 244 247 249 250 252 252 254 253 244 240 239 243 246 247 249 243 246 250 251 241 240 237 244 242 232 228 223 218 225 232 234 234
-9999 -9999 -9999 -9999 -9999 -9999 -9999 -9999 -9999 -9999 -9999 -9999 -9999 -9999 255 252 250 249 248 243 245 254 252 252 248 246 246 247 244 242 246 251 250 247 243 242 234 226 225 232 239 242 244 245 245 246 247 243 243 247 250 248 251 252 250 243 241 239 240 242 244 245 244 241 246 251 243 239 235 239 243 238 227 225 217 221 230 232 234 245
-9999 -9999 -9999 -9999 -9999 -9999 -9999 -9999 -9999 -9999 -9999 -9999 -9999 -9999 254 251 253 253 250 252 248 251 246 246 245 249 246 247 246 247 248 248 246 241 239 235 231 228 235 239 241 242 246 249 250 250 246 247 247 251 249 240 247 247 244 238 238 240 241 241 241 240 238 240 247 240 230 230 231 237 229 223 223 232 221 222 222 229 234 243
-9999 -9999 -9999 -9999 -9999 -9999 -9999 -9999 -9999 -9999 -9999 -9999 -9999 -9999 253 252 250 249 247 247 249 246 244 246 247 249 249 248 248 247 249 248 249 242 233 229 225 231 235 238 240 244 249 250 251 251 251 251 250 252 248 243 242 242 237 237 238 240 240 239 237 236 233 239 242 231 231 233 239 234 225 226 231 237 232 228 232 233 235 244
-9999 -9999 -9999 -9999 -9999 -9999 -9999 -9999 -9999 -9999 -9999 -9999 -9999 -9999 251 249 250 249 246 242 240 240 242 248 248 251 250 249 245 249 247 246 246 240 229 227 228 226 229 234 241 246 249 249 250 251 251 251 252 252 249 245 239 235 236 237 238 238 238 237 234 233 230 237 234 229 233 229 236 228 233 234 240 240 242 238 233 241 251 248
-9999 -9999 -9999 -9999 -9999 -9999 -9999 -9999 -9999 -9999 -9999 -9999 -9999 253 252 250 250 247 243 239 238 240 244 248 251 248 243 242 244 250 248 249 248 241 241 238 232 225 225 232 240 242 243 246 250 250 251 251 251 248 248 244 238 234 234 236 236 236 236 235 232 231 228 230 228 225 224 226 244 233 237 234 232 230 240 251 249 251 255 256
