Electronic Materials (Flash Drives)/data/NZclimate/2050/ccsm_8_2050/bio12nz.asc
ncols         384
nrows         384
xllcorner     164
yllcorner     -49
cellsize      0.041666666666667
NODATA_value  -9999
[rows 280 to 314 of 384, columns 78 to 155 of 384]
-9999 -9999 -9999 -9999 -9999 -9999 -9999 4545 4156 4069 3544 3328 3214 3248 3514 3745 3298 3086 2806 2901 3157 2742 2798 2877 2406 2098 2045 2509 2283 1976 2810 2927 2520 2196 1721 1635 1833 2204 2007 2442 1545 934 1144 1379 773 723 696 683 686 769 1254 1076 850 777 780 784 902 1092 1043 1725 1834 1325 1289 1006 1533 1515 1274 916 767 588 762 876 1036 847 580 539 570 566
-9999 -9999 -9999 -9999 -9999 -9999 3878 4042 3726 3359 3187 3087 3475 3718 3972 3045 2818 2875 2844 2848 2669 2649 2727 2471 2383 1959 1839 1841 1807 2113 2796 2493 2155 2065 1658 1296 1892 2504 2166 1471 1232 1361 1691 1581 983 672 692 664 635 640 865 1082 1015 960 753 778 770 762 1095 1283 1985 1378 908 779 1007 1795 1425 1179 915 696 639 867 1493 1320 692 554 553 550
-9999 -9999 -9999 -9999 3709 3556 3601 3158 3581 3569 3065 2921 3332 2916 2892 3076 2885 2829 2714 2734 2605 2453 2540 2663 2681 1957 1878 1570 1686 2355 2577 2507 2653 2139 1784 1387 2008 2316 1988 1363 1584 1962 1577 891 815 1400 1233 912 760 618 651 972 803 660 607 710 750 815 900 958 1410 1256 963 697 746 1549 1404 1141 840 1064 803 708 1143 1492 841 591 555 545
-9999 -9999 3651 3554 3414 3182 3526 3163 3254 3051 2937 2893 2877 2844 2750 2736 2707 2801 2688 2527 2285 2277 2390 2231 2802 2114 1605 1507 1882 2428 2436 2043 2134 1725 1374 1329 1959 1886 1546 1386 1759 1206 939 738 1280 1724 1687 1545 1429 763 569 587 581 592 611 696 900 1291 1198 1111 786 992 749 644 637 1118 1357 1069 1090 1214 1073 928 1009 1424 1035 750 616 553
3574 3426 3470 3148 3238 3186 3229 2955 2979 2995 2833 2821 2769 2795 2747 2608 2542 2581 2650 2515 2222 2135 2418 1974 2201 2454 1539 1428 1772 2137 2435 1819 1675 1384 1230 1810 1892 1324 1763 1451 2103 1387 771 1120 1824 1953 2174 1703 999 604 548 553 551 593 870 1048 1384 1401 1516 1054 631 644 620 607 607 798 1314 1278 1256 1185 1080 831 815 1090 1198 1107 715 660
3316 3117 3115 3183 2948 2919 2983 2985 2867 2754 2729 2611 2596 2679 2592 2539 2408 2451 2316 2121 2163 2094 2404 2254 1770 1854 1497 1369 1707 2471 1849 1620 1531 1343 1151 1452 1485 1373 1212 1306 1644 1115 1214 1579 1910 2148 1789 857 555 533 535 537 562 703 1107 1248 1003 1228 919 650 561 587 559 608 693 647 855 1278 1233 1080 1011 930 961 1068 1072 805 802 724
3050 3048 3010 3115 2930 2837 2739 2695 2704 2621 2604 2619 2515 2428 2439 2376 2317 2360 2053 2238 2299 2388 1931 2102 1906 1591 1405 1317 1460 1951 1765 1691 1251 1114 1314 1295 1054 909 928 1559 1572 1274 1513 1398 1778 1665 811 542 522 565 611 664 744 773 973 1031 800 742 602 542 526 533 542 596 602 638 701 896 1131 1131 1056 898 916 934 779 672 641 670
2948 2891 2838 2884 2860 2759 2673 2635 2620 2485 2424 2508 2470 2305 2244 2279 2081 2230 1924 2340 2087 2429 2137 1688 1704 2289 1626 1263 1225 1471 1792 1417 1255 1331 982 834 781 752 753 1017 1402 1476 1156 1017 1396 1017 549 517 544 737 991 1215 1216 978 860 764 577 529 512 505 499 573 648 561 553 569 605 678 692 671 609 574 600 677 914 784 730 643
2849 2784 2743 2688 2631 2566 2507 2473 2522 2420 2443 2223 2389 2204 2040 1984 2055 2168 1877 2017 2242 2385 2082 1788 1797 2200 1936 1219 1170 1858 1720 1132 1525 1129 939 830 866 1092 1087 930 732 799 750 767 758 716 523 516 657 1072 1470 1597 1281 835 599 530 507 500 491 482 521 623 510 540 622 551 545 574 570 556 539 526 538 666 1034 905 805 714
2772 2754 2637 2606 2635 2570 2486 2329 2518 2332 2178 2067 2148 2003 1852 1875 2153 1802 1774 2019 2156 2113 2215 1501 1945 1962 1683 1168 1097 1294 1089 988 919 859 816 794 991 2261 2056 1463 1114 938 671 929 738 527 507 560 829 1178 1467 1001 668 526 513 498 483 471 486 500 491 482 547 716 553 494 494 502 502 498 506 489 506 567 872 1078 915 737
2639 2642 2565 2540 2424 2391 2389 2211 2169 2315 2262 2046 1797 1674 1612 1591 1675 1605 2090 2091 1953 1924 1993 1433 1717 1889 1408 1147 1049 1008 964 1003 1199 1644 844 766 1148 2014 2047 1569 1199 897 963 1019 839 548 534 697 635 583 750 581 511 496 497 485 462 483 505 476 477 530 730 609 490 457 451 458 458 458 469 470 489 541 641 973 844 868
2651 2519 2466 2548 2434 2203 2115 2056 1933 1877 1948 2005 1751 1479 1422 1419 1429 1536 1812 1900 2129 1559 1590 1959 1497 1783 1273 1377 1332 1336 1530 1555 1689 1378 1067 757 1151 1946 2111 1707 1282 927 1094 1221 1063 625 570 763 876 504 511 485 481 469 460 492 536 523 473 474 503 675 749 572 462 442 435 432 425 431 444 455 474 523 598 758 975 860
2556 2409 2564 2436 2334 2318 2304 2217 2052 1759 1613 1524 1422 1331 1296 1301 1320 1447 1769 1612 1982 1414 1750 1831 1752 1220 1338 1626 1730 1581 1711 1390 1242 1003 911 752 1267 1976 1942 1766 1155 798 910 1268 1065 798 689 613 611 461 442 450 445 439 452 499 575 484 476 495 601 770 753 603 460 436 427 420 414 416 436 447 468 522 634 652 755 970
2559 2464 2412 2211 2358 2359 2281 2279 2247 2025 1551 1420 1340 1263 1235 1231 1333 1403 1739 1428 1898 1679 1486 1587 1496 1199 1328 1880 1612 1361 1213 1375 1277 1598 1318 758 1138 1613 1979 1623 955 960 1185 1684 1423 1113 818 721 537 443 432 436 435 447 477 528 525 494 496 536 599 704 791 556 452 436 433 432 441 491 591 556 495 567 698 644 635 704
2406 2414 2411 2056 2144 2094 2231 2237 2068 2018 1745 1349 1280 1216 1212 1201 1282 1276 1347 1683 1603 1764 1429 1499 1230 1392 1692 1780 1500 1548 1566 1588 1511 1382 1632 798 881 1672 1737 1292 1111 1454 1543 1814 1603 1342 1254 1006 599 482 449 466 485 481 495 526 566 570 587 648 706 749 751 522 454 443 457 477 598 756 753 634 503 559 639 696 651 611
2186 2289 2346 2162 1872 1971 1753 2077 2066 1970 1717 1301 1227 1171 1201 1163 1180 1403 1262 1375 1445 1476 1196 1173 1444 1925 1627 1681 1719 1771 1645 1391 1072 1237 1272 802 959 1609 1340 990 1420 1645 1713 1558 1574 1402 1527 1281 691 527 512 578 533 539 631 615 632 630 682 746 764 828 675 472 459 475 605 739 949 1010 905 616 498 591 628 683 694 616
2338 2265 2264 2283 2265 2097 1841 1636 1491 1381 1298 1239 1176 1145 1125 1166 1135 1186 1179 1319 1164 1289 1269 1170 1586 1887 1517 1304 1288 1253 1071 1019 1014 1084 800 972 1502 1338 989 1314 1626 1728 1492 1455 1365 1578 1488 1270 651 535 583 707 664 707 680 672 704 730 796 807 912 869 639 499 507 523 742 919 1055 1050 750 508 519 607 674 638 648 676
2290 2276 2015 2100 2268 2033 1923 2120 1934 1500 1247 1191 1145 1125 1115 1096 1236 1191 1263 1187 1208 1317 1153 1613 1512 1683 1651 1234 1074 1291 1055 881 892 818 807 1001 1460 1106 1255 1452 1663 1651 1403 1183 1170 1324 1551 1196 662 522 619 706 771 756 747 726 726 738 843 970 915 766 611 589 587 664 950 1113 1067 733 518 512 595 648 642 657 677 694
2185 2068 1988 2000 2147 2050 1892 1666 1604 1346 1219 1161 1130 1107 1086 1081 1194 1153 1151 1047 1064 1123 1551 1508 1598 1729 1412 1430 1044 1192 1076 930 906 934 795 860 1098 1320 1471 1559 1526 1308 1276 1006 978 1207 1337 1233 714 525 539 646 810 790 772 771 746 769 839 832 753 632 586 613 723 884 1037 1121 713 508 506 568 670 634 638 704 718 740
2070 2113 1844 1815 1846 1576 1500 1383 1307 1275 1193 1160 1118 1099 1077 1065 1087 1059 1037 1040 1027 1166 1357 1222 1406 1414 1138 1148 1112 937 914 905 846 875 804 947 960 1171 1406 1503 1401 1205 1060 820 767 1078 1089 1120 694 521 544 654 770 832 852 814 792 770 758 721 671 607 667 789 887 1009 1070 779 515 507 546 625 654 644 679 721 798 785
1966 1823 1894 1784 1571 1482 1412 1346 1280 1222 1173 1132 1097 1073 1055 1054 1047 1019 1089 1096 1025 1046 1032 1138 1085 1029 1050 1027 955 926 881 846 869 907 842 874 1008 1061 1214 1143 1174 1128 849 760 893 975 980 962 697 545 600 649 662 700 803 849 771 744 765 698 711 794 875 843 843 915 918 554 515 526 561 614 656 663 721 797 836 791
2121 2057 1945 1670 1942 1770 1416 1318 1261 1208 1164 1129 1111 1076 1058 1043 1035 1082 1104 1028 1005 962 1066 1152 959 1027 961 911 907 900 987 969 894 848 945 1088 1020 1083 1004 828 815 818 747 1000 1233 1042 869 975 899 609 620 632 665 691 737 770 739 730 841 791 827 861 853 830 838 860 704 546 541 552 586 619 652 690 789 827 821 838
2053 1948 1686 2016 2005 2017 1569 1330 1303 1253 1160 1129 1116 1156 1221 1304 1245 1283 1408 1026 1002 947 959 1072 949 927 905 896 889 924 1212 1078 946 893 1074 964 966 927 872 787 770 756 892 1130 1131 979 840 979 931 654 630 646 647 703 803 824 802 851 951 921 884 959 921 815 698 631 597 592 588 589 614 644 689 737 804 857 841 867
2085 1858 1677 2144 1872 1793 1840 1456 1311 1326 1160 1132 1297 1623 1701 1664 1546 1146 1224 1011 961 947 933 922 917 909 903 896 898 982 992 1047 1012 897 1005 918 892 895 832 800 796 846 909 1035 963 813 778 822 764 697 679 677 677 693 737 857 910 1011 1030 943 1011 1012 900 756 723 693 697 683 673 667 666 682 715 781 842 841 887 888
1949 1783 1836 1983 1985 1719 2005 1511 1244 1201 1162 1173 1583 1690 1724 1497 1230 1083 1176 1021 947 939 933 923 923 911 906 899 930 977 941 954 946 869 914 917 872 841 836 823 888 867 1009 898 852 831 843 839 774 748 732 729 727 715 713 742 837 1031 1042 1034 1053 994 875 748 744 706 696 719 707 708 704 721 755 789 847 924 951 964
2028 1837 1745 1969 1836 1518 1512 1345 1247 1226 1182 1218 1503 1680 1749 1549 1232 1092 1043 987 955 935 927 945 985 970 921 907 908 935 928 902 913 875 870 864 852 849 856 851 879 947 1016 908 879 846 856 849 826 793 780 791 782 769 742 749 805 902 992 1062 1049 978 845 846 823 802 790 801 815 809 789 778 801 842 868 955 989 1021
1951 1683 1714 1949 1921 1474 1323 1281 1244 1208 1164 1212 1579 1639 1458 1422 1113 1183 1107 1074 999 935 928 931 986 974 932 914 906 906 917 902 886 869 860 850 845 871 932 885 914 916 980 938 876 838 840 846 832 823 815 807 810 819 786 788 779 862 885 941 985 976 889 862 831 816 791 797 830 828 828 836 853 857 914 999 1050 1064
1973 1919 1620 1922 1653 1373 1325 1309 1244 1199 1159 1133 1206 1273 1202 1121 1090 1145 1147 1084 975 940 953 952 941 968 941 926 924 914 908 909 891 870 855 846 838 861 873 923 910 913 929 902 889 882 885 868 863 856 850 841 839 835 823 789 804 852 866 869 876 857 840 841 857 857 852 856 861 845 829 844 852 892 942 1008 1089 1087
1901 1843 1529 1813 1500 1408 1486 1318 1270 1193 1155 1119 1096 1090 1089 1112 1098 1066 1130 1024 955 941 1001 1039 940 929 919 952 984 948 924 914 899 881 855 838 830 826 847 893 870 896 943 895 902 890 875 873 879 880 877 914 900 861 834 801 783 787 844 892 891 858 860 877 899 915 920 938 995 940 715 716 763 755 777 886 1112 1078
1779 1904 1733 1513 1532 1549 1361 1319 1226 1187 1149 1115 1085 1060 1063 1068 1036 1010 1038 1034 950 944 1002 1023 933 920 926 981 1056 1039 989 933 915 900 870 845 834 828 850 882 881 879 892 884 900 890 891 896 903 901 945 989 911 866 840 827 783 747 749 793 855 862 854 905 949 924 960 973 980 765 653 667 702 765 866 833 921 907
1652 1581 1796 1630 1465 1352 1321 1270 1221 1182 1149 1113 1081 1062 1046 1029 1015 1008 1005 978 951 947 1003 1037 963 919 940 1015 1084 1071 1108 1048 954 897 885 877 858 844 850 889 881 886 886 903 909 909 914 914 921 992 1057 966 907 846 826 813 765 738 762 757 774 788 850 951 985 951 844 786 710 679 674 752 840 825 870 804 845 -9999
1950 1516 1534 1440 1393 1344 1299 1258 1219 1185 1152 1118 1086 1073 1064 1109 1040 1011 990 971 949 938 962 987 994 926 927 1018 1095 1055 1131 1151 1140 1093 1031 980 911 881 878 893 906 915 908 921 924 929 942 922 950 1005 953 937 864 808 784 767 745 792 816 740 729 757 912 953 957 928 813 739 709 703 735 797 784 -9999 -9999 -9999 -9999 -9999
1658 1515 1483 1430 1387 1340 1302 1271 1233 1195 1158 1133 1102 1089 1073 1092 1060 1023 996 972 948 930 925 919 922 919 924 963 1043 1138 1171 1178 1167 1126 1108 1070 1025 1041 1001 928 925 942 933 940 954 955 958 932 966 946 912 859 814 773 737 721 761 792 753 751 762 817 870 877 866 837 767 726 760 811 768 762 -9999 -9999 -9999 -9999 -9999 -9999
1550 1554 1482 1426 1395 1338 1305 1270 1242 1200 1169 1149 1124 1110 1094 1080 1062 1040 1011 978 946 925 920 914 909 909 919 935 970 1032 1055 1169 1199 1186 1178 1150 1140 1086 1090 1004 952 961 962 976 970 999 989 958 952 924 879 826 789 746 713 699 724 725 753 806 859 768 767 808 764 759 767 840 852 863 768 735 -9999 -9999 -9999 -9999 -9999 -9999
1552 1687 1532 1420 1381 1339 1307 1271 1240 1207 1181 1162 1142 1131 1140 1109 1086 1068 1035 994 953 929 920 912 903 902 923 961 953 980 1042 1153 1195 1205 1209 1187 1118 1062 1025 1008 989 1019 1033 1002 995 1003 986 972 963 920 887 832 775 729 697 679 690 714 752 810 825 749 712 715 720 723 781 927 903 797 774 -9999 -9999 -9999 -9999 -9999 -9999 -9999
