Electronic Materials (Flash Drives)/data/NZclimate/2050/ccsm_8_2050/bio12nz.asc
ncols         384
nrows         384
xllcorner     164
yllcorner     -49
cellsize      0.041666666666667
NODATA_value  -9999
[rows 245 to 279 of 384, columns 78 to 155 of 384]
-9999 -9999 -9999 -9999 -9999 -9999 -9999 -9999 -9999 -9999 -9999 -9999 -9999 -9999 -9999 -9999 -9999 -9999 -9999 -9999 -9999 -9999 -9999 -9999 -9999 -9999 -9999 -9999 -9999 -9999 -9999 -9999 -9999 -9999 -9999 -9999 -9999 -9999 -9999 -9999 -9999 -9999 -9999 -9999 -9999 -9999 -9999 -9999 -9999 -9999 -9999 -9999 -9999 -9999 -9999 -9999 -9999 -9999 -9999 -9999 -9999 -9999 -9999 -9999 -9999 -9999 -9999 -9999 4405 4436 4369 4337 4346 4281 4162 4045 3905 3653
-9999 -9999 -9999 -9999 -9999 -9999 -9999 -9999 -9999 -9999 -9999 -9999 -9999 -9999 -9999 -9999 -9999 -9999 -9999 -9999 -9999 -9999 -9999 -9999 -9999 -9999 -9999 -9999 -9999 -9999 -9999 -9999 -9999 -9999 -9999 -9999 -9999 -9999 -9999 -9999 -9999 -9999 -9999 -9999 -9999 -9999 -9999 -9999 -9999 -9999 -9999 -9999 -9999 -9999 -9999 -9999 -9999 -9999 -9999 -9999 -9999 -9999 -9999 -9999 -9999 -9999 -9999 4460 4419 4450 4443 4357 4284 4268 4237 4120 3677 3647
-9999 -9999 -9999 -9999 -9999 -9999 -9999 -9999 -9999 -9999 -9999 -9999 -9999 -9999 -9999 -9999 -9999 -9999 -9999 -9999 -9999 -9999 -9999 -9999 -9999 -9999 -9999 -9999 -9999 -9999 -9999 -9999 -9999 -9999 -9999 -9999 -9999 -9999 -9999 -9999 -9999 -9999 -9999 -9999 -9999 -9999 -9999 -9999 -9999 -9999 -9999 -9999 -9999 -9999 -9999 -9999 -9999 -9999 -9999 -9999 -9999 -9999 -9999 -9999 -9999 -9999 4423 4421 4373 4405 4309 4221 4082 4051 3793 3691 3574 3433
-9999 -9999 -9999 -9999 -9999 -9999 -9999 -9999 -9999 -9999 -9999 -9999 -9999 -9999 -9999 -9999 -9999 -9999 -9999 -9999 -9999 -9999 -9999 -9999 -9999 -9999 -9999 -9999 -9999 -9999 -9999 -9999 -9999 -9999 -9999 -9999 -9999 -9999 -9999 -9999 -9999 -9999 -9999 -9999 -9999 -9999 -9999 -9999 -9999 -9999 -9999 -9999 -9999 -9999 -9999 -9999 -9999 -9999 -9999 -9999 -9999 -9999 -9999 -9999 4438 4468 4450 4478 4335 4232 4182 4081 3953 3856 3773 3518 3399 3201
-9999 -9999 -9999 -9999 -9999 -9999 -9999 -9999 -9999 -9999 -9999 -9999 -9999 -9999 -9999 -9999 -9999 -9999 -9999 -9999 -9999 -9999 -9999 -9999 -9999 -9999 -9999 -9999 -9999 -9999 -9999 -9999 -9999 -9999 -9999 -9999 -9999 -9999 -9999 -9999 -9999 -9999 -9999 -9999 -9999 -9999 -9999 -9999 -9999 -9999 -9999 -9999 -9999 -9999 -9999 -9999 -9999 -9999 -9999 -9999 -9999 4634 4615 4631 4556 4567 4506 4394 4328 4150 4052 3996 3876 3902 3776 3376 3225 3272
-9999 -9999 -9999 -9999 -9999 -9999 -9999 -9999 -9999 -9999 -9999 -9999 -9999 -9999 -9999 -9999 -9999 -9999 -9999 -9999 -9999 -9999 -9999 -9999 -9999 -9999 -9999 -9999 -9999 -9999 -9999 -9999 -9999 -9999 -9999 -9999 -9999 -9999 -9999 -9999 -9999 -9999 -9999 -9999 -9999 -9999 -9999 -9999 -9999 -9999 -9999 -9999 -9999 -9999 -9999 -9999 -9999 -9999 -9999 -9999 4663 4626 4626 4538 4469 4418 4351 4301 4316 4175 3994 3868 3744 3707 3668 3388 3295 3706
-9999 -9999 -9999 -9999 -9999 -9999 -9999 -9999 -9999 -9999 -9999 -9999 -9999 -9999 -9999 -9999 -9999 -9999 -9999 -9999 -9999 -9999 -9999 -9999 -9999 -9999 -9999 -9999 -9999 -9999 -9999 -9999 -9999 -9999 -9999 -9999 -9999 -9999 -9999 -9999 -9999 -9999 -9999 -9999 -9999 -9999 -9999 -9999 -9999 -9999 -9999 -9999 -9999 -9999 -9999 -9999 -9999 -9999 -9999 4626 4614 4511 4396 4345 4254 4216 4247 4342 4151 4009 4004 4043 3881 4078 3602 3664 3411 3138
-9999 -9999 -9999 -9999 -9999 -9999 -9999 -9999 -9999 -9999 -9999 -9999 -9999 -9999 -9999 -9999 -9999 -9999 -9999 -9999 -9999 -9999 -9999 -9999 -9999 -9999 -9999 -9999 -9999 -9999 -9999 -9999 -9999 -9999 -9999 -9999 -9999 -9999 -9999 -9999 -9999 -9999 -9999 -9999 -9999 -9999 -9999 -9999 -9999 -9999 -9999 -9999 -9999 -9999 -9999 -9999 -9999 -9999 4613 4575 4478 4400 4279 4498 4524 4346 4279 4152 4041 4002 4251 4118 4068 3840 4060 3580 3711 2709
-9999 -9999 -9999 -9999 -9999 -9999 -9999 -9999 -9999 -9999 -9999 -9999 -9999 -9999 -9999 -9999 -9999 -9999 -9999 -9999 -9999 -9999 -9999 -9999 -9999 -9999 -9999 -9999 -9999 -9999 -9999 -9999 -9999 -9999 -9999 -9999 -9999 -9999 -9999 -9999 -9999 -9999 -9999 -9999 -9999 -9999 -9999 -9999 -9999 -9999 -9999 -9999 -9999 -9999 -9999 -9999 4717 4694 4598 4531 4434 4241 4587 4478 4296 4404 4294 4101 3918 4401 4198 3552 3705 3947 3423 3420 3256 2515
-9999 -9999 -9999 -9999 -9999 -9999 -9999 -9999 -9999 -9999 -9999 -9999 -9999 -9999 -9999 -9999 -9999 -9999 -9999 -9999 -9999 -9999 -9999 -9999 -9999 -9999 -9999 -9999 -9999 -9999 -9999 -9999 -9999 -9999 -9999 -9999 -9999 -9999 -9999 -9999 -9999 -9999 -9999 -9999 -9999 -9999 -9999 -9999 -9999 -9999 -9999 -9999 5361 5328 5070 4960 4706 4655 4523 4691 4653 4363 4295 4270 4211 4051 3937 3820 4018 4294 3616 3475 3772 3154 3365 3695 3223 2287
-9999 -9999 -9999 -9999 -9999 -9999 -9999 -9999 -9999 -9999 -9999 -9999 -9999 -9999 -9999 -9999 -9999 -9999 -9999 -9999 -9999 -9999 -9999 -9999 -9999 -9999 -9999 -9999 -9999 -9999 -9999 -9999 -9999 -9999 -9999 -9999 -9999 -9999 -9999 -9999 -9999 -9999 -9999 -9999 -9999 -9999 -9999 -9999 -9999 -9999 5539 5574 5451 5381 5098 4913 4685 4781 4639 4530 4343 4228 4298 4169 4056 4010 3981 3706 3690 3645 3410 3228 3172 3414 3489 2977 3198 2096
-9999 -9999 -9999 -9999 -9999 -9999 -9999 -9999 -9999 -9999 -9999 -9999 -9999 -9999 -9999 -9999 -9999 -9999 -9999 -9999 -9999 -9999 -9999 -9999 -9999 -9999 -9999 -9999 -9999 -9999 -9999 -9999 -9999 -9999 -9999 -9999 -9999 -9999 -9999 -9999 -9999 -9999 -9999 -9999 -9999 -9999 -9999 5343 5448 5542 5534 5481 5413 5265 5075 4857 4700 4627 4421 4327 4321 4096 4141 4021 3894 3875 4021 3865 3585 3416 3237 3440 3446 3412 3265 2655 3153 2438
-9999 -9999 -9999 -9999 -9999 -9999 -9999 -9999 -9999 -9999 -9999 -9999 -9999 -9999 -9999 -9999 -9999 -9999 -9999 -9999 -9999 -9999 -9999 -9999 -9999 -9999 -9999 -9999 -9999 -9999 -9999 -9999 -9999 -9999 -9999 -9999 -9999 -9999 -9999 -9999 -9999 -9999 -9999 -9999 -9999 5171 5339 5418 5380 5406 5400 5325 5226 5090 4906 4596 4448 4422 4322 4157 4054 4011 3895 3865 3691 3756 3720 3467 3545 3080 3028 3310 2895 3250 3207 2453 2970 2880
-9999 -9999 -9999 -9999 -9999 -9999 -9999 -9999 -9999 -9999 -9999 -9999 -9999 -9999 -9999 -9999 -9999 -9999 -9999 -9999 -9999 -9999 -9999 -9999 -9999 -9999 -9999 -9999 -9999 -9999 -9999 -9999 -9999 -9999 -9999 -9999 -9999 -9999 -9999 -9999 -9999 -9999 -9999 -9999 4999 5083 5282 5338 5347 5264 5184 4990 4590 4827 4749 4528 4350 4227 4036 4005 3942 3836 3760 3651 3611 3623 3551 3543 3029 2685 3103 2897 2887 3241 2935 2231 2853 2534
-9999 -9999 -9999 -9999 -9999 -9999 -9999 -9999 -9999 -9999 -9999 -9999 -9999 -9999 -9999 -9999 -9999 -9999 -9999 -9999 -9999 -9999 -9999 -9999 -9999 -9999 -9999 -9999 -9999 -9999 -9999 -9999 -9999 -9999 -9999 -9999 -9999 -9999 -9999 -9999 -9999 -9999 -9999 4838 4887 4915 5075 5216 4975 4853 4927 4793 4644 4478 4491 4309 4061 4034 3955 3877 3773 3575 3556 3589 3485 3345 3402 3205 2599 2231 2680 2438 3026 3002 2529 1940 2284 2051
-9999 -9999 -9999 -9999 -9999 -9999 -9999 -9999 -9999 -9999 -9999 -9999 -9999 -9999 -9999 -9999 -9999 -9999 -9999 -9999 -9999 -9999 -9999 -9999 -9999 -9999 -9999 -9999 -9999 -9999 -9999 -9999 -9999 -9999 -9999 -9999 -9999 -9999 -9999 -9999 -9999 4633 4676 4711 4698 4799 4857 4729 4797 4676 4456 4273 4226 4085 4105 4009 3905 3826 3740 3568 3409 3604 3581 3375 3452 3015 3392 3001 2265 1814 1917 2325 2642 2773 2207 2155 1265 1118
-9999 -9999 -9999 -9999 -9999 -9999 -9999 -9999 -9999 -9999 -9999 -9999 -9999 -9999 -9999 -9999 -9999 -9999 -9999 -9999 -9999 -9999 -9999 -9999 -9999 -9999 -9999 -9999 -9999 -9999 -9999 -9999 -9999 -9999 -9999 -9999 -9999 -9999 -9999 4505 4521 4519 4513 4513 4582 4639 4717 4575 4463 4493 4162 4105 4164 3999 4116 3958 3801 3651 3453 3333 3505 3360 3171 3146 3173 2776 3448 3075 2100 1522 1545 1944 2094 1974 1727 1405 1128 945
-9999 -9999 -9999 -9999 -9999 -9999 -9999 -9999 -9999 -9999 -9999 -9999 -9999 -9999 -9999 -9999 -9999 -9999 -9999 -9999 -9999 -9999 -9999 -9999 -9999 -9999 -9999 -9999 -9999 -9999 -9999 -9999 -9999 -9999 -9999 -9999 -9999 4341 4370 4363 4335 4318 4393 4394 4370 4375 4432 4351 4407 4337 4237 4096 4125 3992 3834 3725 3604 3476 3344 3444 3392 3086 2932 3292 2597 2680 3263 2814 2073 1290 1173 1441 1596 1457 1310 1117 946 848
-9999 -9999 -9999 -9999 -9999 -9999 -9999 -9999 -9999 -9999 -9999 -9999 -9999 -9999 -9999 -9999 -9999 -9999 -9999 -9999 -9999 -9999 -9999 -9999 -9999 -9999 -9999 -9999 -9999 -9999 4644 4583 4544 4428 4354 4295 4261 4240 4211 4228 4220 4238 4211 4224 4174 4116 4180 4158 4009 4058 4045 3971 3814 3767 3637 3564 3489 3405 3447 3154 3235 2693 2994 3243 2114 2768 3017 3004 2127 1113 986 1008 1125 1120 1036 992 819 783
-9999 -9999 -9999 -9999 -9999 -9999 -9999 -9999 -9999 -9999 -9999 -9999 -9999 -9999 -9999 -9999 -9999 -9999 -9999 -9999 -9999 -9999 -9999 -9999 -9999 -9999 4915 4835 4661 4571 4482 4422 4364 4293 4239 4181 4123 4070 4043 4072 4062 4041 4043 4008 3954 4000 3972 3983 4047 4011 3958 3829 3725 3545 3442 3425 3273 3118 3349 3047 2901 2328 3009 2456 1959 2700 2898 2751 2052 986 888 851 872 932 857 772 701 684
-9999 -9999 -9999 -9999 -9999 -9999 -9999 -9999 -9999 -9999 -9999 -9999 -9999 -9999 -9999 -9999 -9999 -9999 -9999 -9999 -9999 -9999 -9999 -9999 -9999 4908 4839 4731 4621 4488 4295 4166 4097 4103 4052 3991 3942 3933 3862 3889 3910 3868 3882 3858 3857 3801 3887 3759 3829 3574 3575 3752 3554 3381 3333 3269 2953 3138 3259 3024 3028 2199 2053 1701 2382 2670 2624 2204 1784 897 821 764 739 734 682 666 661 656
-9999 -9999 -9999 -9999 -9999 -9999 -9999 -9999 -9999 -9999 -9999 -9999 -9999 -9999 -9999 -9999 -9999 -9999 -9999 -9999 -9999 -9999 -9999 -9999 4848 4631 4584 4329 4209 4195 4245 3990 3948 3896 3833 3793 3829 3700 3647 3736 3721 3699 3686 3664 3627 3589 3609 3583 3473 3426 3610 3354 3305 3226 3126 2881 2915 3161 3024 2826 2824 2033 1510 1690 2774 2525 2019 1330 1232 826 764 717 709 654 641 640 649 655
-9999 -9999 -9999 -9999 -9999 -9999 -9999 -9999 -9999 -9999 -9999 -9999 -9999 -9999 -9999 -9999 -9999 -9999 -9999 -9999 -9999 -9999 -9999 4905 4715 4403 4167 4070 4007 3916 3992 3801 3736 3684 3655 3597 3589 3558 3633 3564 3490 3611 3516 3536 3504 3464 3382 3346 3401 3369 3299 3206 3148 3135 2854 2800 3156 2698 3003 2816 2359 1739 1305 1729 2499 1887 1186 943 846 767 718 673 711 635 631 634 645 659
-9999 -9999 -9999 -9999 -9999 -9999 -9999 -9999 -9999 -9999 -9999 -9999 -9999 -9999 -9999 -9999 -9999 -9999 -9999 -9999 -9999 5045 4707 4682 4458 4222 4020 3885 3918 3827 3656 3663 3688 3488 3471 3504 3323 3436 3475 3522 3462 3463 3378 3320 3328 3218 3197 3112 3100 3113 3115 3100 2911 2778 2596 2928 2814 2422 2722 2624 2180 1649 1165 1640 2285 1399 934 825 768 721 679 645 629 625 631 635 643 664
-9999 -9999 -9999 -9999 -9999 -9999 -9999 -9999 -9999 -9999 -9999 -9999 -9999 -9999 -9999 -9999 -9999 -9999 -9999 5332 5111 4729 4341 4158 4200 3842 3713 3706 3746 3553 3549 3507 3367 3356 3316 3438 3129 3450 3666 3399 3320 3323 3046 3014 3177 3116 2962 2706 3097 2977 3065 2827 2775 2426 2847 2767 2233 2544 2800 2337 2597 1433 1072 1524 1888 1207 820 766 728 692 670 644 625 635 625 625 641 654
-9999 -9999 -9999 -9999 -9999 -9999 -9999 -9999 -9999 -9999 -9999 -9999 -9999 -9999 -9999 -9999 -9999 -9999 -9999 5242 4873 4270 3994 3816 3901 3660 3565 3552 3536 3559 3453 3249 3277 3155 3053 3072 3043 3032 3439 3004 3011 2944 3070 3035 2770 2645 2345 2741 2943 2772 2754 2801 2380 2318 2779 2413 2063 2769 2354 2574 2361 1328 998 1169 1037 806 759 717 690 668 651 642 626 619 599 633 621 769
-9999 -9999 -9999 -9999 -9999 -9999 -9999 -9999 -9999 -9999 -9999 -9999 -9999 -9999 -9999 -9999 -9999 5521 5401 5236 5093 4920 4666 4346 3829 3500 3482 3362 3480 3407 3170 3167 3017 3224 2843 3302 2864 3233 3149 3223 2983 2919 2877 2873 2826 2420 2173 2803 2904 2832 2572 2286 1968 2504 2361 2397 1901 2169 2055 2425 2329 1357 988 876 816 765 722 679 749 653 633 629 619 612 596 593 684 1023
-9999 -9999 -9999 -9999 -9999 -9999 -9999 -9999 -9999 -9999 -9999 -9999 -9999 -9999 -9999 -9999 -9999 5510 5161 4082 4297 3868 4134 3860 3437 3352 3326 3380 3384 3070 3035 3117 3293 2877 3042 3265 3170 3460 2785 3137 2780 2776 2661 2488 2297 1865 2173 2663 2746 2632 2391 1853 1991 2443 2023 2422 2024 1527 1865 2072 1667 1216 921 822 757 736 661 681 1324 974 610 610 601 594 596 591 691 813
-9999 -9999 -9999 -9999 -9999 -9999 -9999 -9999 -9999 -9999 -9999 -9999 -9999 -9999 -9999 5521 5413 4736 5103 4713 4047 3433 3538 3970 3309 3288 3534 3245 3076 2928 2943 2944 3165 2943 3199 3637 3046 2549 2669 3047 2968 2647 2831 2540 1811 1600 1833 2583 2416 2117 1874 1548 1973 1840 2009 2315 1881 1579 1384 1488 1994 1323 843 764 750 676 792 991 1870 977 590 588 572 581 593 725 655 806
-9999 -9999 -9999 -9999 -9999 -9999 -9999 -9999 -9999 -9999 -9999 -9999 -9999 -9999 5675 5000 4806 4607 4442 4608 3438 3386 3494 3747 3280 3275 3583 3458 2955 2887 3098 3389 3441 3059 2754 3457 2777 2245 2808 2942 2654 2720 2721 2358 1614 1411 1601 1736 1638 1433 1388 1507 1693 1956 2175 2235 1721 1527 1208 1316 1664 1163 740 738 644 613 625 927 1552 1151 609 562 578 750 710 1094 866 726
-9999 -9999 -9999 -9999 -9999 -9999 -9999 -9999 -9999 -9999 -9999 -9999 -9999 5850 5226 4158 4794 3943 3389 4623 3258 3223 3916 3154 3014 3152 3449 3147 3036 3444 3149 3313 3075 2601 2506 2626 2437 1931 1982 2383 2868 2538 2255 2336 1556 1252 1938 1646 1202 1333 1982 2105 2157 2024 2063 1678 1640 1872 1390 1230 1259 898 691 628 598 581 571 567 951 1194 570 615 690 1050 955 1568 1270 1055
-9999 -9999 -9999 -9999 -9999 -9999 -9999 -9999 -9999 -9999 -9999 -9999 -9999 5799 4747 4181 3542 3431 3287 4540 3233 3737 3213 3041 3131 3285 3012 2779 2678 2640 2741 2828 3320 3157 2554 2337 2443 2780 2212 1547 2224 2935 2289 1538 1231 1263 1889 1346 1044 1285 1458 1477 1692 1716 1740 1373 1278 1714 1233 1063 1230 725 635 585 582 943 755 540 615 621 540 604 912 636 835 1075 857 858
-9999 -9999 -9999 -9999 -9999 -9999 -9999 -9999 -9999 -9999 -9999 -9999 5615 5160 3600 3473 3343 3250 3265 3410 4349 3524 3004 3192 2926 2966 2512 3015 3208 2858 2663 3047 3052 2724 2467 2886 2519 2747 2329 1383 1807 2367 1696 1092 1068 1643 1717 1264 910 1034 1765 1715 1821 1894 1433 1105 1146 1336 1221 1776 1342 789 623 828 706 952 919 574 515 558 521 606 685 548 634 620 732 1046
-9999 -9999 -9999 -9999 -9999 -9999 -9999 -9999 -9999 -9999 4840 4550 4816 4004 3395 3234 3152 3119 3297 3101 4148 2967 2790 3053 2773 2665 2505 3374 2780 2218 2713 3059 2576 2149 2645 2270 2306 2704 2413 1502 1181 1161 1152 979 1141 967 1090 1276 801 894 1510 1586 1419 1233 1058 1137 1226 1291 1840 1761 1717 1090 733 874 1365 1069 905 574 548 553 515 526 526 535 554 579 750 962
-9999 -9999 -9999 -9999 -9999 -9999 -9999 -9999 4903 4619 3956 3545 4026 3216 3305 3528 3101 3146 2859 2956 3637 2790 2875 2815 2680 2241 2433 2947 2552 2105 2891 3146 2574 1852 2377 2109 2053 2446 2609 2301 1172 1038 937 886 914 800 774 756 726 867 1515 1599 1250 897 898 1136 1196 1489 1277 1584 1788 1198 1152 1272 1738 999 859 662 645 566 561 560 586 539 535 567 683 591
