Electronic Materials (Flash Drives)/data/NZclimate/2050/ccsm_8_2050/bio12nz.asc
ncols         384
nrows         384
xllcorner     164
yllcorner     -49
cellsize      0.041666666666667
NODATA_value  -9999
[rows 140 to 174 of 384, columns 234 to 311 of 384]
-9999 -9999 -9999 -9999 -9999 -9999 -9999 -9999 -9999 -9999 -9999 -9999 -9999 -9999 -9999 -9999 -9999 -9999 1651 1902 1796 1852 1947 2064 2271 2529 2546 2515 2297 1808 1806 1905 1930 1844 1918 1569 1527 1513 1441 1458 1504 1700 2163 2576 2425 2000 1575 1519 1505 1455 1436 1424 1407 1380 1427 1535 1523 1556 1697 1827 1907 1863 1817 1832 1877 1997 2026 2281 2342 2364 2510 2399 2325 2298 2186 1832 2204 2157
-9999 -9999 -9999 -9999 -9999 -9999 -9999 -9999 -9999 -9999 -9999 -9999 -9999 -9999 -9999 -9999 -9999 1726 1959 1979 2007 2030 1977 1997 2189 2446 2478 2441 2161 1884 1753 1789 1885 1698 1832 1582 1495 1476 1405 1398 1443 1735 2118 2178 2060 1814 1806 1640 1495 1478 1483 1467 1476 1625 1752 1664 1658 1632 1684 1857 1899 1914 1840 1914 1897 2052 1987 2301 2260 2341 2308 2539 2322 1937 2136 2160 1737 1742
-9999 -9999 -9999 -9999 -9999 -9999 -9999 -9999 -9999 -9999 -9999 -9999 -9999 -9999 -9999 -9999 1712 1823 1968 1962 2137 2341 2321 2438 2347 2434 2419 2376 2054 1912 1721 1741 1773 1632 1620 1511 1497 1504 1478 1424 1459 1775 1868 2113 1995 1934 2213 1823 1527 1538 1551 1584 1605 1772 1805 1819 1639 1710 1807 1969 1930 1920 1897 1886 2002 2045 2011 2268 2162 2400 2587 2355 2176 1948 2262 1852 1830 1864
-9999 -9999 -9999 -9999 -9999 -9999 -9999 -9999 -9999 -9999 1551 1567 1653 1688 1716 1711 1792 1966 2022 2010 2319 2333 2327 2353 2220 2202 2285 2171 2077 1896 1731 1771 1724 1711 1768 1686 1706 1599 1658 1562 1726 1731 1936 2081 2068 2101 2869 2509 1675 1636 1678 1694 1714 1716 1787 1861 1837 1922 2176 2292 1915 1957 2059 2029 2060 2062 1999 2023 2042 2076 2399 2196 1930 1951 2121 1817 1876 1824
-9999 -9999 -9999 -9999 -9999 -9999 -9999 -9999 1583 1611 1610 1649 1759 1789 1787 1966 2027 1952 2030 2253 2345 2236 2285 2325 2148 2084 1982 1980 2021 1927 1789 1730 1668 1761 1877 1837 1689 1726 1777 1762 2226 1995 1853 2006 1984 1948 2017 2331 2252 1783 1756 1849 1944 1986 1968 2111 2197 2388 2234 2089 1890 1999 2088 2056 2163 2369 2136 1851 1886 2072 2195 2032 1790 1675 1731 1743 1703 1686
-9999 -9999 -9999 -9999 -9999 -9999 1722 1705 1714 1774 1795 1854 1827 1976 1983 1991 2169 2012 2216 2151 2219 2159 2237 2234 2147 1981 1938 1935 1911 1880 1858 1706 1845 1832 1641 1588 1657 1648 1840 1913 2470 2176 2220 2252 2297 2274 1973 1916 2315 1804 1776 1981 2278 2418 2681 2508 2300 2426 2465 2235 1841 1933 2108 2089 2340 2448 2200 1872 1824 2088 1944 1727 1855 1838 1899 1856 1774 1670
-9999 -9999 -9999 -9999 1643 1757 1905 1962 1941 2007 2091 2124 2076 1998 1994 2137 2106 2178 2220 2091 2178 2285 2233 2148 2035 1964 1833 1942 1828 1807 1804 1666 1667 1599 1600 1579 1528 1602 1773 1896 2077 2278 2490 2668 3014 3491 3112 2353 1968 1836 2009 2347 2771 2806 2904 2799 2890 2598 2638 2066 1995 2065 1925 2132 2108 2278 2107 1905 1993 1830 1712 1926 2171 2145 1799 1589 1540 1480
-9999 -9999 1626 1689 2020 2554 2327 2382 2316 2357 2347 2282 2104 2090 2020 2038 2099 2167 2027 2057 2169 2260 2148 2019 2095 1998 1827 1846 1815 1752 1906 1827 1851 1623 1850 1769 1561 1747 1976 2166 2264 2324 2507 2858 3430 4023 3434 2887 2374 2039 2589 3060 3070 3076 3035 3045 2827 2584 2342 2532 2209 2134 2039 1977 2229 1972 1910 1897 1915 1755 1867 2500 2219 1904 1755 1590 1531 1442
-9999 1573 1684 1857 2292 3109 3351 3182 2868 2700 2551 2402 2273 2201 2174 2015 2047 2031 1986 2057 2094 2108 2073 2000 2016 2056 1857 1906 1812 1874 1895 1910 1891 1870 1903 1915 1711 1794 2088 2258 2373 2511 2737 3024 3343 3227 3008 2779 2505 2563 2837 3085 3167 2876 2701 2777 2886 2585 2351 2557 2808 2601 2263 2042 1891 1802 1783 1905 1806 1781 2176 2365 1816 1604 1579 1524 1528 1401
1493 1604 1821 2065 2551 3847 5314 4848 3695 3179 2758 2525 2387 2259 2112 2063 1988 2021 2056 2025 2013 2038 2182 2291 1985 1780 1801 1730 1815 1748 1882 1838 1963 1913 1770 1821 1885 1834 2030 2201 3136 2928 3287 3728 3583 3113 2798 2613 2515 2617 2890 3076 3048 2587 2836 2656 2765 2451 2616 2423 2513 2650 2534 2623 2070 1837 1895 1987 1961 2173 1972 1783 1580 1565 1500 1497 1610 1571
1475 1628 1890 2193 2718 3617 5217 5734 5154 3895 3083 2642 2418 2260 2054 2022 2065 2015 1877 1863 1983 1963 2036 2087 2002 1702 1740 1673 1721 1626 1723 1657 1757 1801 1625 1637 1797 1883 1988 2112 2409 2959 3927 5113 4218 3314 2822 2570 2672 2994 3189 3129 2781 2325 2454 2586 2837 2158 2490 2708 2580 2357 2904 2802 2200 1901 1901 1909 1924 1776 1723 1667 1494 1631 1672 1507 1430 1368
1439 1574 1782 2095 2674 3499 5103 5806 5476 4141 3222 2678 2320 2131 2043 1922 1907 1894 1803 1988 1873 1850 1951 2060 2154 2206 1761 1722 1727 1553 1576 1707 1688 1667 1534 1537 1611 1800 1912 2032 2295 2734 3534 4344 3681 2964 2562 2428 2725 3003 2769 2555 2557 2666 2108 2218 1999 1862 2272 2357 2060 2299 2703 2195 2055 1927 1849 1878 1764 1542 1556 1535 1373 1384 1509 1343 1286 1239
1388 1471 1606 1822 2190 2651 3439 4124 3851 3289 2856 2447 2140 1970 1885 1802 1751 1771 1802 1945 2058 2369 2423 2266 2264 2247 2449 2054 1830 1666 1510 1625 1509 1392 1460 1559 1620 1698 1767 1863 1996 2220 2538 2708 2561 2324 2103 2160 2321 2293 2426 2568 2460 2262 1799 1875 1849 1806 2141 2202 1908 2062 1963 1884 1694 1811 1546 1530 1499 1439 1383 1348 1223 1244 1290 1115 1096 -9999
1346 1382 1469 1570 1737 1927 2250 2499 2463 2342 2180 2009 1886 1820 1800 1781 1660 1643 1762 1996 2088 2297 2374 2060 2042 2101 2240 2169 1875 1639 1504 1472 1470 1625 1769 1744 1609 1549 1509 1532 1593 1601 1724 1815 1669 1667 1686 1668 1684 1835 2139 2696 2204 2089 1849 1842 1670 1730 1775 2004 1948 1708 1747 1774 1770 1586 1397 1344 1263 1326 1255 1238 1248 1149 1075 1021 -9999 -9999
-9999 1324 1335 1390 1454 1555 1674 1715 1706 1733 1733 1707 1652 1669 1703 1734 1677 1515 1672 1753 1774 1917 1843 1823 1856 1837 1883 1830 1638 1580 1372 1554 1614 1619 1694 1507 1525 1451 1409 1412 1406 1382 1371 1357 1313 1308 1406 1573 1445 1485 2153 1937 1313 1522 1445 1470 1659 1748 1706 1577 1601 1674 1684 1738 1660 1352 1232 1155 1132 1118 1131 1087 1222 1029 921 -9999 -9999 -9999
-9999 -9999 1262 1273 1309 1355 1399 1394 1396 1423 1461 1472 1485 1614 1530 1579 1559 1491 1561 1585 1689 1735 1724 1557 1743 1699 1667 1735 1868 1790 1495 1401 1643 1637 1680 1541 1550 1447 1503 1448 1358 1275 1256 1241 1201 1207 1238 1495 1711 1406 1294 1142 1168 1405 1264 1363 1597 1721 1694 1518 1662 1547 1427 1510 1413 1278 1182 1120 1139 1065 1002 1017 1033 933 870 885 -9999 -9999
-9999 -9999 -9999 1221 1221 1225 1234 1221 1224 1250 1284 1282 1344 1382 1471 1437 1493 1656 1500 1477 1519 1454 1652 1565 1543 1605 1838 1624 1579 1822 1658 1418 1431 1425 1518 1419 1417 1345 1340 1382 1294 1257 1262 1231 1212 1281 1208 1383 1663 1521 1303 1109 1254 1288 1202 1283 1385 1626 2134 1363 1648 1571 1315 1294 1221 1209 1146 1119 1045 993 927 921 875 886 858 854 -9999 -9999
-9999 -9999 -9999 -9999 -9999 1169 1164 1140 1139 1137 1165 1191 1238 1251 1265 1453 1517 1698 1601 1376 1615 1427 1645 1795 1536 1372 1458 1415 1635 1865 1680 1285 1245 1361 1463 1374 1247 1327 1409 1328 1241 1228 1165 1140 1123 1144 1151 1377 1338 1182 1004 1018 1106 1166 1145 1247 1752 1943 1768 1815 2263 1962 1516 1244 1027 1026 978 973 945 899 854 846 834 830 827 838 848 -9999
-9999 -9999 -9999 -9999 -9999 -9999 -9999 -9999 -9999 -9999 1134 1149 1199 1185 1171 1282 1408 1493 1471 1398 1432 1502 1633 1703 1577 1404 1350 1533 1584 1647 1527 1503 1327 1238 1269 1427 1304 1228 1258 1227 1182 1171 1180 1148 1115 1121 1087 1068 1050 1025 985 999 1077 1099 1143 1412 2011 2205 1836 2048 2354 1771 1274 1176 1142 1199 989 871 860 879 851 820 808 808 814 830 850 -9999
-9999 -9999 -9999 -9999 -9999 -9999 -9999 -9999 -9999 -9999 -9999 -9999 -9999 1162 1120 1187 1286 1392 1495 1295 1336 1592 1446 1366 1320 1345 1257 1250 1337 1445 1373 1296 1477 1288 1207 1368 1408 1186 1183 1223 1142 1185 1230 1130 1139 1118 1110 1078 1037 1019 1026 988 1018 1084 1191 1257 1980 2040 2281 2314 2315 1485 1413 1256 1201 1126 1015 869 844 823 804 795 793 801 812 834 884 928
-9999 -9999 -9999 -9999 -9999 -9999 -9999 -9999 -9999 -9999 -9999 -9999 -9999 -9999 1080 1133 1180 1195 1241 1285 1348 1407 1325 1172 1212 1268 1160 1303 1397 1394 1369 1313 1193 1154 1332 1388 1353 1173 1184 1173 1159 1242 1148 1154 1159 1106 1133 1159 1082 1030 1024 1016 1010 1092 1170 1596 1457 1969 2428 2014 1765 1493 1578 1425 1476 1360 1179 927 1008 866 816 786 789 805 844 951 910 983
-9999 -9999 -9999 -9999 -9999 -9999 -9999 -9999 -9999 -9999 -9999 -9999 -9999 -9999 -9999 1055 1076 1069 1128 1109 1170 1204 1176 1143 1271 1114 1192 1313 1566 1487 1283 1211 1198 1082 1226 1306 1213 1132 1245 1198 1165 1185 1129 1191 1180 1112 1161 1174 1186 1103 1037 1042 1083 1187 1342 2256 2101 2157 2192 1646 1489 1790 1587 1482 1424 1314 1281 1053 1115 872 945 865 919 982 1199 979 1070 1106
-9999 -9999 -9999 -9999 -9999 -9999 -9999 -9999 -9999 -9999 -9999 -9999 -9999 -9999 -9999 -9999 -9999 1033 1037 1064 1100 1104 1108 1049 1132 1103 1253 1337 1361 1356 1286 1204 1074 1037 1064 1114 1077 1057 1118 1094 1153 1169 1106 1115 1120 1149 1190 1179 1206 1080 1058 1070 1160 1289 1365 2110 2443 2360 2048 1479 1433 1621 1457 1326 1259 1178 1250 1217 1149 1118 860 831 1055 955 1087 1334 1343 1216
-9999 -9999 -9999 -9999 -9999 -9999 -9999 -9999 -9999 -9999 -9999 -9999 -9999 -9999 -9999 -9999 -9999 -9999 997 1016 1018 1026 1040 1011 1097 1152 1168 1166 1169 1147 1132 1138 1024 1028 1060 1133 1038 1126 1041 1064 1126 1054 1068 1127 1196 1243 1201 1141 1118 1091 1135 1176 1202 1241 1396 2384 2628 2638 1748 1524 1431 1344 1295 1235 1141 1086 1136 1212 1294 909 849 1057 1023 1037 1366 1641 1588 1129
-9999 -9999 -9999 -9999 -9999 -9999 -9999 -9999 -9999 -9999 -9999 -9999 -9999 -9999 -9999 -9999 -9999 -9999 -9999 -9999 -9999 974 966 983 1014 1020 1018 1014 1013 1062 1083 1025 949 978 1028 1070 1050 1024 1039 1053 1047 1008 1039 1088 1140 1141 1067 1040 1089 1176 1200 1200 1247 1338 1581 2159 2524 2589 1883 1588 1461 1365 1188 1109 1070 1041 1049 1185 1063 893 1005 999 1273 1269 1590 1994 1482 1153
-9999 -9999 -9999 -9999 -9999 -9999 -9999 -9999 -9999 -9999 -9999 -9999 -9999 -9999 -9999 -9999 -9999 -9999 -9999 -9999 -9999 -9999 -9999 -9999 -9999 -9999 -9999 957 967 1002 1017 947 931 1007 1041 1088 1027 1028 1025 1018 1038 1045 1042 1108 1106 1040 1042 1086 1136 1195 1255 1311 1373 1574 2302 2580 2681 2044 1661 1588 1405 1283 1132 1065 1023 1006 1023 1175 1015 914 1000 1092 1184 1302 1711 1827 1432 1363
-9999 -9999 -9999 -9999 -9999 -9999 -9999 -9999 -9999 -9999 -9999 -9999 -9999 -9999 -9999 -9999 -9999 -9999 -9999 -9999 -9999 -9999 -9999 -9999 -9999 -9999 -9999 -9999 -9999 928 911 924 970 973 1020 1065 983 1014 1027 1057 1071 1129 1139 1120 1167 1030 1110 1130 1216 1276 1301 1353 1475 1587 2006 2020 2508 1946 1716 1552 1341 1168 1083 1024 977 955 975 1054 978 1007 1095 1130 1281 1292 1440 1304 1217 -9999
-9999 -9999 -9999 -9999 -9999 -9999 -9999 -9999 -9999 -9999 -9999 -9999 -9999 -9999 -9999 -9999 -9999 -9999 -9999 -9999 -9999 -9999 -9999 -9999 -9999 -9999 -9999 -9999 -9999 -9999 908 929 960 988 1000 970 975 991 1067 1151 1174 1159 1097 1085 1034 1079 1237 1277 1267 1340 1332 1411 1438 1561 1865 2497 2180 1819 1703 1511 1294 1141 1050 1004 961 970 961 988 1019 1040 1103 1248 1369 1425 1329 1177 -9999 -9999
-9999 -9999 -9999 -9999 -9999 -9999 -9999 -9999 -9999 -9999 -9999 -9999 -9999 -9999 -9999 -9999 -9999 -9999 -9999 -9999 -9999 -9999 -9999 -9999 -9999 -9999 -9999 -9999 -9999 -9999 -9999 918 932 928 962 973 982 1064 1109 1103 1110 1057 1008 1054 1185 1264 1346 1310 1357 1327 1422 1397 1463 1596 2151 2124 1992 1858 1720 1493 1277 1143 1070 1027 990 1044 934 978 1055 1227 1166 1270 1425 1422 1296 1309 -9999 -9999
-9999 -9999 -9999 -9999 -9999 -9999 -9999 -9999 -9999 -9999 -9999 -9999 -9999 -9999 -9999 -9999 -9999 -9999 -9999 -9999 -9999 -9999 -9999 -9999 -9999 -9999 -9999 -9999 -9999 -9999 -9999 -9999 912 926 943 968 999 1037 1075 1069 1040 984 1050 1129 1174 1200 1232 1321 1380 1331 1431 1395 1503 1832 2000 2051 1874 1774 1669 1449 1293 1171 1209 1072 1117 968 986 1057 1205 1269 1261 1315 1361 1480 1299 1224 -9999 -9999
-9999 -9999 -9999 -9999 -9999 -9999 -9999 -9999 -9999 -9999 -9999 -9999 -9999 -9999 -9999 -9999 -9999 -9999 -9999 -9999 -9999 -9999 -9999 -9999 -9999 -9999 -9999 -9999 -9999 -9999 -9999 -9999 -9999 927 940 960 987 1010 1039 1026 978 1018 1075 1125 1154 1157 1199 1281 1269 1396 1307 1386 1714 2066 2110 1840 1751 1596 1456 1347 1227 1366 1551 1374 1224 991 1058 1170 1271 1261 1341 1305 1469 1374 1229 1177 -9999 -9999
-9999 -9999 -9999 -9999 -9999 -9999 -9999 -9999 -9999 -9999 -9999 -9999 -9999 -9999 -9999 -9999 -9999 -9999 -9999 -9999 -9999 -9999 -9999 -9999 -9999 -9999 -9999 -9999 -9999 -9999 -9999 -9999 -9999 -9999 928 941 965 985 1005 974 957 1029 1021 1083 1095 1101 1155 1248 1358 1280 1318 1600 1959 2084 1741 1601 1465 1410 1340 1253 1393 1486 1464 1113 969 934 947 1024 1206 1256 1300 1284 1367 1300 1255 -9999 -9999 -9999
-9999 -9999 -9999 -9999 -9999 -9999 -9999 -9999 -9999 -9999 -9999 -9999 -9999 -9999 -9999 -9999 -9999 -9999 -9999 -9999 -9999 -9999 -9999 -9999 -9999 -9999 -9999 -9999 -9999 -9999 -9999 -9999 -9999 -9999 932 925 941 953 949 942 984 1013 999 1057 1034 1080 1174 1289 1273 1270 1610 2012 1991 1715 1571 1445 1303 1324 1261 1335 1545 1429 1496 1237 1081 1049 1000 1008 1040 1111 1206 1254 1224 1272 -9999 -9999 -9999 -9999
-9999 -9999 -9999 -9999 -9999 -9999 -9999 -9999 -9999 -9999 -9999 -9999 -9999 -9999 -9999 -9999 -9999 -9999 -9999 -9999 -9999 -9999 -9999 -9999 -9999 -9999 -9999 -9999 -9999 -9999 -9999 -9999 -9999 -9999 -9999 920 925 922 926 929 963 1014 972 965 992 1048 1176 1305 1219 1464 1994 1928 1709 1506 1375 1267 1184 1175 1197 1263 1340 1435 1390 1400 1249 1075 1022 1039 1060 1170 1128 1138 1120 -9999 -9999 -9999 -9999 -9999
-9999 -9999 -9999 -9999 -9999 -9999 -9999 -9999 -9999 -9999 -9999 -9999 -9999 -9999 -9999 -9999 -9999 -9999 -9999 -9999 -9999 -9999 -9999 -9999 -9999 -9999 -9999 -9999 -9999 -9999 -9999 -9999 -9999 -9999 -9999 915 917 930 942 923 941 963 935 938 963 1040 1205 1264 1245 1605 1819 1540 1438 1376 1231 1208 1253 1340 1336 1277 1489 1459 1556 1480 1331 1102 1061 1071 1260 1177 1064 -9999 -9999 -9999 -9999 -9999 -9999 -9999
