Electronic Materials (Flash Drives)/data/NZclimate/2050/ccsm_8_2050/bio12nz.asc
ncols         384
nrows         384
xllcorner     164
yllcorner     -49
cellsize      0.041666666666667
NODATA_value  -9999
[rows 210 to 244 of 384, columns 156 to 233 of 384]
-9999 -9999 -9999 -9999 -9999 -9999 -9999 -9999 -9999 -9999 -9999 -9999 -9999 -9999 -9999 -9999 -9999 -9999 -9999 -9999 -9999 -9999 2353 2364 2314 2296 2247 2275 2397 3012 3075 2979 2774 2437 2502 2521 2244 2613 2372 2194 2030 2007 1891 1814 1904 1844 2102 2003 2014 2035 1967 1911 1844 1783 1715 1676 1636 1560 1522 1422 1618 1670 1366 1312 1226 1185 1391 1866 1283 1035 1160 1048 1195 965 1007 1287 1231 1298
-9999 -9999 -9999 -9999 -9999 -9999 -9999 -9999 -9999 -9999 -9999 -9999 -9999 -9999 -9999 -9999 -9999 -9999 -9999 -9999 -9999 -9999 2337 2342 2310 2335 2302 2289 2810 2872 2605 2699 2484 2342 2404 2418 2339 2303 2262 2241 2144 1980 2026 1832 1878 1794 1979 1816 2021 2073 1907 1892 1824 1793 1755 1657 1601 1831 1480 1612 1918 1529 1281 1576 1185 1207 1673 1491 1073 1154 1070 1134 1062 1107 1219 1477 1139 970
-9999 -9999 -9999 -9999 -9999 -9999 -9999 -9999 -9999 -9999 -9999 -9999 -9999 -9999 -9999 -9999 -9999 -9999 -9999 -9999 -9999 -9999 2317 2338 2351 2454 2852 3173 2737 2516 2533 2326 2343 2332 2307 2245 2412 2830 2698 2363 2248 1997 1986 1872 2088 1940 2081 1816 1987 2008 1966 1789 1807 1863 2047 1827 1929 1838 1525 2003 1923 1861 1348 1493 1203 1979 1765 1228 1045 1273 1071 1362 1087 1009 1071 1151 931 920
-9999 -9999 -9999 -9999 -9999 -9999 -9999 -9999 -9999 -9999 -9999 -9999 -9999 -9999 -9999 -9999 -9999 -9999 -9999 -9999 -9999 -9999 2343 2378 2434 2709 3330 3695 3007 3055 2651 2501 2560 2269 2241 2235 2516 3012 2868 2356 2464 2044 2030 1880 2098 2035 2120 1883 1952 1919 1924 1762 1749 2344 2204 1715 2182 1708 1712 2113 1787 1507 1880 1234 1544 1853 1320 1374 1454 1310 1406 1236 1151 919 873 907 959 1165
-9999 -9999 -9999 -9999 -9999 -9999 -9999 -9999 -9999 -9999 -9999 -9999 -9999 -9999 -9999 -9999 -9999 -9999 -9999 -9999 -9999 2341 2621 2510 2538 3329 3802 3496 2952 3462 2726 2771 2559 2186 2210 2280 2743 3013 2641 2458 2033 2187 2177 2038 2114 2221 2078 2064 1883 2009 1996 1821 1897 2351 2052 1803 2021 1530 1783 1864 1999 1675 1464 1288 1634 1875 1822 1785 1655 1156 1062 1038 918 888 1149 1177 1254 1778
-9999 -9999 -9999 -9999 -9999 -9999 -9999 -9999 -9999 -9999 -9999 -9999 -9999 -9999 -9999 -9999 -9999 -9999 -9999 -9999 -9999 2527 2799 2566 2661 3590 3818 3219 3468 3471 3207 2684 2236 2149 2210 2613 3047 2978 2797 2478 2003 2267 2635 2184 2052 2050 1928 1848 1821 2202 2174 1955 1925 2290 1917 2122 1898 1510 1840 2188 2128 1822 1756 1923 1666 1833 1632 1760 1698 1175 897 1005 966 1091 2132 2345 1949 1394
-9999 -9999 -9999 -9999 -9999 -9999 -9999 -9999 -9999 -9999 -9999 -9999 -9999 -9999 -9999 -9999 -9999 -9999 -9999 -9999 2474 2696 2838 2766 2960 3771 3757 3745 3600 3400 3037 2343 2138 2188 2313 2664 2766 2917 2904 2601 2199 2356 2417 2092 1888 2020 2055 1903 1758 2306 1952 2376 1983 2338 2326 2230 1974 1439 1864 1942 2003 1878 1991 1518 1408 1415 1452 1734 935 848 884 1246 1311 1762 2168 2478 1562 974
-9999 -9999 -9999 -9999 -9999 -9999 -9999 -9999 -9999 -9999 -9999 -9999 -9999 -9999 -9999 -9999 -9999 -9999 -9999 -9999 2724 3036 2586 2776 3739 3911 3810 3614 3739 3522 2607 2244 2131 2244 2607 2786 2733 2843 2866 2701 2196 2295 2093 2080 2127 2198 2407 2018 1902 2543 2047 2312 2404 2366 1966 1838 1645 1711 1606 1993 1588 1907 1693 1286 1209 1358 937 817 876 1004 889 1312 1896 2064 1151 1046 968 961
-9999 -9999 -9999 -9999 -9999 -9999 -9999 -9999 -9999 -9999 -9999 -9999 -9999 -9999 -9999 -9999 -9999 -9999 -9999 2427 2761 2624 2865 3524 3930 3643 3532 3696 3509 2831 2358 2472 2112 2479 2610 2711 2955 2752 2780 2826 2243 1992 2033 2021 2018 2391 2495 2083 1851 2513 2221 2438 2388 2387 1990 2063 2252 1649 1639 1585 1267 1379 1171 1096 1080 913 845 1005 1143 1231 1393 2041 1329 1162 937 968 989 1117
-9999 -9999 -9999 -9999 -9999 -9999 -9999 -9999 -9999 -9999 -9999 -9999 -9999 -9999 -9999 -9999 -9999 -9999 -9999 2442 2608 2976 3258 3729 3946 3667 3653 3282 2568 2316 2356 2506 2504 2588 2653 2623 2536 2726 2866 2814 2338 1957 2057 2213 2210 2206 2682 2252 1846 2396 2472 2148 2095 2395 2031 1785 1783 1576 1321 1492 1258 1186 1077 1516 1046 1037 1257 1477 1217 1198 1720 1076 940 970 978 1041 1530 1996
-9999 -9999 -9999 -9999 -9999 -9999 -9999 -9999 -9999 -9999 -9999 -9999 -9999 -9999 -9999 -9999 -9999 -9999 -9999 2474 3009 3290 3685 3948 3725 3672 2906 2559 2313 2294 2413 2625 2858 2913 2431 2920 2914 2854 2838 2814 2296 1959 1997 2154 2215 2252 2688 2482 1890 2123 2556 1928 2131 1912 1838 1958 1952 1572 1309 1394 1461 1190 1337 1386 1406 1340 1266 1041 953 908 958 980 975 934 1239 1343 2393 1365
-9999 -9999 -9999 -9999 -9999 -9999 -9999 -9999 -9999 -9999 -9999 -9999 -9999 -9999 -9999 -9999 -9999 -9999 -9999 2561 3498 4003 4037 3622 2987 2798 2616 2382 2207 2442 2418 2779 3049 3017 2711 2878 2949 2786 2836 2699 2211 1974 2026 2148 2164 2197 2620 2091 2303 2370 2187 1723 2030 1770 1746 1905 1868 1715 1433 1819 1511 1106 1214 1150 1150 1108 1032 1066 980 968 952 936 973 1242 2128 1997 1548 1050
-9999 -9999 -9999 -9999 -9999 -9999 -9999 -9999 -9999 -9999 -9999 -9999 -9999 -9999 -9999 -9999 -9999 -9999 -9999 3342 4154 4234 3721 3131 2627 2539 2327 2179 2163 2317 2588 2968 3159 3126 3025 2758 2935 2849 2713 2675 2143 2091 2223 2160 2505 2262 2461 2606 2242 1780 1882 1731 1980 1975 1564 1889 1891 1631 1520 1367 1188 1147 1317 1092 1329 1602 1062 986 983 1002 951 1204 1352 1574 1397 1154 1083 1138
-9999 -9999 -9999 -9999 -9999 -9999 -9999 -9999 -9999 -9999 -9999 -9999 -9999 -9999 -9999 -9999 -9999 -9999 3138 3915 4237 4041 3381 2772 2478 2328 2211 2361 2573 2334 2536 2817 2834 3031 2971 2962 2882 2781 2623 2495 2088 2092 2097 2112 2162 2337 2222 2155 2150 2012 1594 1657 1742 1907 1571 1593 1742 1637 1483 1266 1188 1438 1237 1410 1227 1089 1008 971 987 988 1093 1228 1125 1044 1121 1097 1232 1103
-9999 -9999 -9999 -9999 -9999 -9999 -9999 -9999 -9999 -9999 -9999 -9999 -9999 -9999 -9999 -9999 -9999 2585 3266 4098 4228 3327 2962 2576 2528 2521 2534 2752 2977 2606 2522 2633 2691 2839 2805 2950 2935 2809 2666 2307 2133 2122 2140 2309 2201 2092 2216 2035 1888 1846 1551 1706 1849 1891 1537 1455 1383 1349 1370 1226 1365 1277 1320 1343 1077 1144 1061 1121 1068 1037 1082 1107 1129 1166 1172 1146 1051 -9999
-9999 -9999 -9999 -9999 -9999 -9999 -9999 -9999 -9999 -9999 -9999 -9999 -9999 -9999 -9999 -9999 -9999 2906 2989 3894 4121 3000 2736 2788 2946 3066 3012 2830 2832 2954 3007 3008 3056 3130 2886 2771 2883 2731 2429 2243 2308 2236 2266 2115 2287 2003 2208 1992 2130 1923 1567 1613 1673 1539 1379 1324 1336 1315 1235 1206 1223 1144 1113 1115 1181 1110 1094 1092 1093 1149 1156 1132 1123 1107 1061 998 933 -9999
-9999 -9999 -9999 -9999 -9999 -9999 -9999 -9999 -9999 -9999 -9999 -9999 -9999 -9999 -9999 -9999 2543 2772 2874 3190 3001 2972 3226 3178 3150 3074 3314 3294 3128 2796 2805 3210 3330 3171 3061 2776 2756 2578 2565 2467 2548 2386 2286 2313 2164 1929 2170 2028 2093 1729 1420 1576 1556 1723 1412 1353 1427 1315 1300 1505 1249 1190 1395 1375 1117 1127 1204 1200 1197 1167 1139 1106 1135 1080 978 -9999 928 890
-9999 -9999 -9999 -9999 -9999 -9999 -9999 -9999 -9999 -9999 -9999 -9999 -9999 -9999 -9999 -9999 2728 3122 2987 3238 3147 3109 3546 3720 3636 3560 3350 3511 3365 3108 2690 2995 3311 3185 3045 2837 2680 2632 2558 2534 2485 2464 2356 2179 2047 1734 2120 1739 1702 1415 1562 1860 1791 1690 1422 1311 1298 1242 1415 1287 1192 1239 1192 1198 1214 1209 1226 1201 1198 1177 1128 1104 1098 -9999 -9999 -9999 -9999 -9999
-9999 -9999 -9999 -9999 -9999 -9999 -9999 -9999 -9999 -9999 -9999 -9999 -9999 -9999 -9999 2763 2869 3425 3544 3579 3692 3434 3559 3708 3767 3704 3556 3632 3721 3367 2917 2778 3004 3018 2995 2918 2815 2621 2526 2444 2460 2196 2067 2123 1899 1707 1878 1795 1756 1358 1625 1571 1293 1185 1130 1115 1144 1170 1204 1181 1180 1186 1218 1232 1204 1177 1216 1190 1189 1164 1137 1068 974 -9999 -9999 -9999 -9999 -9999
-9999 -9999 -9999 -9999 -9999 -9999 -9999 -9999 -9999 -9999 -9999 -9999 -9999 -9999 2812 2867 3129 3265 3538 3801 4101 4050 3681 3584 3676 3736 4059 3836 3433 3343 3041 2864 2878 2944 2765 2678 2720 2606 2503 2597 2362 2334 2367 2025 1601 2013 1853 1495 1423 1315 1256 1184 1078 1021 996 1031 1087 1148 1157 1160 1136 1124 1124 1188 1214 1179 1202 1177 1182 1165 1111 987 976 -9999 -9999 -9999 -9999 -9999
-9999 -9999 -9999 -9999 -9999 -9999 -9999 -9999 -9999 -9999 -9999 -9999 -9999 -9999 3014 3098 3274 3727 3797 4061 4145 4052 3829 3700 3664 3567 4005 4062 3686 3440 3579 3420 3275 3101 2933 2728 2679 2675 2593 2403 2355 2041 1997 1781 1553 1381 1281 1221 1179 1208 1332 1463 1256 1134 1022 1114 1114 1062 990 947 938 962 1015 1086 1104 1136 1143 1137 1123 1042 979 889 -9999 -9999 -9999 -9999 -9999 -9999
-9999 -9999 -9999 -9999 -9999 -9999 -9999 -9999 -9999 -9999 -9999 -9999 2911 2987 3248 3464 3476 3477 3837 4183 4363 4319 4137 4249 4099 3646 3949 4038 3776 3608 3583 3341 3216 3044 2948 2863 2692 2587 2547 2308 2219 1889 2131 2020 1738 1595 1683 1538 1474 1305 1475 1432 1134 1090 946 1029 943 832 816 814 829 884 926 1003 1106 1066 1058 1120 1115 1137 953 -9999 -9999 -9999 -9999 -9999 -9999 -9999
-9999 -9999 -9999 -9999 -9999 -9999 -9999 -9999 -9999 -9999 -9999 2946 2959 3118 3445 3841 3786 3666 3782 4443 4323 4374 4455 4477 4254 4232 3983 4123 3713 3498 3462 3243 3138 3032 2914 2737 2551 2313 2120 2083 1811 1708 2240 2180 1876 1903 1621 1828 1720 1133 1320 1351 1015 1071 875 822 782 769 776 802 838 814 934 949 1111 1005 980 976 1136 1037 918 -9999 -9999 -9999 -9999 -9999 -9999 -9999
-9999 -9999 -9999 -9999 -9999 -9999 -9999 -9999 -9999 -9999 3080 3061 3221 3521 3514 3653 3854 3952 3878 4120 4269 4444 4427 4308 4397 3981 3933 3887 3545 3474 3408 3270 3103 2970 2859 2751 2678 2504 2340 2117 1900 1715 1536 1573 1575 1637 1322 1613 1191 1035 1129 1125 936 888 835 842 753 732 744 760 792 893 1017 952 936 888 882 900 1090 1021 -9999 -9999 -9999 -9999 -9999 -9999 -9999 -9999
-9999 -9999 -9999 -9999 -9999 -9999 -9999 -9999 -9999 3194 3212 3307 3207 3426 3719 3895 3870 4164 4233 4203 4189 4321 4393 4414 4137 3967 4141 3959 3943 3671 3381 3166 3015 2913 2792 2682 2575 2531 2383 2017 1825 1593 1362 1277 1441 1725 1159 1165 1044 1000 1013 939 852 754 708 677 665 687 719 784 984 1018 949 950 935 901 889 942 986 951 -9999 -9999 -9999 -9999 -9999 -9999 -9999 -9999
-9999 -9999 -9999 -9999 -9999 -9999 -9999 -9999 3270 3276 3294 3430 3377 3527 3907 3842 4014 3991 4140 4031 3832 3850 4082 4399 3860 4258 3942 3637 3568 3374 3133 3075 2948 2845 2754 2634 2611 2560 2322 2023 1622 1567 1610 1390 1286 1647 1059 1030 990 893 833 787 749 705 671 651 648 671 748 920 975 895 892 939 938 898 902 1002 1009 -9999 -9999 -9999 -9999 -9999 -9999 -9999 -9999 -9999
-9999 -9999 -9999 -9999 -9999 -9999 -9999 3293 3311 3385 3348 3385 3444 3453 3782 3767 3900 3909 3970 3975 3967 3736 4057 3611 3594 3946 3584 3390 3307 3278 3141 3042 2908 2795 2607 2558 2552 2613 2363 2124 2044 2172 2022 1468 1283 1285 1022 971 929 821 784 747 708 671 646 662 700 727 739 794 825 836 893 943 907 889 923 913 -9999 -9999 -9999 -9999 -9999 -9999 -9999 -9999 -9999 -9999
-9999 -9999 -9999 -9999 -9999 3354 3391 3388 3413 3555 3472 3500 3458 3465 3518 3614 3716 3744 3728 3705 3704 3550 3684 3418 3398 3450 3353 3209 3133 3105 2989 2907 2776 2673 2548 2357 2478 2382 2164 2056 2093 2197 1761 1316 1177 1077 996 1002 895 777 757 718 694 688 805 871 760 711 760 762 795 833 862 883 892 876 888 913 -9999 -9999 -9999 -9999 -9999 -9999 -9999 -9999 -9999 -9999
-9999 -9999 -9999 3463 3437 3390 3443 3664 3601 3575 3534 3445 3407 3478 3537 3546 3566 3535 3543 3522 3468 3458 3427 3365 3305 3410 3251 3140 3079 3027 2926 2825 2720 2432 2427 2398 2140 2067 1957 1795 2007 2101 1756 1324 1327 1137 982 892 835 761 763 715 695 704 725 694 672 683 708 773 817 826 871 887 893 896 872 -9999 -9999 -9999 -9999 -9999 -9999 -9999 -9999 -9999 -9999 -9999
-9999 -9999 3548 3493 3431 3443 3621 3541 3444 3510 3441 3394 3348 3424 3536 3362 3484 3392 3493 3397 3374 3432 3353 3335 3335 3225 3289 3085 2974 2899 2761 2694 2615 2304 2487 2429 2113 1833 1997 2192 2032 1826 1518 1449 1297 1136 951 889 796 767 815 738 703 710 689 679 677 682 764 768 789 831 850 869 893 868 -9999 -9999 -9999 -9999 -9999 -9999 -9999 -9999 -9999 -9999 -9999 -9999
3786 3675 3594 3532 3449 3391 3481 3473 3345 3327 3374 3391 3238 3214 3268 3260 3311 3455 3265 3207 3291 3308 3264 3145 3140 3109 3036 2901 2792 2662 2538 2379 2575 2174 2232 2287 1891 1935 2194 2018 1710 1919 1560 1184 1093 1030 987 869 786 855 863 766 691 671 646 652 666 709 757 745 784 810 830 -9999 -9999 -9999 -9999 -9999 -9999 -9999 -9999 -9999 -9999 -9999 -9999 -9999 -9999 -9999
3737 3689 3578 3569 3533 3311 3358 3317 3384 3355 3491 3418 3049 3090 3216 3305 3352 3297 3004 2911 3029 3195 3086 2978 3025 2937 2844 2844 2804 2572 2296 2159 2109 1921 1828 1764 1903 2255 1933 1610 1529 1319 1135 1202 1139 1049 897 865 836 764 729 719 674 652 648 696 738 738 741 752 776 791 -9999 -9999 -9999 -9999 -9999 -9999 -9999 -9999 -9999 -9999 -9999 -9999 -9999 -9999 -9999 -9999
3802 3594 3491 3487 3436 3296 3343 3438 3506 3551 3533 3113 2969 3351 3381 3156 3387 3147 2969 2669 2614 3067 3032 2741 2926 2991 2733 2729 2720 2655 2231 2326 1949 1930 1695 1810 2376 1847 1605 1422 1178 1115 1228 1176 1059 1047 1002 993 952 837 742 710 684 667 662 697 694 691 706 -9999 -9999 -9999 -9999 -9999 -9999 -9999 -9999 -9999 -9999 -9999 -9999 -9999 -9999 -9999 -9999 -9999 -9999 -9999
3681 3567 3459 3387 3411 3365 3189 3200 3317 3464 3536 2980 3232 3318 3152 2785 3277 2997 2811 2629 2129 2377 2786 2655 2408 2613 2465 2653 2525 2276 2193 2005 1822 1793 1681 1729 2098 1735 1552 1156 1074 1198 1261 1227 1033 898 872 831 832 798 743 717 692 676 667 665 675 -9999 -9999 -9999 -9999 -9999 -9999 -9999 -9999 -9999 -9999 -9999 -9999 -9999 -9999 -9999 -9999 -9999 -9999 -9999 -9999 -9999
3675 3512 3409 3278 3193 3376 3448 3338 3241 3475 3498 3035 3304 3169 2900 2463 3163 2768 3031 2940 2283 1616 1769 2305 1831 1844 2664 2724 2159 1881 1871 1786 1644 1526 1496 1762 1595 1388 1261 1141 1256 1257 1062 997 993 877 842 816 797 783 751 723 695 675 668 -9999 -9999 -9999 -9999 -9999 -9999 -9999 -9999 -9999 -9999 -9999 -9999 -9999 -9999 -9999 -9999 -9999 -9999 -9999 -9999 -9999 -9999 -9999
