Electronic Materials (Flash Drives)/data/NZclimate/2050/ccsm_4_2050/bio01nz.asc
ncols         384
nrows         384
xllcorner     164
yllcorner     -49
cellsize      0.041666666666667
NODATA_value  -9999
[rows 210 to 244 of 384, columns 160 to 239 of 384]
-9999 -9999 -9999 -9999 -9999 -9999 -9999 -9999 -9999 -9999 -9999 -9999 -9999 -9999 -9999 -9999 -9999 -9999 141 140 140 139 140 139 134 113 109 110 116 128 123 120 131 110 118 123 127 125 128 128 123 124 110 114 110 104 105 108 111 111 113 107 98 105 101 111 88 80 97 97 104 101 85 66 90 110 94 107 93 113 108 90 93 90 85 115 130 127 120 123
-9999 -9999 -9999 -9999 -9999 -9999 -9999 -9999 -9999 -9999 -9999 -9999 -9999 -9999 -9999 -9999 -9999 -9999 141 140 140 138 138 138 121 117 125 120 127 133 127 124 126 124 122 120 122 126 121 126 123 125 115 122 107 97 110 104 108 99 96 104 104 80 105 87 70 85 101 78 102 93 72 79 102 93 100 93 98 95 90 79 97 114 121 122 122 120 116 123
-9999 -9999 -9999 -9999 -9999 -9999 -9999 -9999 -9999 -9999 -9999 -9999 -9999 -9999 -9999 -9999 -9999 -9999 141 139 138 134 122 110 123 128 127 134 133 133 134 134 121 98 100 114 116 124 122 124 112 118 108 120 107 99 97 113 103 91 76 87 80 79 97 67 68 69 92 80 94 61 68 89 97 85 94 80 93 100 97 96 113 115 109 115 103 103 102 117
-9999 -9999 -9999 -9999 -9999 -9999 -9999 -9999 -9999 -9999 -9999 -9999 -9999 -9999 -9999 -9999 -9999 -9999 139 137 135 127 108 91 114 111 122 126 123 134 135 131 115 86 90 113 105 121 120 123 111 112 103 115 107 106 98 111 107 64 67 93 64 85 82 62 72 84 66 90 76 64 83 80 76 81 77 84 89 107 112 110 105 93 93 96 101 114 112 118
-9999 -9999 -9999 -9999 -9999 -9999 -9999 -9999 -9999 -9999 -9999 -9999 -9999 -9999 -9999 -9999 -9999 140 132 133 132 109 89 100 115 96 120 117 122 135 133 127 104 85 103 108 124 114 111 115 109 97 104 99 110 93 89 102 91 63 73 83 68 92 74 69 63 73 80 86 71 62 63 64 68 86 91 93 103 107 90 88 86 65 95 106 117 116 115 121
-9999 -9999 -9999 -9999 -9999 -9999 -9999 -9999 -9999 -9999 -9999 -9999 -9999 -9999 -9999 -9999 -9999 135 128 132 128 102 89 110 99 96 104 119 131 134 130 113 87 86 92 106 125 109 82 105 110 107 111 113 112 78 78 89 85 63 78 65 73 90 72 57 58 67 68 61 69 62 68 64 66 84 101 95 97 91 51 44 58 82 108 125 125 105 118 134
-9999 -9999 -9999 -9999 -9999 -9999 -9999 -9999 -9999 -9999 -9999 -9999 -9999 -9999 -9999 -9999 137 131 127 127 122 95 93 88 94 99 110 127 133 130 125 111 102 89 84 98 115 103 95 111 118 106 99 106 114 72 89 63 80 61 58 60 68 92 68 64 61 64 59 73 76 75 73 64 93 102 98 80 78 63 49 39 72 110 123 119 106 129 133 138
-9999 -9999 -9999 -9999 -9999 -9999 -9999 -9999 -9999 -9999 -9999 -9999 -9999 -9999 -9999 -9999 132 125 132 127 100 89 91 97 85 95 122 129 131 127 115 106 105 93 85 91 115 105 113 110 102 92 75 95 100 60 81 64 59 58 72 77 83 76 78 62 74 62 68 81 82 76 90 97 95 89 95 78 57 51 89 100 114 119 106 107 124 136 138 144
-9999 -9999 -9999 -9999 -9999 -9999 -9999 -9999 -9999 -9999 -9999 -9999 -9999 -9999 -9999 139 131 133 127 110 94 101 104 94 99 118 127 124 130 121 116 109 91 98 90 80 111 120 115 112 108 78 69 88 101 59 70 58 57 56 69 64 55 77 75 76 87 81 87 88 86 92 94 87 82 79 74 51 78 89 111 119 101 93 90 120 136 133 141 -9999
-9999 -9999 -9999 -9999 -9999 -9999 -9999 -9999 -9999 -9999 -9999 -9999 -9999 -9999 -9999 139 135 127 120 107 95 102 100 111 125 129 127 123 122 118 115 113 114 99 82 80 105 121 113 97 93 88 58 76 98 63 57 69 69 54 66 74 72 79 88 78 87 89 92 71 87 87 78 70 79 80 63 93 111 116 110 96 70 53 96 119 134 140 143 -9999
-9999 -9999 -9999 -9999 -9999 -9999 -9999 -9999 -9999 -9999 -9999 -9999 -9999 -9999 -9999 138 128 121 112 100 106 105 122 127 130 129 127 122 115 111 122 98 91 88 83 78 107 121 115 99 90 83 56 64 92 74 52 79 66 73 73 66 65 78 88 82 77 88 80 76 74 75 80 89 94 99 102 114 98 103 81 77 38 79 106 109 117 139 -9999 -9999
-9999 -9999 -9999 -9999 -9999 -9999 -9999 -9999 -9999 -9999 -9999 -9999 -9999 -9999 -9999 137 119 104 102 112 125 126 128 130 132 127 127 120 110 107 113 100 88 93 81 84 112 119 112 97 91 83 58 81 68 61 67 89 69 78 77 67 67 71 81 64 75 94 84 86 84 84 90 95 109 109 108 102 95 79 46 51 69 108 117 120 131 -9999 -9999 -9999
-9999 -9999 -9999 -9999 -9999 -9999 -9999 -9999 -9999 -9999 -9999 -9999 -9999 -9999 -9999 124 102 95 113 125 131 130 132 133 133 130 125 117 107 103 100 109 88 86 89 84 115 111 96 94 69 78 64 55 70 90 81 86 70 67 85 67 65 74 77 82 90 93 80 88 77 66 99 107 96 92 102 81 74 66 74 90 114 127 132 132 -9999 -9999 -9999 -9999
-9999 -9999 -9999 -9999 -9999 -9999 -9999 -9999 -9999 -9999 -9999 -9999 -9999 -9999 129 113 100 109 121 131 134 134 134 131 128 131 127 121 119 106 103 95 91 90 95 96 118 110 102 95 86 72 75 74 72 76 97 88 81 70 84 80 71 73 79 88 93 75 86 76 87 98 100 98 93 94 86 80 91 108 92 112 135 140 -9999 -9999 -9999 -9999 -9999 -9999
-9999 -9999 -9999 -9999 -9999 -9999 -9999 -9999 -9999 -9999 -9999 -9999 -9999 138 128 112 104 126 131 136 135 133 131 128 124 128 129 126 124 114 114 95 84 85 89 109 114 105 97 80 82 84 74 79 84 83 97 85 74 69 85 86 88 87 84 95 80 84 82 82 102 86 92 85 90 103 114 118 125 130 133 139 141 -9999 -9999 -9999 -9999 -9999 -9999 -9999
-9999 -9999 -9999 -9999 -9999 -9999 -9999 -9999 -9999 -9999 -9999 -9999 -9999 133 133 119 110 133 136 134 131 128 127 128 127 124 122 120 114 102 113 110 87 90 109 114 97 94 86 90 76 87 72 80 70 77 95 89 83 87 94 95 91 91 97 97 95 103 99 101 86 94 98 92 109 120 130 133 135 137 140 142 143 -9999 -9999 -9999 -9999 -9999 -9999 -9999
-9999 -9999 -9999 -9999 -9999 -9999 -9999 -9999 -9999 -9999 -9999 -9999 138 135 135 131 134 134 131 131 130 129 125 124 125 128 127 112 87 100 93 114 102 106 93 90 78 82 83 76 80 89 73 77 70 86 102 90 87 76 90 93 86 91 89 74 90 92 77 76 92 107 117 119 121 118 118 114 125 134 142 -9999 141 143 -9999 -9999 -9999 -9999 -9999 -9999
-9999 -9999 -9999 -9999 -9999 -9999 -9999 -9999 -9999 -9999 -9999 -9999 136 132 134 132 133 134 128 125 126 125 126 122 123 125 130 118 85 93 94 109 110 95 90 82 79 75 76 82 85 97 73 90 89 102 90 73 73 76 89 95 94 96 81 89 97 88 96 97 112 114 121 124 125 119 114 112 130 -9999 -9999 -9999 -9999 -9999 -9999 -9999 -9999 -9999 -9999 -9999
-9999 -9999 -9999 -9999 -9999 -9999 -9999 -9999 -9999 -9999 -9999 136 135 129 129 129 129 132 130 128 126 125 126 123 118 122 128 126 114 115 101 87 84 92 89 86 78 88 90 82 90 96 84 85 84 103 86 86 102 111 117 120 119 114 103 107 106 114 117 114 111 109 119 127 127 116 117 132 139 -9999 -9999 -9999 -9999 -9999 -9999 -9999 -9999 -9999 -9999 -9999
-9999 -9999 -9999 -9999 -9999 -9999 -9999 -9999 -9999 -9999 137 136 133 133 131 128 125 126 131 132 129 127 117 119 125 124 127 126 121 116 115 115 92 90 88 73 82 78 72 85 103 79 83 98 99 103 106 109 118 123 125 123 121 112 111 112 118 122 124 115 116 114 123 129 125 119 130 137 137 -9999 -9999 -9999 -9999 -9999 -9999 -9999 -9999 -9999 -9999 -9999
-9999 -9999 -9999 -9999 -9999 -9999 -9999 -9999 -9999 -9999 135 134 133 129 129 127 127 129 132 133 132 131 121 112 122 121 104 93 99 93 97 106 91 78 77 83 80 91 89 95 102 108 110 110 110 108 99 89 100 109 119 111 112 117 124 127 129 129 128 126 127 128 130 133 131 135 136 140 -9999 -9999 -9999 -9999 -9999 -9999 -9999 -9999 -9999 -9999 -9999 -9999
-9999 -9999 -9999 -9999 -9999 -9999 -9999 -9999 136 135 133 131 132 133 130 126 122 118 131 117 123 131 122 108 91 88 111 86 88 97 82 74 83 82 76 86 85 96 80 82 91 94 88 92 93 100 89 90 108 110 122 116 122 129 131 132 133 131 131 129 124 131 135 133 128 124 137 -9999 -9999 -9999 -9999 -9999 -9999 -9999 -9999 -9999 -9999 -9999 -9999 -9999
-9999 -9999 -9999 -9999 -9999 -9999 -9999 136 136 134 131 127 129 132 131 106 93 96 124 121 122 110 91 103 87 83 90 79 81 91 76 87 93 100 103 96 103 102 73 72 83 79 89 77 80 108 96 93 114 109 123 126 128 130 131 131 130 134 129 131 119 133 136 137 124 133 138 -9999 -9999 -9999 -9999 -9999 -9999 -9999 -9999 -9999 -9999 -9999 -9999 -9999
-9999 -9999 -9999 -9999 -9999 -9999 136 135 133 130 131 130 129 129 127 121 102 116 125 129 116 94 87 92 81 84 89 90 85 77 79 78 74 80 84 90 96 99 103 97 94 89 100 86 105 115 105 104 118 120 123 123 128 130 131 132 132 127 120 128 133 138 139 139 126 132 -9999 -9999 -9999 -9999 -9999 -9999 -9999 -9999 -9999 -9999 -9999 -9999 -9999 -9999
-9999 -9999 -9999 -9999 -9999 136 135 133 135 133 130 127 129 117 109 113 121 113 112 108 94 100 116 114 115 110 94 84 76 74 79 79 80 75 78 92 96 101 106 107 98 84 107 105 112 116 112 116 122 126 128 130 130 131 131 128 115 115 124 127 132 136 138 135 133 135 -9999 -9999 -9999 -9999 -9999 -9999 -9999 -9999 -9999 -9999 -9999 -9999 -9999 -9999
-9999 -9999 -9999 -9999 136 135 135 133 134 132 120 129 111 123 113 94 80 81 94 110 87 103 97 86 90 84 71 81 76 85 74 79 71 69 79 89 103 100 95 101 104 86 112 112 114 121 124 125 126 127 129 130 131 132 128 117 115 124 126 126 130 136 136 129 130 -9999 -9999 -9999 -9999 -9999 -9999 -9999 -9999 -9999 -9999 -9999 -9999 -9999 -9999 -9999
-9999 -9999 -9999 136 135 133 135 135 135 135 120 128 109 106 107 100 97 81 98 77 75 95 82 71 79 84 83 87 100 79 88 80 72 61 73 82 82 71 76 96 102 100 112 114 116 123 124 125 127 128 129 129 127 127 128 126 126 129 126 124 133 136 134 135 -9999 -9999 -9999 -9999 -9999 -9999 -9999 -9999 -9999 -9999 -9999 -9999 -9999 -9999 -9999 -9999
-9999 137 134 133 132 124 130 130 134 134 132 128 116 102 93 87 86 73 86 58 61 78 71 62 68 78 66 80 96 86 84 93 73 74 83 83 78 68 85 101 105 109 112 109 115 123 124 126 126 126 118 114 122 127 125 128 129 129 131 132 134 137 136 134 -9999 -9999 -9999 -9999 -9999 -9999 -9999 -9999 -9999 -9999 -9999 -9999 -9999 -9999 -9999 -9999
136 136 132 114 117 117 119 127 133 125 109 103 94 91 74 67 67 61 75 65 65 82 72 73 64 83 81 88 79 105 90 82 93 91 90 94 79 71 84 100 98 104 111 116 118 123 121 125 126 124 123 126 129 130 131 126 125 129 128 132 134 134 137 -9999 -9999 -9999 -9999 -9999 -9999 -9999 -9999 -9999 -9999 -9999 -9999 -9999 -9999 -9999 -9999 -9999
136 132 112 115 123 105 111 116 120 97 74 97 71 87 59 69 71 52 77 81 86 78 91 71 76 96 97 91 79 103 76 73 90 99 85 71 75 83 93 93 98 103 112 115 121 122 116 122 124 123 126 127 130 131 124 127 129 127 131 134 133 136 -9999 -9999 -9999 -9999 -9999 -9999 -9999 -9999 -9999 -9999 -9999 -9999 -9999 -9999 -9999 -9999 -9999 -9999
133 132 118 106 119 115 97 91 113 103 90 87 77 57 76 82 63 57 56 70 85 92 100 102 102 103 103 106 75 101 90 78 98 90 72 78 89 76 90 104 107 108 109 116 123 115 113 119 126 128 132 133 133 128 125 132 130 132 136 -9999 -9999 -9999 -9999 -9999 -9999 -9999 -9999 -9999 -9999 -9999 -9999 -9999 -9999 -9999 -9999 -9999 -9999 -9999 -9999 -9999
114 133 117 111 93 89 72 74 108 97 81 70 62 63 87 91 80 58 66 78 62 68 75 73 66 92 105 108 103 109 108 106 93 68 82 95 95 102 109 102 104 106 115 117 117 124 127 127 132 134 134 126 123 124 126 129 131 137 -9999 -9999 -9999 -9999 -9999 -9999 -9999 -9999 -9999 -9999 -9999 -9999 -9999 -9999 -9999 -9999 -9999 -9999 -9999 -9999 -9999 -9999
107 124 96 81 71 64 61 88 97 64 59 72 52 67 78 91 92 62 63 86 64 54 77 70 66 67 96 85 103 101 109 98 61 87 96 102 111 112 102 102 108 106 106 106 107 116 125 130 133 134 133 127 129 133 133 -9999 -9999 -9999 -9999 -9999 -9999 -9999 -9999 -9999 -9999 -9999 -9999 -9999 -9999 -9999 -9999 -9999 -9999 -9999 -9999 -9999 -9999 -9999 -9999 -9999
90 92 99 90 75 62 54 86 67 59 67 86 54 70 79 87 102 89 71 78 87 74 85 69 74 89 89 96 102 101 103 97 74 90 96 114 116 105 99 99 109 121 120 121 117 120 127 130 133 135 135 135 133 -9999 -9999 -9999 -9999 -9999 -9999 -9999 -9999 -9999 -9999 -9999 -9999 -9999 -9999 -9999 -9999 -9999 -9999 -9999 -9999 -9999 -9999 -9999 -9999 -9999 -9999 -9999
106 77 67 70 73 55 51 75 57 62 75 94 55 75 59 62 91 110 104 86 100 100 63 57 90 99 97 99 104 108 107 91 96 104 108 113 103 100 111 116 115 125 127 127 125 122 127 131 134 136 137 -9999 -9999 -9999 -9999 -9999 -9999 -9999 -9999 -9999 -9999 -9999 -9999 -9999 -9999 -9999 -9999 -9999 -9999 -9999 -9999 -9999 -9999 -9999 -9999 -9999 -9999 -9999 -9999 -9999
