Electronic Materials (Flash Drives)/data/NZclimate/2050/ccsm_4_2050/bio06nz.asc
ncols         384
nrows         384
xllcorner     164
yllcorner     -49
cellsize      0.041666666666667
NODATA_value  -9999
[rows 288 to 323 of 384, columns 81 to 161 of 384]
2 -5 -10 -9 -12 -23 -19 -19 -7 -27 -19 0 9 -19 -25 -9 -25 -37 -46 -34 -23 -26 -44 -35 6 5 -36 -32 -8 -27 -9 -1 4 0 -13 -16 -11 -3 -7 -6 -7 -8 -8 4 4 -9 -28 -43 -48 -37 -19 -8 -2 -1 0 0 1 -3 -11 -3 -5 -12 -7 -6 -9 -8 -7 -5 -3 -2 -11 -32 -25 -16 -7 -1 2 7 12 16 19
-12 -23 -22 -19 0 -28 -19 -10 3 -15 -10 12 -10 -29 -7 -11 -28 -37 -37 -42 -13 -35 -37 -27 4 10 -11 -2 3 6 9 10 5 -9 -61 -55 -35 -23 -16 -2 -17 -9 5 5 -2 -18 -32 -44 -27 -13 -2 0 0 0 0 -1 -2 -2 -1 -6 -18 -7 -3 -3 -3 -3 -2 -2 0 0 -3 -22 -34 -23 -8 -3 -1 4 7 16 20
-5 -9 -11 -19 -4 -4 -24 -24 -14 5 10 10 3 -4 -2 -33 -35 -31 -31 -36 -12 -28 -36 -15 -1 7 9 9 2 -12 -36 4 9 -16 -54 -56 -40 -27 -16 -19 -23 -16 1 0 -12 -7 -6 -17 -8 -2 0 -1 0 1 -2 -4 -1 -1 -6 -19 -11 -3 0 0 0 0 0 1 2 2 0 -6 -27 -18 -18 -9 -4 -3 6 15 19
-22 -19 2 1 0 8 3 -9 -17 -6 12 11 10 5 -7 -24 -29 -41 -17 -19 -38 -20 -33 -10 -18 -18 -18 -29 -32 -38 -26 -13 8 -19 -53 -60 -46 -31 -18 -26 -32 -27 -6 -4 -16 -22 -1 -3 -1 0 1 2 -2 -6 -6 -1 -2 -4 -16 -20 -9 -1 0 1 2 3 3 3 4 4 2 -1 -12 -26 -17 -21 -12 -2 8 10 18
-22 -19 -20 -23 -21 -15 6 12 10 13 12 9 9 5 -6 -25 -19 -37 -12 -30 -35 -33 -9 -18 -31 -37 -33 -39 -26 -21 -10 -4 7 -27 -55 -55 -49 -27 -12 -19 -34 -27 -16 -12 -8 -9 2 2 1 3 4 2 -4 -10 -3 -2 -4 -12 -22 -21 -11 -1 1 3 4 4 5 6 7 7 4 -4 -3 -9 -24 -20 -10 -2 1 7 17
-10 -24 -27 -26 -28 -29 -20 4 12 13 11 8 7 -1 -7 -25 -13 -35 -27 -19 -26 -24 -11 -19 -43 -34 -25 -18 -27 -25 -39 -27 6 -23 -43 -58 -45 -19 -20 -31 -51 -42 -30 -19 -15 -4 4 5 3 4 2 -2 -7 -7 -4 -4 -7 -12 -18 -23 -8 0 2 3 3 3 -1 -6 -2 5 0 -8 -2 2 -2 -2 -1 -3 2 9 15
-3 -13 -15 -26 -29 -23 -23 -12 10 12 8 5 4 -2 -3 -9 -27 -25 -33 -18 -24 -13 -22 -36 -41 -30 -34 -36 -38 -36 -31 -42 2 -7 -46 -50 -33 -27 -42 -46 -56 -49 -40 -37 -28 -8 0 2 0 -2 -2 -3 -6 -9 -10 -11 -15 -18 -20 -20 -5 1 2 2 1 -7 -16 -15 -6 6 3 -2 -5 1 10 6 1 -1 1 10 15
-17 2 -8 2 -23 -26 -24 -14 8 11 8 2 3 0 -13 -7 -14 -19 -22 -10 -10 -24 -46 -35 -38 -41 -44 -40 -30 -16 -26 -28 1 -13 -45 -35 -21 -40 -50 -53 -47 -49 -43 -48 -39 -14 -4 -3 -9 -6 -7 -13 -12 -13 -13 -16 -20 -21 -24 -15 0 2 1 -8 -16 -27 -30 -24 -3 10 1 0 -3 -2 11 16 15 10 8 10 13
-27 -29 -23 -9 0 5 8 10 11 8 6 5 0 1 -3 -5 -13 -6 -14 -15 -11 -32 -46 -32 -23 -23 -22 -14 -12 -13 -17 2 -12 -41 -35 -20 -36 -49 -53 -45 -44 -41 -50 -47 -39 -11 -3 -8 -16 -14 -17 -16 -15 -17 -19 -22 -22 -28 -25 -11 0 -1 -1 -16 -26 -32 -32 -12 9 10 1 -2 3 5 4 8 16 23 19 13 14
-19 -31 -22 -19 -31 -25 -5 10 10 7 5 3 3 -7 -6 -11 -8 -10 -17 -10 -33 -30 -39 -38 -20 -12 -26 -14 -2 -3 3 2 -16 -40 -25 -33 -42 -51 -51 -42 -34 -34 -41 -50 -36 -10 0 -10 -16 -20 -19 -19 -18 -18 -18 -24 -30 -27 -19 -8 -6 -6 -10 -27 -35 -32 -11 9 12 3 0 2 3 4 5 6 10 20 27 22 19
-13 -28 -25 -20 -10 -11 0 8 8 5 4 4 2 -6 -5 -6 -1 -3 -8 -31 -30 -35 -41 -29 -31 -10 -21 -16 -7 -6 -10 4 -6 -24 -35 -43 -47 -46 -38 -37 -25 -25 -36 -42 -38 -13 1 -1 -11 -21 -20 -19 -19 -18 -19 -22 -22 -17 -9 -5 -6 -13 -23 -31 -35 -9 10 14 7 -1 3 7 1 2 3 10 12 16 24 29 27
-5 -11 2 4 9 9 4 8 5 5 3 3 2 -1 0 0 -2 -1 -11 -22 -17 -27 -28 -15 -17 -15 -4 -2 -3 2 -3 4 -13 -14 -28 -40 -45 -41 -33 -27 -14 -11 -30 -31 -33 -10 6 1 -11 -18 -21 -23 -21 -20 -18 -16 -14 -10 -6 -9 -17 -22 -29 -32 -13 10 14 11 3 2 7 5 3 -2 2 9 15 20 25 29 30
-4 9 10 12 11 9 9 8 7 8 6 5 2 2 2 -5 -7 -2 -5 -5 -13 -10 -7 -10 -9 -4 -3 2 7 1 -5 0 -6 -17 -22 -31 -28 -31 -29 -13 -7 -18 -25 -25 -25 -8 8 -2 -9 -10 -13 -18 -21 -16 -15 -16 -11 -11 -16 -21 -19 -19 -22 -22 7 14 15 13 8 6 9 4 -1 -3 6 13 16 20 25 30 28
1 -22 -16 7 9 9 9 9 7 3 4 4 3 2 -3 -6 -2 -1 2 -8 -14 0 -7 -2 3 2 2 -5 -6 -1 4 -10 -21 -17 -23 -18 -5 -5 -6 -1 -23 -36 -27 -18 -25 -21 5 0 -4 -8 -11 -13 -15 -13 -12 -19 -16 -18 -19 -18 -17 -17 -17 -5 10 14 15 13 12 11 10 1 -1 4 5 13 14 22 25 31 32
-25 -28 -31 -9 5 1 3 9 5 2 -3 -8 -14 -13 -16 -23 -2 -1 3 1 -8 1 4 7 7 8 0 -24 -16 -6 0 -18 -11 -13 -11 -7 4 5 5 -12 -30 -31 -23 -14 -24 -22 5 11 2 0 -7 -15 -17 -15 -18 -24 -22 -20 -24 -21 -14 -4 1 6 8 11 14 14 13 11 9 4 1 9 9 18 25 29 31 31 30
-34 -23 -20 -25 -6 1 -2 8 4 -10 -27 -32 -32 -28 -9 -14 -1 2 3 5 6 7 8 9 9 7 -5 -8 -14 -11 1 -13 -5 -3 -5 2 8 6 -6 -13 -23 -20 -7 -5 -12 -6 2 11 11 6 -3 -8 -17 -21 -27 -28 -22 -26 -26 -18 -7 -3 0 0 2 5 7 11 13 13 8 5 14 11 17 22 25 28 30 -9999 -9999
-27 -30 -18 -34 -11 9 10 6 1 -24 -31 -34 -25 -13 -4 -11 -2 4 4 5 6 6 8 9 10 4 -4 0 -3 -3 7 -1 -3 2 7 9 9 -6 -5 -20 -11 -6 -5 -8 -9 -1 2 7 4 10 2 -1 -5 -14 -26 -27 -27 -28 -23 -14 -3 -2 2 3 3 6 8 11 12 13 16 13 4 4 10 21 24 24 28 -9999 -9999
-28 -23 -7 -8 3 12 2 2 -3 -21 -31 -36 -28 -13 -5 -2 1 4 5 7 4 0 1 8 10 9 4 4 7 4 8 8 7 9 10 9 5 -1 -11 -18 -9 -5 -2 -5 -6 -4 0 2 -4 4 11 4 -1 -8 -16 -22 -27 -26 -20 -9 -8 -5 -2 0 0 0 2 6 10 12 14 19 7 6 10 18 31 33 34 -9999 -9999
-28 -29 -3 8 10 11 7 7 -3 -25 -30 -22 -22 -5 -11 -7 -5 0 7 8 7 0 2 8 11 12 11 9 9 10 11 11 11 11 7 -2 3 -2 -3 -11 -8 -1 5 4 2 3 4 4 2 3 12 7 -2 -1 -10 -12 -16 -19 -18 -9 -6 -1 1 5 5 3 4 7 9 11 19 20 14 14 9 18 28 22 29 32 31
-28 -14 6 7 3 7 12 11 6 -4 -10 -7 -3 -3 -8 -9 -5 4 8 6 6 8 5 9 12 11 12 13 11 12 12 12 12 12 8 7 1 2 0 -2 1 2 2 1 4 4 5 6 3 2 9 12 8 1 -6 -7 -6 -6 -3 1 2 2 3 5 4 5 8 12 14 18 20 20 19 19 5 14 16 28 35 34 34
-22 0 5 -8 1 2 12 9 9 7 4 2 -2 -2 0 -7 1 9 10 2 -2 10 12 13 10 7 11 13 13 12 12 13 13 14 13 10 6 8 5 -1 5 4 6 10 11 10 9 6 -5 -4 11 12 12 9 6 -1 -5 -4 1 3 3 4 4 3 0 -6 2 23 25 25 29 31 29 16 22 31 27 31 32 34 31
2 -3 -11 1 1 11 14 12 12 11 11 7 4 6 7 2 2 11 11 3 1 12 14 14 9 1 5 9 13 13 12 12 13 14 13 11 9 10 10 9 11 9 11 12 12 10 8 -3 -11 -3 9 7 5 11 14 12 8 3 4 6 3 2 6 2 0 -1 19 28 28 29 29 26 31 29 31 36 33 27 30 30 35
-11 0 8 7 8 11 13 15 14 11 12 13 13 12 10 7 10 12 12 5 2 10 15 13 8 2 5 -1 6 12 13 14 14 14 15 14 11 12 13 13 12 12 12 12 13 11 -5 -15 -5 2 12 10 9 13 15 12 12 11 11 8 0 -1 4 13 18 25 27 28 25 23 26 26 32 32 -9999 -9999 -9999 -9999 -9999 -9999 -9999
8 9 11 13 14 14 13 16 14 12 14 12 2 9 12 12 13 13 13 10 8 8 15 15 10 4 10 4 -4 -2 4 7 10 14 15 15 14 13 13 14 13 13 13 11 14 8 -4 2 2 10 15 14 13 14 10 8 14 16 14 5 4 5 8 16 24 27 27 26 24 26 -9999 -9999 -9999 -9999 -9999 -9999 -9999 -9999 -9999 -9999 -9999
9 10 12 12 9 10 11 15 17 14 15 14 6 9 13 14 14 14 15 15 15 15 16 16 14 11 4 5 4 4 8 7 10 12 7 9 15 15 13 14 14 13 13 12 14 8 8 11 14 16 17 18 16 13 10 13 14 14 11 9 10 12 15 21 26 24 21 25 27 -9999 -9999 -9999 -9999 -9999 -9999 -9999 -9999 -9999 -9999 -9999 -9999
11 9 14 12 12 10 13 15 18 15 17 16 12 16 16 16 16 16 16 16 16 16 17 17 17 15 13 13 7 1 3 3 6 4 9 6 12 16 15 15 14 14 10 11 13 12 13 15 18 17 18 20 17 14 15 14 11 9 15 16 15 19 21 22 18 18 19 26 29 -9999 -9999 -9999 -9999 -9999 -9999 -9999 -9999 -9999 -9999 -9999 -9999
13 13 16 13 16 13 16 18 17 15 12 7 10 16 18 17 17 17 17 17 17 17 18 17 16 17 17 14 9 6 5 1 6 13 15 15 15 17 13 11 14 15 13 14 14 14 15 15 17 19 18 20 20 17 16 14 12 12 17 21 23 24 25 21 13 16 24 27 -9999 -9999 -9999 -9999 -9999 -9999 -9999 -9999 -9999 -9999 -9999 -9999 -9999
15 16 17 18 17 16 19 19 15 11 0 -2 4 13 16 18 17 18 18 18 18 18 18 18 16 17 18 18 14 15 8 9 15 16 15 16 18 17 12 8 12 13 12 10 12 14 15 16 16 17 19 19 20 20 20 17 14 14 18 23 24 23 23 17 15 19 23 27 -9999 -9999 -9999 -9999 -9999 -9999 -9999 -9999 -9999 -9999 -9999 -9999 -9999
17 -9999 -9999 -9999 19 19 20 17 13 3 -8 0 13 11 10 17 18 18 18 18 18 19 19 18 17 15 18 18 16 18 17 18 17 16 16 18 17 14 12 11 11 13 13 13 9 5 10 15 16 17 18 19 19 20 21 21 17 19 24 23 22 17 23 23 25 24 27 -9999 -9999 -9999 -9999 -9999 -9999 -9999 -9999 -9999 -9999 -9999 -9999 -9999 -9999
-9999 -9999 -9999 -9999 -9999 -9999 21 18 13 12 3 -6 10 18 16 17 19 18 19 19 19 20 19 19 19 17 19 19 18 18 18 17 17 17 19 18 11 10 12 7 6 9 10 11 12 11 8 8 12 16 18 19 20 20 20 21 23 22 25 23 21 21 23 26 28 -9999 -9999 -9999 -9999 -9999 -9999 -9999 -9999 -9999 -9999 -9999 -9999 -9999 -9999 -9999 -9999
-9999 -9999 -9999 -9999 -9999 -9999 -9999 21 20 16 2 0 13 18 20 19 19 20 20 20 19 20 20 20 20 20 19 18 18 18 17 18 18 19 20 19 16 11 13 12 5 4 5 4 11 9 7 9 6 3 5 11 18 20 22 22 24 24 25 24 21 24 26 -9999 -9999 -9999 -9999 -9999 -9999 -9999 -9999 -9999 -9999 -9999 -9999 -9999 -9999 -9999 -9999 -9999 -9999
-9999 -9999 -9999 -9999 -9999 -9999 -9999 19 20 19 16 8 15 20 20 21 21 21 21 20 20 21 21 20 20 20 19 19 18 18 18 18 19 20 20 21 18 16 11 9 7 2 -2 6 12 9 3 4 6 3 5 10 13 14 21 23 25 25 26 22 23 25 -9999 -9999 -9999 -9999 -9999 -9999 -9999 -9999 -9999 -9999 -9999 -9999 -9999 -9999 -9999 -9999 -9999 -9999 -9999
-9999 -9999 -9999 -9999 -9999 -9999 -9999 -9999 20 20 20 20 20 19 18 20 21 21 21 21 21 21 21 21 21 20 19 19 19 19 18 18 19 21 21 20 19 18 14 7 -1 10 13 13 9 5 6 8 4 10 16 12 10 12 14 19 23 25 26 -9999 -9999 -9999 -9999 -9999 -9999 -9999 -9999 -9999 -9999 -9999 -9999 -9999 -9999 -9999 -9999 -9999 -9999 -9999 -9999 -9999 -9999
-9999 -9999 -9999 -9999 -9999 -9999 -9999 -9999 -9999 20 20 20 19 -9999 -9999 20 -9999 -9999 -9999 21 21 21 21 21 21 21 20 20 20 19 19 19 20 22 19 17 17 15 16 16 14 12 15 8 10 4 2 5 10 9 12 18 13 15 17 20 19 23 -9999 -9999 -9999 -9999 -9999 -9999 -9999 -9999 -9999 -9999 -9999 -9999 -9999 -9999 -9999 -9999 -9999 -9999 -9999 -9999 -9999 -9999 -9999
-9999 -9999 -9999 -9999 -9999 -9999 -9999 -9999 -9999 -9999 -9999 21 -9999 -9999 -9999 -9999 -9999 -9999 -9999 -9999 21 21 21 21 21 21 20 20 20 20 20 20 20 21 19 17 14 12 8 15 16 14 13 3 9 2 -1 4 2 8 11 12 16 19 22 21 19 19 23 -9999 -9999 -9999 -9999 -9999 -9999 -9999 -9999 -9999 -9999 -9999 -9999 -9999 -9999 -9999 -9999 -9999 -9999 -9999 -9999 -9999 -9999
-9999 -9999 -9999 -9999 -9999 -9999 -9999 -9999 -9999 -9999 -9999 -9999 -9999 -9999 -9999 -9999 -9999 -9999 -9999 -9999 21 21 21 22 22 21 22 21 21 21 21 21 22 21 19 18 16 14 10 9 7 11 10 10 11 14 7 10 10 8 13 14 19 19 22 24 24 23 -9999 -9999 -9999 -9999 -9999 -9999 -9999 -9999 -9999 -9999 -9999 -9999 -9999 -9999 -9999 -9999 -9999 -9999 -9999 -9999 -9999 -9999 -9999
