Electronic Materials (Flash Drives)/data/NZclimate/2050/ccsm_4_2050/bio01nz.asc
ncols         384
nrows         384
xllcorner     164
yllcorner     -49
cellsize      0.041666666666667
NODATA_value  -9999
[rows 140 to 174 of 384, columns 240 to 319 of 384]
-9999 -9999 -9999 -9999 -9999 -9999 -9999 -9999 -9999 -9999 -9999 -9999 155 150 152 151 148 146 141 134 132 131 135 147 145 140 137 138 133 143 143 141 142 139 137 131 121 113 115 123 132 133 135 137 138 138 139 139 136 131 130 129 124 119 117 119 120 121 120 118 118 111 110 110 106 111 114 115 120 135 121 124 126 129 133 140 147 143 140 141
-9999 -9999 -9999 -9999 -9999 -9999 -9999 -9999 -9999 -9999 -9999 154 150 149 149 148 148 147 143 136 133 133 139 145 147 144 138 142 136 143 145 143 144 142 139 130 121 120 122 127 127 131 137 138 138 138 137 131 125 127 126 127 124 119 118 117 120 119 120 116 119 110 112 111 112 106 114 129 122 122 140 141 140 140 140 144 140 146 151 145
-9999 -9999 -9999 -9999 -9999 -9999 -9999 -9999 -9999 -9999 154 152 150 150 146 142 141 138 139 135 134 134 142 144 148 145 142 145 143 146 144 141 141 141 138 129 126 121 123 125 119 128 138 138 138 136 134 126 124 123 127 124 121 116 117 117 119 120 117 116 118 111 115 109 104 112 119 129 117 134 136 135 142 146 147 148 147 151 152 152
-9999 -9999 -9999 -9999 153 153 153 153 153 153 152 150 149 149 143 141 141 139 141 141 137 139 140 144 147 144 143 141 137 138 136 137 134 136 131 130 125 121 122 121 106 113 134 137 135 133 130 128 125 122 121 118 111 108 118 117 114 116 115 116 119 119 120 120 109 117 128 129 122 135 134 136 140 137 141 144 146 148 147 151
-9999 -9999 153 152 152 152 151 151 151 149 148 150 149 144 142 143 141 139 142 143 144 143 141 142 144 144 144 139 133 133 136 133 130 130 119 123 126 123 123 124 123 117 119 134 134 127 122 120 119 115 112 106 110 113 119 115 113 115 112 107 115 126 126 120 116 124 134 140 138 138 140 141 143 148 143 143 148 151 150 153
151 151 151 150 150 149 150 148 148 148 146 148 144 145 143 144 141 140 141 144 144 143 143 142 141 144 137 136 141 140 136 135 128 125 113 118 118 117 117 117 123 125 116 130 130 122 114 109 101 104 109 105 103 109 120 117 113 114 107 104 113 126 129 120 126 137 132 133 131 133 136 141 143 147 149 150 149 152 154 153
148 147 148 147 146 146 147 148 148 146 146 145 144 145 143 140 140 141 143 143 146 142 144 143 141 144 142 143 141 140 140 135 129 124 120 115 111 108 100 86 96 116 122 125 121 112 100 98 94 96 93 100 98 113 115 113 118 112 114 109 116 125 122 131 137 129 119 121 135 144 146 149 147 149 149 151 154 154 156 157
143 142 143 143 143 144 146 146 147 147 145 144 146 145 142 139 141 143 140 141 145 143 143 143 137 138 135 141 131 132 138 129 122 117 114 113 109 102 86 69 85 103 114 119 106 91 90 89 90 89 94 99 105 100 108 111 114 117 109 120 124 126 126 135 131 106 117 130 136 144 146 150 154 154 155 153 157 -9999 -9999 -9999
131 132 136 137 139 142 144 144 144 146 145 145 145 143 142 141 141 142 141 139 143 140 142 138 136 134 132 131 128 126 132 127 118 113 110 107 103 95 87 89 95 104 111 106 97 89 86 93 96 94 91 98 103 98 92 97 107 115 121 126 129 126 131 134 118 111 134 143 143 146 145 151 152 154 158 -9999 -9999 -9999 -9999 -9999
104 112 125 130 135 138 140 142 144 144 145 144 143 143 142 141 137 134 140 144 143 143 140 141 135 134 129 128 131 127 124 124 117 113 92 96 88 76 79 90 98 104 107 102 93 87 87 98 92 95 93 100 96 101 99 95 99 97 114 125 124 122 125 117 127 135 143 143 146 146 141 143 145 -9999 -9999 -9999 -9999 -9999 -9999 -9999
107 91 108 121 129 134 137 139 143 143 142 142 145 144 141 141 139 137 138 145 143 144 141 143 139 139 134 130 135 132 125 121 117 113 106 94 71 37 62 83 95 101 98 89 84 84 92 102 99 95 90 105 98 93 96 102 88 92 109 122 124 125 126 133 137 139 145 139 137 144 147 150 150 -9999 -9999 -9999 -9999 -9999 -9999 -9999
106 76 102 118 127 132 136 138 140 143 143 143 144 140 142 142 140 136 133 131 141 141 140 144 142 136 135 134 137 135 130 121 117 112 106 97 79 58 74 90 98 101 94 87 92 96 95 93 105 102 107 111 101 100 109 103 93 108 114 120 125 126 132 140 141 142 147 147 143 149 151 154 -9999 -9999 -9999 -9999 -9999 -9999 -9999 -9999
124 118 120 125 129 133 137 139 141 143 144 144 143 140 137 131 129 131 130 129 123 131 136 139 143 137 140 143 138 132 127 122 118 114 110 105 98 94 96 101 104 103 100 100 97 94 96 99 109 108 109 111 103 103 112 110 113 117 127 124 135 137 139 142 144 146 151 151 149 156 157 -9999 -9999 -9999 -9999 -9999 -9999 -9999 -9999 -9999
135 132 132 133 135 137 139 141 141 142 144 145 142 137 135 131 129 134 133 131 126 127 133 138 141 141 140 132 125 123 126 126 125 122 118 116 111 108 110 109 108 109 108 105 100 90 99 101 107 107 111 111 111 107 110 120 120 121 123 132 138 141 144 143 146 148 148 153 155 157 -9999 -9999 -9999 -9999 -9999 -9999 -9999 -9999 -9999 -9999
140 139 140 139 140 141 142 142 142 141 143 146 143 141 140 137 138 138 136 136 134 134 138 139 145 136 133 130 126 130 127 128 127 125 122 120 119 117 116 113 110 108 110 110 98 102 115 111 114 114 110 109 112 119 120 120 122 122 126 138 142 145 147 148 149 151 147 154 158 -9999 -9999 -9999 -9999 -9999 -9999 -9999 -9999 -9999 -9999 -9999
145 144 144 144 143 144 144 142 144 143 144 145 144 143 141 139 139 143 138 138 138 135 130 131 139 141 131 129 125 128 125 126 122 121 123 123 121 119 118 114 112 107 104 110 114 119 118 111 118 116 110 109 113 122 118 125 131 130 134 139 142 145 145 148 151 152 151 156 158 157 -9999 -9999 -9999 -9999 -9999 -9999 -9999 -9999 -9999 -9999
148 148 147 146 146 147 146 146 144 145 144 141 144 145 143 145 140 141 142 139 132 137 137 129 132 139 137 135 130 132 129 130 128 123 124 123 120 118 116 111 112 108 104 106 111 117 111 112 119 117 116 111 101 127 119 123 135 137 140 141 143 144 146 149 152 153 156 155 157 158 -9999 -9999 -9999 -9999 -9999 -9999 -9999 -9999 -9999 -9999
149 149 149 149 148 148 147 148 148 143 142 138 141 146 140 144 139 135 141 145 142 142 134 126 130 143 144 137 131 133 137 130 123 125 127 125 128 126 124 117 115 109 109 114 123 122 116 115 121 119 106 102 109 110 99 109 127 138 145 145 147 147 148 151 154 155 156 156 157 157 157 -9999 -9999 -9999 -9999 -9999 -9999 -9999 -9999 -9999
-9999 -9999 -9999 -9999 149 149 148 148 149 146 144 142 142 144 143 141 138 136 138 143 144 137 135 132 134 134 139 142 139 129 133 135 131 131 132 130 126 126 127 121 123 121 121 122 127 126 119 121 122 115 100 97 107 103 96 116 136 140 141 140 146 150 151 151 153 155 156 157 157 157 157 -9999 -9999 -9999 -9999 -9999 -9999 -9999 -9999 -9999
-9999 -9999 -9999 -9999 -9999 -9999 -9999 148 150 148 146 143 141 146 145 138 141 143 144 143 146 145 142 137 139 141 132 139 141 131 127 138 136 131 135 129 123 130 126 126 124 125 128 127 124 129 128 125 121 120 101 100 96 96 98 127 132 138 140 142 144 149 151 152 154 155 156 156 156 156 154 154 149 151 -9999 -9999 -9999 -9999 -9999 -9999
-9999 -9999 -9999 -9999 -9999 -9999 -9999 -9999 151 149 148 147 146 145 143 142 144 148 147 145 148 142 139 138 138 139 143 144 134 130 130 138 136 135 134 126 131 129 127 130 126 120 126 131 129 129 131 126 125 110 115 102 92 104 116 128 126 133 133 136 141 147 145 150 153 155 156 156 155 151 153 152 149 150 -9999 -9999 -9999 -9999 -9999 -9999
-9999 -9999 -9999 -9999 -9999 -9999 -9999 -9999 -9999 151 150 151 149 149 148 146 147 148 144 149 146 141 132 134 140 142 142 147 139 134 137 141 132 134 134 131 134 128 127 132 126 122 119 127 133 131 128 122 117 94 98 98 99 118 127 116 127 132 134 138 139 144 143 150 149 152 152 151 145 151 149 149 151 -9999 -9999 -9999 -9999 -9999 -9999 -9999
-9999 -9999 -9999 -9999 -9999 -9999 -9999 -9999 -9999 -9999 -9999 151 151 150 149 149 149 151 148 148 143 140 138 137 139 142 147 149 147 143 145 146 141 141 136 133 136 135 134 131 126 126 122 133 134 133 126 119 118 98 91 93 103 127 131 125 132 137 139 141 140 141 143 144 152 154 148 151 149 143 143 147 152 -9999 -9999 -9999 -9999 -9999 -9999 -9999
-9999 -9999 -9999 -9999 -9999 -9999 -9999 -9999 -9999 -9999 -9999 -9999 152 151 151 151 150 151 148 146 145 145 144 144 145 144 149 148 147 142 148 141 146 143 138 141 140 135 130 125 128 132 133 134 131 127 126 126 120 92 87 87 114 127 132 135 137 139 142 144 142 141 140 150 153 148 149 150 143 138 139 151 -9999 -9999 -9999 -9999 -9999 -9999 -9999 -9999
-9999 -9999 -9999 -9999 -9999 -9999 -9999 -9999 -9999 -9999 -9999 -9999 -9999 -9999 -9999 152 153 152 151 150 150 150 150 147 146 149 152 150 148 145 147 148 146 144 144 145 142 138 135 134 138 138 136 131 129 130 127 123 115 98 89 89 111 127 133 135 139 142 143 145 145 142 145 151 148 150 144 145 139 132 142 151 -9999 -9999 -9999 -9999 -9999 -9999 -9999 -9999
-9999 -9999 -9999 -9999 -9999 -9999 -9999 -9999 -9999 -9999 -9999 -9999 -9999 -9999 -9999 -9999 -9999 -9999 -9999 -9999 -9999 152 151 149 149 152 153 148 147 144 148 148 147 147 144 143 142 138 138 141 140 137 135 132 128 125 123 116 94 88 86 106 124 130 135 137 140 143 144 145 145 142 147 151 149 148 147 145 137 135 144 145 -9999 -9999 -9999 -9999 -9999 -9999 -9999 -9999
-9999 -9999 -9999 -9999 -9999 -9999 -9999 -9999 -9999 -9999 -9999 -9999 -9999 -9999 -9999 -9999 -9999 -9999 -9999 -9999 -9999 -9999 -9999 152 153 153 150 150 147 145 150 148 147 144 143 139 138 138 135 142 137 136 132 129 129 127 123 120 105 104 91 111 125 133 137 140 142 144 145 146 146 145 148 148 147 147 145 146 143 147 150 -9999 -9999 -9999 -9999 -9999 -9999 -9999 -9999 -9999
-9999 -9999 -9999 -9999 -9999 -9999 -9999 -9999 -9999 -9999 -9999 -9999 -9999 -9999 -9999 -9999 -9999 -9999 -9999 -9999 -9999 -9999 -9999 -9999 153 152 151 149 149 151 150 149 145 140 138 138 141 141 143 140 133 131 132 129 130 128 129 125 112 91 102 121 130 134 138 140 143 144 146 146 146 147 147 148 148 145 143 143 146 151 -9999 -9999 -9999 -9999 -9999 -9999 -9999 -9999 -9999 -9999
-9999 -9999 -9999 -9999 -9999 -9999 -9999 -9999 -9999 -9999 -9999 -9999 -9999 -9999 -9999 -9999 -9999 -9999 -9999 -9999 -9999 -9999 -9999 -9999 -9999 153 152 153 151 151 150 145 143 143 142 144 146 143 137 134 130 132 131 133 130 133 132 128 103 105 112 123 131 135 137 140 142 144 145 144 147 147 147 144 147 145 142 143 147 147 -9999 -9999 -9999 -9999 -9999 -9999 -9999 -9999 -9999 -9999
-9999 -9999 -9999 -9999 -9999 -9999 -9999 -9999 -9999 -9999 -9999 -9999 -9999 -9999 -9999 -9999 -9999 -9999 -9999 -9999 -9999 -9999 -9999 -9999 -9999 -9999 153 153 152 151 149 146 145 145 146 148 144 141 139 138 137 134 132 135 133 136 133 119 111 110 123 130 133 135 137 139 138 142 141 146 146 146 143 143 145 145 144 142 148 150 -9999 -9999 -9999 -9999 -9999 -9999 -9999 -9999 -9999 -9999
-9999 -9999 -9999 -9999 -9999 -9999 -9999 -9999 -9999 -9999 -9999 -9999 -9999 -9999 -9999 -9999 -9999 -9999 -9999 -9999 -9999 -9999 -9999 -9999 -9999 -9999 -9999 152 152 151 149 147 146 147 148 146 144 142 141 141 140 137 139 135 140 139 126 109 109 126 130 134 136 137 138 135 131 135 139 146 145 143 141 144 143 145 142 145 150 152 -9999 -9999 -9999 -9999 -9999 -9999 -9999 -9999 -9999 -9999
-9999 -9999 -9999 -9999 -9999 -9999 -9999 -9999 -9999 -9999 -9999 -9999 -9999 -9999 -9999 -9999 -9999 -9999 -9999 -9999 -9999 -9999 -9999 -9999 -9999 -9999 -9999 -9999 152 151 150 148 147 148 149 146 146 144 144 144 143 141 138 141 141 133 116 111 131 136 138 138 138 139 135 133 133 141 146 148 149 148 144 144 144 146 145 148 149 -9999 -9999 -9999 -9999 -9999 -9999 -9999 -9999 -9999 -9999 -9999
-9999 -9999 -9999 -9999 -9999 -9999 -9999 -9999 -9999 -9999 -9999 -9999 -9999 -9999 -9999 -9999 -9999 -9999 -9999 -9999 -9999 -9999 -9999 -9999 -9999 -9999 -9999 -9999 152 152 151 150 150 150 148 147 147 146 147 146 144 141 142 143 133 114 117 134 138 139 141 139 140 137 132 134 132 139 142 144 148 150 150 149 148 147 149 148 -9999 -9999 -9999 -9999 -9999 -9999 -9999 -9999 -9999 -9999 -9999 -9999
-9999 -9999 -9999 -9999 -9999 -9999 -9999 -9999 -9999 -9999 -9999 -9999 -9999 -9999 -9999 -9999 -9999 -9999 -9999 -9999 -9999 -9999 -9999 -9999 -9999 -9999 -9999 -9999 -9999 152 152 151 151 150 149 147 148 148 148 147 145 142 146 139 117 122 133 140 141 143 143 143 142 140 137 134 135 135 139 145 149 150 150 148 151 151 153 -9999 -9999 -9999 -9999 -9999 -9999 -9999 -9999 -9999 -9999 -9999 -9999 -9999
-9999 -9999 -9999 -9999 -9999 -9999 -9999 -9999 -9999 -9999 -9999 -9999 -9999 -9999 -9999 -9999 -9999 -9999 -9999 -9999 -9999 -9999 -9999 -9999 -9999 -9999 -9999 -9999 -9999 152 152 151 150 151 150 149 150 150 149 148 145 145 146 136 127 138 141 142 144 144 142 140 139 140 134 135 132 134 138 146 149 150 144 148 153 -9999 -9999 -9999 -9999 -9999 -9999 -9999 -9999 -9999 -9999 -9999 -9999 -9999 -9999 -9999
