Electronic Materials (Flash Drives)/data/NZclimate/2050/ccsm_4_2050/bio01nz.asc
ncols         384
nrows         384
xllcorner     164
yllcorner     -49
cellsize      0.041666666666667
NODATA_value  -9999
[rows 105 to 139 of 384, columns 240 to 319 of 384]
-9999 -9999 -9999 -9999 -9999 -9999 -9999 -9999 -9999 -9999 -9999 -9999 -9999 -9999 -9999 -9999 163 158 150 153 156 158 160 159 161 161 161 161 162 160 159 156 148 150 158 161 161 161 161 161 160 148 153 154 156 154 157 -9999 -9999 -9999 -9999 -9999 -9999 -9999 -9999 -9999 -9999 -9999 -9999 -9999 -9999 -9999 -9999 -9999 -9999 -9999 -9999 -9999 -9999 -9999 -9999 -9999 -9999 -9999 -9999 -9999 -9999 -9999 -9999 -9999
-9999 -9999 -9999 -9999 -9999 -9999 -9999 -9999 -9999 -9999 -9999 -9999 -9999 -9999 -9999 -9999 160 157 153 154 155 157 157 160 161 161 161 161 161 160 156 156 152 147 149 158 161 161 161 159 154 149 154 154 154 155 160 161 -9999 -9999 -9999 -9999 -9999 -9999 -9999 -9999 -9999 -9999 -9999 -9999 -9999 -9999 -9999 -9999 -9999 -9999 -9999 -9999 -9999 -9999 -9999 -9999 -9999 -9999 -9999 -9999 -9999 -9999 -9999 -9999
-9999 -9999 -9999 -9999 -9999 -9999 -9999 -9999 -9999 -9999 -9999 -9999 -9999 -9999 -9999 -9999 -9999 158 158 158 155 157 157 159 161 161 161 161 161 160 158 157 146 152 154 156 160 160 160 161 158 144 146 139 147 153 160 161 160 -9999 -9999 -9999 -9999 -9999 -9999 -9999 -9999 -9999 -9999 -9999 -9999 -9999 -9999 -9999 -9999 -9999 -9999 -9999 -9999 -9999 -9999 -9999 -9999 -9999 -9999 -9999 -9999 -9999 -9999 -9999
-9999 -9999 -9999 -9999 -9999 -9999 -9999 -9999 -9999 -9999 -9999 -9999 -9999 -9999 -9999 -9999 -9999 160 159 155 154 156 158 159 159 160 160 160 160 157 159 159 158 158 158 157 160 160 160 160 160 140 133 136 146 156 160 161 160 160 -9999 -9999 -9999 -9999 -9999 -9999 -9999 -9999 -9999 -9999 -9999 -9999 -9999 -9999 -9999 -9999 -9999 -9999 -9999 -9999 -9999 -9999 -9999 -9999 -9999 163 157 -9999 -9999 -9999
-9999 -9999 -9999 -9999 -9999 -9999 -9999 -9999 -9999 -9999 -9999 -9999 -9999 -9999 -9999 -9999 -9999 -9999 157 154 155 155 158 156 154 158 159 159 157 158 159 159 159 158 154 155 159 159 160 159 160 155 149 131 145 158 160 161 160 160 160 -9999 -9999 -9999 -9999 -9999 -9999 -9999 -9999 -9999 -9999 -9999 -9999 -9999 -9999 -9999 -9999 -9999 -9999 -9999 -9999 -9999 -9999 -9999 -9999 -9999 -9999 -9999 -9999 -9999
-9999 -9999 -9999 -9999 -9999 -9999 -9999 -9999 -9999 -9999 -9999 -9999 -9999 -9999 -9999 -9999 -9999 -9999 157 157 155 155 156 152 151 155 156 155 157 159 158 158 158 158 157 157 158 159 159 159 159 159 159 149 143 157 160 160 160 160 160 160 -9999 -9999 -9999 -9999 -9999 161 159 -9999 -9999 -9999 -9999 -9999 -9999 -9999 -9999 -9999 -9999 -9999 -9999 -9999 -9999 -9999 -9999 -9999 -9999 -9999 -9999 -9999
-9999 -9999 -9999 -9999 -9999 -9999 -9999 -9999 -9999 -9999 -9999 -9999 -9999 -9999 -9999 -9999 -9999 -9999 -9999 157 157 156 154 153 154 152 152 155 158 158 158 158 157 157 157 157 157 158 158 158 158 158 158 153 136 150 157 159 160 160 160 160 160 160 -9999 -9999 -9999 160 159 -9999 -9999 -9999 -9999 -9999 -9999 -9999 -9999 -9999 -9999 -9999 -9999 -9999 -9999 -9999 -9999 -9999 -9999 -9999 -9999 -9999
-9999 -9999 -9999 -9999 -9999 -9999 -9999 -9999 -9999 -9999 -9999 -9999 -9999 -9999 -9999 -9999 -9999 -9999 -9999 156 157 157 154 155 152 150 153 157 158 157 157 157 157 157 157 157 156 158 157 157 158 158 158 158 138 139 148 153 157 159 160 160 160 160 160 160 -9999 -9999 -9999 -9999 -9999 -9999 -9999 -9999 -9999 -9999 -9999 -9999 -9999 -9999 -9999 -9999 -9999 -9999 -9999 -9999 -9999 -9999 -9999 -9999
-9999 -9999 -9999 -9999 -9999 -9999 -9999 -9999 -9999 -9999 -9999 -9999 -9999 -9999 -9999 -9999 -9999 -9999 -9999 157 157 155 157 156 152 149 156 157 157 157 157 156 156 156 156 153 154 156 156 156 156 157 157 157 153 136 139 145 150 154 159 159 158 157 157 160 160 160 -9999 161 -9999 -9999 -9999 -9999 -9999 -9999 -9999 -9999 -9999 -9999 -9999 -9999 -9999 -9999 -9999 -9999 -9999 -9999 -9999 -9999
-9999 -9999 -9999 -9999 -9999 -9999 -9999 -9999 -9999 -9999 -9999 -9999 -9999 -9999 -9999 -9999 -9999 -9999 -9999 -9999 156 157 159 156 148 149 156 157 157 156 156 155 155 155 155 153 150 151 154 155 155 156 156 156 156 136 136 140 148 157 157 156 151 149 153 160 160 160 160 160 161 -9999 -9999 -9999 -9999 -9999 -9999 -9999 -9999 -9999 -9999 -9999 -9999 -9999 -9999 -9999 -9999 -9999 -9999 -9999
-9999 -9999 -9999 -9999 -9999 -9999 -9999 -9999 -9999 -9999 -9999 -9999 -9999 -9999 -9999 -9999 -9999 -9999 159 156 157 157 157 156 151 150 154 157 156 156 155 155 155 155 155 152 147 147 144 150 153 154 156 156 155 138 134 146 149 151 151 149 144 141 151 155 158 159 160 160 160 160 160 -9999 -9999 -9999 -9999 -9999 -9999 -9999 -9999 -9999 -9999 -9999 -9999 -9999 -9999 -9999 -9999 -9999
-9999 -9999 -9999 -9999 -9999 -9999 -9999 -9999 -9999 -9999 -9999 -9999 -9999 -9999 -9999 -9999 -9999 -9999 143 141 152 153 152 149 155 151 151 156 156 155 155 155 155 155 154 154 150 148 145 145 151 154 155 155 155 146 134 143 146 145 143 142 142 145 147 151 155 158 158 158 158 157 159 158 158 161 -9999 -9999 -9999 -9999 -9999 161 -9999 -9999 -9999 -9999 -9999 -9999 -9999 -9999
-9999 -9999 -9999 -9999 -9999 -9999 -9999 -9999 -9999 -9999 -9999 -9999 -9999 -9999 -9999 -9999 -9999 -9999 153 150 151 148 146 139 152 152 154 156 156 155 155 155 154 154 154 154 154 151 148 150 152 154 154 154 155 151 135 136 139 138 138 138 137 140 144 148 153 154 154 154 155 155 154 155 153 151 159 161 161 161 -9999 -9999 -9999 -9999 -9999 -9999 -9999 -9999 -9999 -9999
-9999 -9999 -9999 -9999 -9999 -9999 -9999 -9999 -9999 -9999 -9999 -9999 -9999 -9999 -9999 -9999 -9999 -9999 155 155 155 150 150 144 147 146 150 154 156 155 155 155 154 154 154 153 151 153 152 151 151 152 154 154 153 149 133 135 134 134 132 134 137 140 143 147 150 149 150 152 150 152 153 152 147 154 160 161 161 161 161 161 160 -9999 -9999 -9999 -9999 -9999 -9999 -9999
-9999 -9999 -9999 -9999 -9999 -9999 -9999 -9999 -9999 -9999 -9999 -9999 -9999 -9999 -9999 -9999 -9999 -9999 153 156 158 154 147 141 140 130 128 143 155 155 155 154 154 154 154 153 148 150 149 152 151 150 152 153 151 147 138 131 131 131 131 133 136 139 142 143 146 145 146 147 145 146 145 142 143 156 160 160 160 160 161 159 155 160 161 161 160 160 161 160
-9999 -9999 -9999 -9999 -9999 -9999 -9999 -9999 -9999 -9999 -9999 -9999 -9999 -9999 -9999 -9999 -9999 -9999 157 156 156 150 147 149 142 129 131 144 153 155 155 154 154 154 153 148 144 132 139 151 151 149 151 151 149 146 141 133 130 130 131 133 137 139 140 142 144 144 144 142 143 142 141 142 151 159 160 160 158 153 156 159 150 158 159 160 160 159 160 160
-9999 -9999 -9999 -9999 -9999 -9999 -9999 -9999 -9999 -9999 -9999 -9999 -9999 -9999 -9999 -9999 -9999 -9999 156 156 157 157 155 150 143 138 145 152 155 154 154 154 154 154 153 150 144 142 147 151 151 150 149 149 147 143 138 133 131 130 131 136 142 145 145 145 142 139 139 136 133 139 141 149 156 159 158 159 151 150 155 159 155 153 154 158 157 153 159 159
-9999 -9999 -9999 -9999 -9999 -9999 -9999 -9999 -9999 -9999 -9999 -9999 -9999 -9999 -9999 -9999 156 149 157 157 157 156 155 149 144 145 149 152 154 154 155 154 153 154 154 151 149 149 150 150 150 148 147 146 145 143 139 134 130 129 130 138 134 144 145 144 137 131 133 126 133 139 140 150 156 149 151 153 148 153 156 159 157 155 155 157 153 143 154 150
-9999 -9999 -9999 -9999 -9999 -9999 -9999 -9999 -9999 -9999 -9999 -9999 -9999 -9999 -9999 -9999 154 153 153 155 154 148 150 144 141 147 151 151 153 154 154 153 152 153 151 150 150 149 148 149 147 146 145 145 144 141 139 138 131 128 127 134 138 143 143 139 134 140 130 121 142 149 153 155 151 146 146 150 144 150 156 158 153 158 158 154 149 138 147 142
-9999 -9999 -9999 -9999 -9999 -9999 -9999 -9999 -9999 -9999 -9999 -9999 -9999 -9999 -9999 -9999 157 154 150 145 149 145 147 137 135 144 147 147 154 154 154 153 153 151 150 149 149 147 145 144 146 143 143 142 142 140 137 134 129 125 124 128 134 139 139 132 135 142 143 139 138 145 148 148 142 142 145 150 144 143 146 153 148 149 154 141 143 129 145 144
-9999 -9999 -9999 -9999 -9999 -9999 -9999 -9999 -9999 -9999 -9999 -9999 -9999 -9999 -9999 -9999 -9999 151 148 145 144 141 140 134 136 145 149 153 154 154 154 153 149 150 147 144 143 143 138 140 144 141 139 139 140 139 138 134 129 126 129 130 137 139 137 135 131 138 142 128 118 130 138 140 137 140 146 151 148 137 133 145 141 137 146 136 140 132 141 144
-9999 -9999 -9999 -9999 -9999 -9999 -9999 -9999 -9999 -9999 -9999 -9999 -9999 -9999 -9999 -9999 -9999 149 153 151 149 146 143 141 139 148 151 153 154 152 151 145 148 148 143 138 138 138 136 140 145 141 138 136 139 138 136 134 132 131 135 135 140 139 136 130 131 137 140 138 133 134 136 137 138 142 147 149 141 134 132 138 144 138 147 134 134 126 138 142
-9999 -9999 -9999 -9999 -9999 -9999 -9999 -9999 -9999 -9999 -9999 -9999 -9999 -9999 -9999 -9999 156 152 147 145 144 144 141 139 140 146 150 153 150 148 145 141 147 141 130 130 130 132 137 141 145 143 139 139 139 137 133 137 139 137 138 139 140 141 139 135 132 135 136 135 136 136 138 138 140 145 149 147 135 132 131 143 147 143 142 141 138 122 129 141
-9999 -9999 -9999 -9999 -9999 -9999 -9999 -9999 -9999 -9999 -9999 -9999 -9999 -9999 -9999 156 146 152 142 136 142 141 139 136 139 146 152 149 149 144 142 142 143 134 123 121 123 128 136 142 143 143 145 145 140 130 133 141 142 142 137 138 142 137 133 134 138 138 134 132 132 135 136 138 142 148 151 149 126 128 132 142 145 138 137 133 131 118 131 134
-9999 -9999 -9999 -9999 -9999 -9999 -9999 -9999 -9999 -9999 -9999 -9999 -9999 -9999 -9999 153 145 147 134 135 141 139 140 138 142 145 147 147 145 145 144 143 139 133 127 125 122 128 134 139 142 144 145 140 131 130 141 141 141 141 139 139 136 128 128 140 143 140 134 132 131 132 135 138 145 150 150 149 128 126 134 140 143 135 136 134 120 120 131 130
-9999 -9999 -9999 -9999 -9999 -9999 -9999 -9999 -9999 -9999 -9999 -9999 -9999 -9999 -9999 151 146 140 134 135 141 143 144 142 145 148 146 146 144 143 142 141 134 133 130 129 127 127 130 135 140 143 143 142 137 139 140 140 131 135 135 138 132 131 137 142 143 139 132 131 130 131 136 142 148 150 147 128 132 128 139 136 140 130 135 128 118 125 127 126
-9999 -9999 -9999 -9999 -9999 -9999 -9999 -9999 -9999 -9999 -9999 -9999 -9999 -9999 -9999 151 149 142 132 139 143 144 146 145 148 147 145 145 145 143 142 139 136 135 133 131 128 128 128 131 135 137 138 136 131 132 134 135 126 127 129 139 136 135 140 143 142 139 134 130 130 132 137 140 147 147 139 117 130 125 133 135 134 131 125 127 115 116 121 121
-9999 -9999 -9999 -9999 -9999 -9999 -9999 -9999 -9999 -9999 -9999 -9999 -9999 -9999 -9999 150 144 137 130 142 145 148 146 145 148 146 146 142 139 139 136 138 138 130 132 131 128 126 122 122 121 130 135 133 131 130 132 131 127 129 133 136 140 141 140 143 142 136 132 130 132 134 135 140 138 140 136 126 127 129 134 137 125 127 128 125 108 107 109 116
-9999 -9999 -9999 -9999 -9999 -9999 -9999 -9999 -9999 -9999 -9999 -9999 -9999 -9999 -9999 151 143 140 133 142 150 152 150 149 148 147 146 145 140 137 136 136 132 134 134 129 127 124 115 115 124 131 132 131 127 124 128 128 129 129 133 137 138 140 140 142 138 130 126 129 134 136 137 137 133 135 137 125 119 121 125 134 125 123 127 113 110 112 115 119
-9999 -9999 -9999 -9999 -9999 -9999 -9999 -9999 -9999 -9999 -9999 -9999 -9999 -9999 156 148 146 143 150 150 149 153 152 149 148 147 141 145 142 135 136 140 143 141 135 132 129 120 114 117 125 131 132 129 127 128 126 127 130 133 135 137 139 139 142 140 130 126 125 129 133 134 136 129 133 137 138 126 127 123 131 129 118 113 108 102 109 118 119 119
-9999 -9999 -9999 -9999 -9999 -9999 -9999 -9999 -9999 -9999 -9999 -9999 -9999 -9999 156 151 148 146 145 139 140 152 148 148 143 139 139 139 136 133 138 143 141 137 132 131 122 113 112 119 126 129 132 132 132 132 133 128 129 133 136 134 138 139 137 129 126 125 126 128 130 131 129 127 133 138 129 125 121 126 130 125 112 109 101 106 114 118 119 132
-9999 -9999 -9999 -9999 -9999 -9999 -9999 -9999 -9999 -9999 -9999 -9999 -9999 -9999 155 151 152 152 148 149 144 147 141 140 139 143 140 140 139 140 140 139 136 131 129 124 119 116 123 127 129 130 134 137 138 137 133 133 133 137 135 125 133 133 129 123 123 126 126 126 127 126 123 126 133 125 116 116 116 123 114 108 108 117 105 106 106 114 120 130
-9999 -9999 -9999 -9999 -9999 -9999 -9999 -9999 -9999 -9999 -9999 -9999 -9999 -9999 154 151 149 147 145 143 145 142 139 140 141 144 143 142 142 140 141 140 140 132 122 116 112 118 122 126 128 132 138 138 138 138 139 138 137 138 134 129 127 127 122 122 124 125 125 124 123 121 117 124 127 115 117 119 126 120 109 111 117 123 117 113 117 118 121 131
-9999 -9999 -9999 -9999 -9999 -9999 -9999 -9999 -9999 -9999 -9999 -9999 -9999 -9999 151 149 149 147 143 137 134 134 136 143 143 146 145 143 138 142 139 137 138 131 118 115 116 113 116 122 128 134 138 138 138 138 139 139 139 139 135 131 125 120 121 122 122 123 123 122 119 118 114 121 118 113 119 114 122 113 119 119 126 126 128 123 118 127 139 135
-9999 -9999 -9999 -9999 -9999 -9999 -9999 -9999 -9999 -9999 -9999 -9999 -9999 155 152 150 149 145 139 134 133 135 139 143 146 143 136 135 136 143 140 141 141 132 131 128 120 111 112 119 128 130 130 134 138 138 139 139 138 134 134 130 123 119 119 121 121 121 121 119 117 115 112 114 112 109 108 110 131 118 123 120 118 115 126 139 136 139 143 144
