Electronic Materials (Flash Drives)/data/NZclimate/2050/ccsm_4_2050/bio01nz.asc
ncols         384
nrows         384
xllcorner     164
yllcorner     -49
cellsize      0.041666666666667
NODATA_value  -9999
[rows 280 to 314 of 384, columns 80 to 159 of 384]
-9999 -9999 -9999 -9999 -9999 118 108 106 93 89 79 88 92 96 92 91 73 64 100 92 60 54 78 101 98 65 75 88 46 39 57 70 89 91 81 64 71 52 88 113 103 91 118 118 119 118 116 111 89 95 105 109 108 106 98 88 88 59 53 72 73 83 61 61 69 83 90 102 91 83 75 85 105 118 113 117 120 118 113 111
-9999 -9999 -9999 -9999 108 111 101 88 81 82 98 101 107 67 84 72 62 60 87 95 59 72 76 104 105 98 95 76 43 55 69 71 87 102 75 48 61 88 96 90 76 79 102 117 114 115 119 118 104 92 94 96 107 104 102 102 84 75 45 68 87 93 81 48 62 71 82 93 97 84 55 62 94 110 114 122 114 104 100 98
-9999 -9999 108 102 102 82 99 100 83 83 97 71 86 90 58 59 66 61 69 100 64 56 53 96 96 109 96 61 50 51 44 65 78 94 67 53 65 89 79 63 78 104 107 82 88 100 107 117 115 95 103 111 116 105 101 97 91 87 67 72 83 96 93 56 61 71 85 73 86 92 69 54 85 103 112 119 122 117 109 110
113 106 100 89 105 88 94 89 81 67 71 71 76 67 66 60 63 71 93 81 68 74 44 76 112 109 80 54 53 68 63 79 92 93 66 67 80 85 69 90 100 108 85 66 67 71 75 104 120 116 116 114 112 104 91 72 75 79 94 82 94 99 99 73 62 73 72 66 72 79 74 56 74 90 103 115 119 123 123 121
109 91 98 99 99 85 84 88 79 65 75 76 76 76 74 71 58 63 82 81 63 87 70 55 110 110 82 64 49 74 79 90 96 70 65 87 69 80 53 81 105 90 61 54 45 63 92 114 121 118 118 112 93 83 68 66 60 80 103 101 102 102 101 88 63 63 64 66 71 83 84 70 65 69 93 100 114 118 118 121
96 100 83 87 91 95 93 77 72 83 81 66 73 92 87 66 76 87 78 78 59 64 90 82 106 113 83 46 71 80 83 89 97 82 79 83 89 83 69 89 85 69 55 44 58 97 117 122 119 118 114 101 80 73 83 72 86 101 108 105 107 102 94 96 83 63 64 70 73 77 75 70 70 85 87 94 106 109 118 120
95 109 96 93 86 78 71 74 72 69 83 94 90 98 92 67 95 70 63 57 81 69 76 93 108 114 96 66 72 74 93 98 86 88 98 103 100 71 70 81 70 74 58 62 99 116 122 115 109 104 97 95 84 81 92 95 104 109 110 108 107 102 101 96 91 80 68 68 71 79 78 77 86 96 100 100 102 112 117 117
84 103 104 94 82 74 71 81 92 69 68 76 81 110 84 70 98 59 70 52 65 88 83 53 87 114 107 84 68 84 90 86 103 111 114 113 110 92 75 71 83 90 72 88 115 120 115 98 85 74 73 83 88 94 106 111 112 112 112 104 97 104 104 102 98 92 91 92 97 100 99 93 78 87 93 103 108 112 114 116
94 96 89 83 86 83 71 75 76 89 68 77 98 107 78 72 90 73 60 51 64 76 74 54 65 110 109 64 69 96 75 96 106 111 108 93 91 97 107 103 104 103 102 103 118 119 103 80 62 56 69 91 105 111 113 113 113 114 108 99 108 105 97 102 102 100 100 101 102 104 104 94 71 79 87 96 102 105 110 114
93 81 70 71 75 95 66 76 86 99 81 87 110 88 67 92 88 70 60 61 55 88 64 62 74 106 114 92 103 109 112 116 117 113 98 38 46 69 84 92 109 91 102 119 121 112 92 74 61 81 99 112 115 115 115 115 112 110 110 110 104 90 102 106 106 105 104 105 105 107 106 102 81 69 79 94 100 101 106 109
84 89 84 82 75 91 91 70 71 82 102 108 109 102 94 96 64 62 67 67 63 88 72 63 86 102 111 114 114 107 92 65 111 117 89 46 44 63 79 92 89 85 93 114 114 99 105 107 94 105 112 116 114 114 115 112 108 111 110 105 89 97 107 109 109 108 108 108 107 109 108 105 98 75 85 84 93 97 98 107
80 71 75 97 96 95 104 99 86 79 91 110 110 108 104 91 74 68 56 82 80 60 80 66 92 83 84 84 72 70 63 77 92 116 86 47 40 56 73 90 80 73 80 106 109 94 87 113 112 114 115 117 118 111 106 106 111 110 107 93 87 99 109 110 110 110 110 110 110 110 110 106 101 90 75 84 80 89 99 108
66 71 75 73 71 73 80 102 110 107 110 110 108 108 104 92 73 79 60 87 69 63 66 92 83 69 63 68 61 75 82 95 102 116 77 45 45 52 78 96 89 70 79 93 99 103 103 118 120 118 120 121 118 109 101 109 110 107 98 86 87 97 108 111 111 111 112 112 111 112 111 107 99 99 92 77 80 91 98 101
71 83 69 66 67 65 65 74 101 110 110 110 107 106 97 91 72 86 62 71 80 73 76 90 82 55 66 77 84 75 78 62 77 113 82 58 42 57 87 87 74 51 62 75 90 95 109 121 123 121 122 118 113 106 105 108 107 103 97 90 84 100 109 111 111 110 109 105 98 102 109 103 94 100 103 99 98 99 97 101
67 91 81 79 67 65 71 72 83 108 110 106 104 103 96 95 90 71 74 65 81 75 88 78 63 58 70 67 65 63 66 71 59 109 99 54 51 70 78 61 57 44 53 64 67 79 104 115 119 116 112 112 110 106 101 100 99 94 90 87 87 103 110 111 108 106 97 87 87 96 109 105 99 96 102 110 106 100 98 100
67 76 96 86 98 71 68 71 81 106 109 106 101 102 99 85 92 84 79 77 91 91 75 52 64 61 58 55 60 71 88 77 75 108 93 56 68 85 62 52 48 54 53 60 54 65 96 109 111 103 107 106 97 98 96 96 92 87 86 82 92 108 110 108 97 88 75 71 78 99 112 102 101 97 98 111 115 114 109 106
69 65 64 70 85 96 102 106 108 109 107 104 104 99 100 95 94 85 93 85 85 90 67 52 68 78 78 79 89 92 91 87 108 93 60 67 85 67 52 47 57 58 61 51 54 65 100 109 104 93 96 92 93 93 91 89 85 84 77 79 95 106 105 103 88 77 69 69 89 111 112 102 98 103 104 103 106 114 120 116
84 74 61 71 75 62 69 91 108 109 106 103 102 102 92 93 87 92 89 82 90 65 68 60 60 80 90 75 89 102 101 109 108 89 61 79 70 60 50 49 60 70 70 62 51 68 100 113 101 93 88 89 89 90 90 89 82 74 77 86 97 99 99 93 75 65 68 91 111 113 104 100 102 103 102 103 104 107 117 123
83 81 65 68 74 85 85 97 106 106 104 103 103 101 92 93 92 99 96 92 67 68 63 56 71 69 92 80 86 97 98 94 110 99 80 67 59 54 55 65 66 80 81 67 60 65 96 114 111 99 86 87 88 87 89 87 82 83 88 96 100 98 90 79 70 65 93 112 115 108 98 104 106 100 101 100 107 109 112 120
93 89 83 98 100 106 107 102 106 103 104 102 102 101 97 99 100 98 98 88 76 82 71 71 85 84 86 99 102 101 107 101 110 92 90 75 61 56 60 70 77 93 97 74 73 71 99 119 114 99 89 85 83 85 86 88 88 91 95 100 95 86 80 72 69 89 112 116 112 103 102 106 104 101 95 99 106 111 115 120
85 90 104 106 108 108 108 107 107 105 106 105 104 101 101 102 94 92 97 96 95 87 90 93 91 92 98 100 106 112 105 99 105 99 87 81 72 75 72 74 93 101 88 80 80 80 101 121 108 100 98 95 87 83 89 90 89 94 93 87 81 83 83 79 79 109 116 116 113 107 105 107 102 96 94 103 109 112 115 119
75 96 70 77 103 107 107 107 107 106 102 103 103 102 100 95 92 97 99 102 92 86 101 93 100 106 105 105 97 97 103 109 94 82 86 80 86 101 101 100 107 82 66 77 88 79 85 116 110 105 100 97 93 90 92 93 84 88 85 83 83 85 85 84 96 112 115 116 113 110 110 108 98 96 100 101 108 109 116 118
93 66 64 61 85 102 98 101 107 104 100 95 89 83 85 81 74 96 98 104 102 92 102 105 109 110 111 103 77 86 97 104 84 93 91 93 99 111 113 113 93 73 72 82 92 80 83 115 121 111 108 99 89 87 89 85 78 80 82 77 80 88 97 103 107 109 111 114 113 111 109 106 101 97 105 104 112 119 122 124
92 57 70 72 68 89 98 95 106 102 87 68 62 63 68 89 83 98 102 103 105 107 108 110 111 111 110 96 94 88 91 105 90 99 101 100 108 115 113 100 92 80 85 99 103 95 102 112 120 120 114 104 97 86 82 74 73 79 74 74 83 95 98 100 101 102 104 106 109 110 110 105 101 109 106 111 115 117 120 122
78 64 62 75 57 84 106 108 104 98 70 63 60 71 84 93 86 97 104 104 105 107 107 109 111 112 106 98 102 100 100 111 103 101 107 113 115 115 99 101 84 94 99 101 97 96 105 109 114 111 117 109 105 100 89 74 73 74 72 77 87 98 99 102 104 102 104 105 108 108 109 111 108 98 99 104 113 116 115 119
81 63 69 87 86 99 108 99 99 93 73 63 58 67 84 93 96 100 103 105 107 104 99 101 109 112 111 106 107 110 107 112 112 112 114 115 114 111 104 93 85 96 99 103 100 99 101 106 108 100 110 117 110 103 95 85 78 73 74 79 92 92 95 97 99 99 98 100 103 106 107 108 113 102 100 104 110 121 123 123
80 63 63 91 103 106 108 104 104 93 69 64 73 73 92 86 91 93 99 106 107 107 100 102 109 112 113 113 111 112 113 114 114 115 116 111 101 107 102 101 91 95 104 110 109 107 108 109 110 107 108 117 112 101 102 92 89 84 81 81 90 94 98 100 103 103 101 102 103 104 106 112 113 107 106 102 110 117 112 118
88 63 78 101 103 98 103 109 107 103 92 85 88 93 94 89 88 92 103 107 105 105 108 105 109 112 112 114 114 113 114 115 115 115 116 112 110 104 105 104 101 104 106 107 106 109 109 110 111 107 106 113 117 112 104 96 94 94 94 97 100 101 101 102 103 102 102 104 107 108 111 113 112 111 111 97 106 107 117 124
99 69 93 99 85 96 97 108 105 105 104 101 99 94 94 96 90 99 107 108 100 96 109 112 113 110 107 112 114 114 114 114 115 116 116 116 113 109 112 109 102 109 108 110 114 115 114 113 110 97 98 115 115 115 111 108 100 95 96 101 102 102 103 102 100 97 90 97 117 119 118 120 121 119 107 112 119 116 119 119
79 94 89 82 95 95 106 110 108 108 107 107 103 100 103 105 100 99 109 109 101 99 111 114 114 109 101 105 110 114 114 113 114 116 116 116 113 111 112 113 112 114 112 115 116 115 113 112 99 89 99 112 110 107 112 115 113 108 103 103 105 102 100 104 98 96 94 113 121 121 121 120 117 120 118 119 122 120 115 118
70 80 93 102 101 103 106 108 111 110 107 108 110 110 109 107 105 107 110 109 103 99 108 114 113 107 101 105 99 106 113 114 114 115 116 116 115 112 114 114 116 114 114 115 115 115 113 96 85 95 104 114 111 110 114 115 112 112 110 110 106 97 96 101 109 114 119 121 121 117 114 117 116 121 120 -9999 -9999 -9999 -9999 -9999
95 101 102 105 108 108 109 108 112 110 108 110 108 97 105 108 109 110 111 111 108 106 106 114 114 108 103 109 103 95 98 104 107 110 115 116 116 115 114 114 116 115 115 114 113 116 109 96 103 103 112 117 115 114 115 110 107 113 114 112 102 100 101 104 112 118 120 120 118 116 117 -9999 -9999 -9999 -9999 -9999 -9999 -9999 -9999 -9999
100 102 102 105 106 103 103 105 110 112 109 111 109 101 104 110 111 111 112 112 112 113 113 114 114 113 109 103 104 103 102 107 106 109 111 107 109 116 116 114 116 115 113 113 113 116 109 109 111 115 117 118 119 116 112 109 112 112 111 108 106 106 107 110 116 119 117 114 117 118 -9999 -9999 -9999 -9999 -9999 -9999 -9999 -9999 -9999 -9999
98 103 101 107 105 105 103 107 110 113 110 112 111 108 112 112 112 112 112 113 113 113 114 114 115 115 114 112 112 106 99 101 101 105 103 108 105 112 117 116 116 114 115 110 111 114 112 113 116 118 118 118 119 117 113 113 112 108 105 112 112 110 114 116 116 111 111 111 118 120 -9999 -9999 -9999 -9999 -9999 -9999 -9999 -9999 -9999 -9999
91 105 106 109 106 109 107 110 112 111 109 107 101 105 111 113 113 113 113 113 114 114 114 115 114 113 115 115 113 107 103 103 99 104 111 113 114 115 116 113 111 114 114 112 114 114 113 115 115 116 118 117 118 118 116 114 111 108 108 113 117 117 118 119 115 106 108 116 118 -9999 -9999 -9999 -9999 -9999 -9999 -9999 -9999 -9999 -9999 -9999
