Electronic Materials (Flash Drives)/data/NZclimate/2050/ccsm_4_2050/bio06nz.asc
ncols         384
nrows         384
xllcorner     164
yllcorner     -49
cellsize      0.041666666666667
NODATA_value  -9999
[rows 180 to 215 of 384, columns 162 to 242 of 384]
-9999 -9999 -9999 -9999 -9999 -9999 -9999 -9999 -9999 -9999 -9999 -9999 -9999 -9999 -9999 -9999 -9999 -9999 -9999 -9999 -9999 -9999 -9999 -9999 -9999 -9999 -9999 -9999 -9999 -9999 -9999 -9999 -9999 -9999 -9999 -9999 -9999 -9999 -9999 -9999 -9999 -9999 -9999 -9999 48 48 46 49 50 50 50 49 49 49 -9999 -9999 -9999 -9999 -9999 -9999 -9999 -9999 -9999 -9999 -9999 -9999 -9999 -9999 -9999 -9999 -9999 -9999 -9999 -9999 -9999 -9999 -9999 -9999 -9999 -9999 -9999
-9999 -9999 -9999 -9999 -9999 -9999 -9999 -9999 -9999 -9999 -9999 -9999 -9999 -9999 -9999 -9999 -9999 -9999 -9999 -9999 -9999 -9999 -9999 -9999 -9999 -9999 -9999 -9999 -9999 -9999 -9999 -9999 -9999 -9999 -9999 -9999 -9999 -9999 -9999 -9999 -9999 -9999 -9999 49 50 46 45 50 -9999 -9999 -9999 -9999 -9999 49 49 -9999 -9999 -9999 -9999 -9999 -9999 -9999 -9999 -9999 -9999 -9999 -9999 -9999 -9999 -9999 -9999 -9999 -9999 -9999 -9999 -9999 -9999 -9999 -9999 -9999 -9999
-9999 -9999 -9999 -9999 -9999 -9999 -9999 -9999 -9999 -9999 -9999 -9999 -9999 -9999 -9999 -9999 -9999 -9999 -9999 -9999 -9999 -9999 -9999 -9999 -9999 -9999 -9999 -9999 -9999 -9999 -9999 -9999 -9999 -9999 -9999 -9999 -9999 -9999 -9999 -9999 -9999 45 48 49 45 40 47 -9999 -9999 -9999 -9999 -9999 -9999 -9999 -9999 -9999 -9999 -9999 -9999 -9999 -9999 -9999 -9999 -9999 -9999 -9999 -9999 -9999 -9999 -9999 -9999 -9999 -9999 -9999 -9999 -9999 -9999 -9999 -9999 -9999 -9999
-9999 -9999 -9999 -9999 -9999 -9999 -9999 -9999 -9999 -9999 -9999 -9999 -9999 -9999 -9999 -9999 -9999 -9999 -9999 -9999 -9999 -9999 -9999 -9999 -9999 -9999 -9999 -9999 -9999 -9999 -9999 -9999 -9999 -9999 -9999 -9999 -9999 -9999 -9999 48 47 47 44 36 31 38 49 -9999 -9999 -9999 -9999 -9999 -9999 -9999 -9999 -9999 -9999 -9999 -9999 -9999 -9999 -9999 -9999 -9999 -9999 -9999 -9999 -9999 -9999 -9999 -9999 -9999 -9999 -9999 -9999 -9999 -9999 -9999 -9999 -9999 -9999
-9999 -9999 -9999 -9999 -9999 -9999 -9999 -9999 -9999 -9999 -9999 -9999 -9999 -9999 -9999 -9999 -9999 -9999 -9999 -9999 -9999 -9999 -9999 -9999 -9999 -9999 -9999 -9999 -9999 -9999 -9999 -9999 -9999 -9999 -9999 -9999 -9999 -9999 49 47 45 42 35 33 38 48 47 -9999 -9999 -9999 -9999 -9999 -9999 -9999 -9999 -9999 -9999 -9999 -9999 -9999 -9999 -9999 -9999 -9999 -9999 -9999 -9999 -9999 -9999 -9999 -9999 -9999 -9999 -9999 -9999 -9999 -9999 52 -9999 -9999 -9999
-9999 -9999 -9999 -9999 -9999 -9999 -9999 -9999 -9999 -9999 -9999 -9999 -9999 -9999 -9999 -9999 -9999 -9999 -9999 -9999 -9999 -9999 -9999 -9999 -9999 -9999 -9999 -9999 -9999 -9999 -9999 -9999 -9999 -9999 -9999 -9999 -9999 50 45 40 29 32 23 41 46 45 46 47 -9999 -9999 -9999 -9999 -9999 -9999 -9999 -9999 -9999 -9999 -9999 -9999 -9999 -9999 -9999 -9999 -9999 -9999 -9999 -9999 -9999 -9999 -9999 -9999 -9999 -9999 47 -9999 50 -9999 -9999 -9999 -9999
-9999 -9999 -9999 -9999 -9999 -9999 -9999 -9999 -9999 -9999 -9999 -9999 -9999 -9999 -9999 -9999 -9999 -9999 -9999 -9999 -9999 -9999 -9999 -9999 -9999 -9999 -9999 -9999 -9999 -9999 -9999 -9999 -9999 -9999 -9999 45 44 42 35 26 20 20 28 45 41 35 37 45 47 -9999 -9999 -9999 -9999 44 -9999 -9999 -9999 -9999 -9999 -9999 -9999 -9999 -9999 -9999 -9999 -9999 -9999 -9999 -9999 -9999 -9999 -9999 -9999 46 45 48 47 53 -9999 -9999 -9999
-9999 -9999 -9999 -9999 -9999 -9999 -9999 -9999 -9999 -9999 -9999 -9999 -9999 -9999 -9999 -9999 -9999 -9999 -9999 -9999 -9999 -9999 -9999 -9999 -9999 -9999 -9999 -9999 -9999 -9999 -9999 -9999 -9999 52 36 25 29 24 21 16 18 33 41 33 29 21 20 39 45 45 -9999 43 42 37 44 -9999 -9999 -9999 -9999 -9999 -9999 -9999 -9999 -9999 -9999 -9999 -9999 -9999 -9999 -9999 -9999 -9999 -9999 44 37 40 42 -9999 -9999 -9999 -9999
-9999 -9999 -9999 -9999 -9999 -9999 -9999 -9999 -9999 -9999 -9999 -9999 -9999 -9999 -9999 -9999 -9999 -9999 -9999 -9999 -9999 -9999 -9999 -9999 -9999 -9999 -9999 -9999 -9999 -9999 -9999 -9999 -9999 39 22 13 18 16 11 18 34 36 26 21 10 13 7 33 43 45 42 29 29 34 41 40 -9999 -9999 -9999 -9999 -9999 -9999 -9999 -9999 -9999 -9999 -9999 -9999 -9999 -9999 -9999 -9999 45 41 40 40 -9999 -9999 -9999 -9999 -9999
-9999 -9999 -9999 -9999 -9999 -9999 -9999 -9999 -9999 -9999 -9999 -9999 -9999 -9999 -9999 -9999 -9999 -9999 -9999 -9999 -9999 -9999 -9999 -9999 -9999 -9999 -9999 -9999 -9999 -9999 -9999 -9999 38 30 26 27 19 14 16 10 22 21 6 -3 -6 -1 16 32 42 43 29 13 12 29 30 40 -9999 -9999 -9999 -9999 -9999 -9999 -9999 -9999 -9999 -9999 -9999 -9999 -9999 -9999 -9999 -9999 47 38 40 -9999 43 46 54 54 -9999
-9999 -9999 -9999 -9999 -9999 -9999 -9999 -9999 -9999 -9999 -9999 -9999 -9999 -9999 -9999 -9999 -9999 -9999 -9999 -9999 -9999 -9999 -9999 -9999 -9999 -9999 -9999 -9999 -9999 -9999 -9999 -9999 37 44 38 33 27 20 9 3 16 16 -1 -5 4 3 5 19 36 42 21 9 5 18 28 41 -9999 -9999 -9999 -9999 -9999 -9999 -9999 -9999 -9999 -9999 -9999 -9999 -9999 -9999 -9999 -9999 45 42 46 45 38 50 47 54 -9999
-9999 -9999 -9999 -9999 -9999 -9999 -9999 -9999 -9999 -9999 -9999 -9999 -9999 -9999 -9999 -9999 -9999 -9999 -9999 -9999 -9999 -9999 -9999 -9999 -9999 -9999 -9999 -9999 -9999 -9999 -9999 -9999 47 35 28 12 20 12 5 9 13 13 6 -7 -6 -12 4 23 21 38 17 9 17 29 31 40 -9999 -9999 -9999 -9999 -9999 -9999 -9999 -9999 -9999 -9999 -9999 -9999 -9999 -9999 -9999 -9999 36 39 39 40 48 48 43 49 -9999
-9999 -9999 -9999 -9999 -9999 -9999 -9999 -9999 -9999 -9999 -9999 -9999 -9999 -9999 -9999 -9999 -9999 -9999 -9999 -9999 -9999 -9999 -9999 -9999 -9999 -9999 -9999 -9999 -9999 -9999 -9999 -9999 42 18 1 7 10 -1 7 -2 1 -10 3 -11 -6 2 1 18 20 37 15 19 27 37 40 -9999 -9999 -9999 -9999 -9999 -9999 -9999 -9999 -9999 -9999 -9999 -9999 -9999 -9999 -9999 34 37 38 45 38 48 49 44 48 43 43
-9999 -9999 -9999 -9999 -9999 -9999 -9999 -9999 -9999 -9999 -9999 -9999 -9999 -9999 -9999 -9999 -9999 -9999 -9999 -9999 -9999 -9999 -9999 -9999 -9999 -9999 -9999 -9999 -9999 -9999 -9999 -9999 38 13 8 13 5 2 -2 0 6 -4 -9 -4 -4 0 6 14 24 27 14 26 31 37 40 -9999 -9999 -9999 -9999 -9999 -9999 -9999 -9999 -9999 -9999 -9999 -9999 36 35 35 40 35 39 40 35 42 50 50 47 30 38
-9999 -9999 -9999 -9999 -9999 -9999 -9999 -9999 -9999 -9999 -9999 -9999 -9999 -9999 -9999 -9999 -9999 -9999 -9999 -9999 -9999 -9999 -9999 -9999 -9999 -9999 -9999 -9999 -9999 -9999 -9999 -9999 42 26 27 22 12 5 -2 -1 -6 12 -9 -5 -8 -5 5 16 16 7 10 17 33 40 40 -9999 -9999 -9999 -9999 -9999 -9999 -9999 -9999 -9999 -9999 -9999 34 34 33 34 29 33 41 28 38 45 40 48 43 38 21
-9999 -9999 -9999 -9999 -9999 -9999 -9999 -9999 -9999 -9999 -9999 -9999 -9999 -9999 -9999 -9999 -9999 -9999 -9999 -9999 -9999 -9999 -9999 -9999 -9999 -9999 -9999 -9999 -9999 -9999 -9999 -9999 45 29 35 23 12 14 -3 5 -3 15 -2 -5 -8 -1 6 4 3 5 13 28 36 40 39 -9999 -9999 -9999 -9999 -9999 -9999 -9999 -9999 36 34 34 32 28 30 25 20 27 34 36 42 41 33 43 41 41 37
-9999 -9999 -9999 -9999 -9999 -9999 -9999 -9999 -9999 -9999 -9999 -9999 -9999 -9999 -9999 -9999 -9999 -9999 -9999 -9999 -9999 -9999 -9999 -9999 -9999 -9999 -9999 -9999 -9999 -9999 -9999 -9999 50 41 37 32 12 24 20 10 22 13 -3 3 8 -2 -3 0 14 25 33 37 37 38 37 38 -9999 -9999 -9999 -9999 -9999 -9999 38 29 33 30 23 31 35 30 33 27 35 30 35 39 39 47 49 47 46
-9999 -9999 -9999 -9999 -9999 -9999 -9999 -9999 -9999 -9999 -9999 -9999 -9999 -9999 -9999 -9999 -9999 -9999 -9999 -9999 -9999 -9999 -9999 -9999 -9999 -9999 -9999 -9999 -9999 -9999 -9999 -9999 50 45 42 31 29 15 7 10 6 19 19 16 10 -3 -14 9 23 34 28 35 34 37 37 36 38 -9999 -9999 -9999 -9999 34 28 32 24 17 18 34 36 30 28 28 37 33 41 42 39 45 46 48 49
-9999 -9999 -9999 -9999 -9999 -9999 -9999 -9999 -9999 -9999 -9999 -9999 -9999 -9999 -9999 -9999 -9999 -9999 -9999 -9999 -9999 -9999 -9999 -9999 -9999 -9999 -9999 -9999 -9999 -9999 -9999 -9999 48 47 43 23 34 21 6 4 12 23 13 -4 -4 4 10 12 24 32 31 34 32 34 35 36 37 37 36 36 35 32 28 23 12 26 30 34 34 40 34 39 40 38 41 38 41 41 47 40 41
-9999 -9999 -9999 -9999 -9999 -9999 -9999 -9999 -9999 -9999 -9999 -9999 -9999 -9999 -9999 -9999 -9999 -9999 -9999 -9999 -9999 -9999 -9999 -9999 -9999 -9999 -9999 -9999 -9999 -9999 -9999 51 49 46 33 19 28 8 1 10 20 13 12 1 -9 15 27 29 29 34 31 31 30 29 31 35 37 37 36 35 28 22 23 17 21 29 34 32 31 32 29 26 38 30 35 30 35 40 36 29 43
-9999 -9999 -9999 -9999 -9999 -9999 -9999 -9999 -9999 -9999 -9999 -9999 -9999 -9999 -9999 -9999 -9999 -9999 -9999 -9999 -9999 -9999 -9999 -9999 -9999 -9999 -9999 -9999 -9999 -9999 -9999 50 49 44 40 27 8 8 0 -6 13 3 8 1 -3 14 27 29 30 34 30 24 26 27 30 33 37 36 33 29 21 18 10 15 24 27 23 21 29 32 22 33 38 21 25 28 43 39 27 42 49
-9999 -9999 -9999 -9999 -9999 -9999 -9999 -9999 -9999 -9999 -9999 -9999 -9999 -9999 -9999 -9999 -9999 -9999 -9999 -9999 -9999 -9999 -9999 -9999 -9999 -9999 -9999 -9999 -9999 -9999 49 44 47 46 36 7 2 -1 6 7 1 -6 -1 -3 5 20 27 34 29 33 27 22 25 29 33 35 35 33 29 27 17 14 18 22 21 20 12 22 26 14 15 28 38 30 35 31 38 37 42 45 -9999
-9999 -9999 -9999 -9999 -9999 -9999 -9999 -9999 -9999 -9999 -9999 -9999 -9999 -9999 -9999 -9999 -9999 -9999 -9999 -9999 -9999 -9999 -9999 -9999 -9999 -9999 -9999 -9999 -9999 44 38 41 43 39 20 3 11 9 0 -3 -1 8 8 18 19 23 19 32 29 28 26 23 28 33 33 32 30 26 20 14 4 13 17 6 12 3 14 14 13 15 24 32 37 32 35 41 43 45 47 -9999 -9999
-9999 -9999 -9999 -9999 -9999 -9999 -9999 -9999 -9999 -9999 -9999 -9999 -9999 -9999 -9999 -9999 -9999 -9999 -9999 -9999 -9999 -9999 -9999 -9999 -9999 -9999 -9999 -9999 51 42 34 32 28 12 23 7 15 13 6 -1 4 10 4 12 6 20 25 30 22 29 27 23 28 29 23 24 24 19 19 5 -2 2 3 -4 12 12 16 23 29 26 34 37 39 42 43 43 44 45 47 -9999 -9999
-9999 -9999 -9999 -9999 -9999 -9999 -9999 -9999 -9999 -9999 -9999 -9999 -9999 -9999 -9999 -9999 -9999 -9999 -9999 -9999 -9999 -9999 -9999 -9999 -9999 -9999 -9999 -9999 48 46 30 28 26 27 36 26 21 9 -1 3 0 1 -11 -14 -7 11 21 26 24 25 25 22 27 21 15 15 16 8 2 -1 0 0 17 21 21 26 30 33 35 36 38 39 40 41 42 43 44 45 47 48 50
-9999 -9999 -9999 -9999 -9999 -9999 -9999 -9999 -9999 -9999 -9999 -9999 -9999 -9999 -9999 -9999 -9999 -9999 -9999 -9999 -9999 -9999 -9999 -9999 -9999 -9999 -9999 44 42 43 39 16 15 24 38 23 0 -3 5 13 -5 5 -14 -3 -10 6 22 22 23 21 19 25 15 3 4 -5 12 9 4 6 5 -1 6 20 29 34 35 33 33 32 34 38 38 39 40 41 41 38 43 46 46
-9999 -9999 -9999 -9999 -9999 -9999 -9999 -9999 -9999 -9999 -9999 -9999 -9999 -9999 -9999 -9999 -9999 -9999 -9999 -9999 -9999 -9999 -9999 -9999 -9999 -9999 50 42 38 36 25 -4 5 17 34 24 9 2 13 -1 3 13 15 7 -4 14 20 18 24 21 18 22 -4 1 -5 -13 10 11 15 2 13 19 26 32 31 30 28 24 28 28 35 37 35 34 34 32 37 36 37 41 46
-9999 -9999 -9999 -9999 -9999 -9999 -9999 -9999 -9999 -9999 -9999 -9999 -9999 -9999 -9999 -9999 -9999 -9999 -9999 -9999 -9999 -9999 -9999 -9999 -9999 51 31 27 28 35 30 2 9 22 20 7 2 8 15 3 19 22 23 5 1 18 21 17 21 21 20 14 8 9 -14 -16 7 8 23 25 29 28 26 22 22 17 21 25 29 34 33 30 27 22 22 24 29 36 42 45 48
-9999 -9999 -9999 -9999 -9999 -9999 -9999 -9999 -9999 -9999 -9999 -9999 -9999 -9999 -9999 -9999 -9999 -9999 -9999 -9999 -9999 -9999 -9999 52 52 40 12 16 28 31 24 5 14 6 10 9 13 22 23 15 26 27 22 5 16 20 21 16 15 18 16 16 -2 8 -9 -5 17 22 23 20 17 19 10 12 11 20 26 24 29 30 20 22 25 15 28 34 38 43 44 46 48
-9999 -9999 -9999 -9999 -9999 -9999 -9999 -9999 -9999 -9999 -9999 -9999 -9999 -9999 -9999 -9999 -9999 54 -9999 54 54 54 54 52 40 25 16 23 31 29 24 17 5 5 21 18 7 17 27 28 26 10 2 20 14 11 22 20 12 13 11 12 -6 3 11 18 9 13 16 10 2 8 -3 11 18 19 13 16 26 20 15 12 5 7 29 38 39 39 42 46 49
-9999 -9999 -9999 -9999 -9999 -9999 -9999 -9999 -9999 -9999 -9999 -9999 -9999 -9999 -9999 -9999 54 53 53 53 54 52 47 23 19 20 26 38 32 28 39 18 26 31 34 32 33 33 29 29 16 19 16 11 11 14 16 15 18 13 5 11 9 16 -3 -10 5 6 11 9 -4 -21 0 17 4 15 3 20 16 2 4 3 -2 23 36 34 30 32 32 39 48
-9999 -9999 -9999 -9999 -9999 -9999 -9999 -9999 -9999 -9999 -9999 -9999 -9999 -9999 -9999 -9999 54 53 53 51 51 50 32 28 36 30 37 43 36 32 34 32 30 28 29 32 28 32 29 30 20 27 13 4 16 10 13 6 4 11 11 -10 11 -4 -19 -5 8 -11 10 2 -15 -10 11 3 9 4 8 6 2 -8 8 22 29 30 31 30 26 33 39 42 49
-9999 -9999 -9999 -9999 -9999 -9999 -9999 -9999 -9999 -9999 -9999 -9999 -9999 -9999 -9999 -9999 54 52 50 46 33 21 34 40 38 45 43 42 43 43 29 7 9 21 24 30 29 30 19 23 14 25 13 6 5 18 9 -1 -14 -4 -10 -11 5 -21 -20 -19 1 -9 3 -26 -20 -1 6 -4 5 -7 4 10 8 7 22 24 19 24 15 15 15 28 40 39 48
-9999 -9999 -9999 -9999 -9999 -9999 -9999 -9999 -9999 -9999 -9999 -9999 -9999 -9999 -9999 -9999 52 50 47 38 19 2 24 21 32 36 32 44 44 40 23 -5 -1 21 13 27 26 29 18 18 9 20 14 12 5 17 12 -26 -22 1 -25 -5 -8 -26 -17 -7 -22 0 -13 -23 -6 -8 -12 -7 -10 -4 1 16 21 20 16 5 6 9 13 25 24 29 33 45 51
-9999 -9999 -9999 -9999 -9999 -9999 -9999 -9999 -9999 -9999 -9999 -9999 -9999 -9999 -9999 52 44 45 43 19 0 10 26 6 29 26 31 44 41 35 13 -6 11 15 31 21 18 21 15 5 10 6 16 1 -3 8 -1 -26 -16 -8 -20 0 -15 -19 -25 -15 -10 -4 -17 -25 -24 -23 -19 -3 2 4 14 17 2 1 -1 -20 7 18 28 28 27 32 29 47 53
-9999 -9999 -9999 -9999 -9999 -9999 -9999 -9999 -9999 -9999 -9999 -9999 -9999 -9999 -9999 47 39 43 40 12 -1 20 9 5 14 28 40 43 38 21 -4 -5 1 13 31 16 -9 12 16 13 17 19 18 -13 -13 -3 -5 -26 -12 -23 -17 -1 -17 -31 -30 -22 -20 -26 -19 -25 -19 -23 -21 -4 11 6 8 3 -34 -40 -27 -5 20 36 36 18 30 45 49 54 -9999
