Electronic Materials (Flash Drives)/data/NZclimate/2050/ccsm_4_2050/bio05.nz.asc
ncols         384
nrows         384
xllcorner     164
yllcorner     -49
cellsize      0.041666666666667
NODATA_value  -9999
[rows 210 to 244 of 384, columns 160 to 239 of 384]
-9999 -9999 -9999 -9999 -9999 -9999 -9999 -9999 -9999 -9999 -9999 -9999 -9999 -9999 -9999 -9999 -9999 -9999 223 222 222 222 223 222 219 204 202 203 207 216 212 210 219 204 210 214 218 217 219 220 216 217 206 209 207 202 203 206 208 208 210 205 198 203 200 208 189 182 197 197 203 201 187 171 191 209 195 206 193 211 207 191 193 191 187 213 228 224 218 221
-9999 -9999 -9999 -9999 -9999 -9999 -9999 -9999 -9999 -9999 -9999 -9999 -9999 -9999 -9999 -9999 -9999 -9999 223 223 222 221 222 222 210 208 213 210 215 220 215 213 215 214 213 212 214 217 214 218 216 218 210 216 204 196 207 202 205 199 196 203 203 183 203 188 174 186 200 181 202 193 176 181 201 193 199 194 198 195 191 181 197 212 219 220 220 218 214 221
-9999 -9999 -9999 -9999 -9999 -9999 -9999 -9999 -9999 -9999 -9999 -9999 -9999 -9999 -9999 -9999 -9999 -9999 224 222 221 218 210 202 211 215 215 220 219 220 221 221 212 195 197 208 210 216 215 217 208 212 204 214 204 198 197 210 201 191 179 189 183 182 197 172 173 174 192 183 195 167 172 190 196 186 194 182 193 199 196 196 211 213 208 212 202 202 201 214
-9999 -9999 -9999 -9999 -9999 -9999 -9999 -9999 -9999 -9999 -9999 -9999 -9999 -9999 -9999 -9999 -9999 -9999 223 221 219 214 201 189 205 204 212 214 212 221 222 219 208 187 190 208 202 214 213 216 207 208 201 210 205 203 197 208 204 170 173 193 170 187 184 168 177 186 171 191 179 169 185 183 179 183 180 185 190 205 210 208 204 193 193 196 199 211 210 215
-9999 -9999 -9999 -9999 -9999 -9999 -9999 -9999 -9999 -9999 -9999 -9999 -9999 -9999 -9999 -9999 -9999 223 217 218 217 202 188 196 206 193 209 208 212 222 221 217 200 186 199 203 216 208 207 209 205 196 201 198 206 193 190 200 192 169 177 185 174 192 178 174 169 178 183 188 175 167 168 169 172 187 191 193 202 205 191 188 187 169 194 204 214 213 212 217
-9999 -9999 -9999 -9999 -9999 -9999 -9999 -9999 -9999 -9999 -9999 -9999 -9999 -9999 -9999 -9999 -9999 220 214 217 215 197 188 202 195 193 199 209 218 221 219 207 188 187 192 202 216 205 184 202 206 204 207 209 208 181 181 190 187 169 181 171 177 191 176 164 165 172 173 168 173 167 173 169 170 185 200 194 196 191 158 152 164 183 206 221 220 203 214 228
-9999 -9999 -9999 -9999 -9999 -9999 -9999 -9999 -9999 -9999 -9999 -9999 -9999 -9999 -9999 -9999 221 217 214 214 211 192 191 188 192 195 203 215 220 219 215 205 199 189 186 197 209 200 194 206 212 203 198 203 209 176 190 169 183 167 165 167 173 193 173 170 167 169 166 177 179 178 177 169 194 201 197 182 180 167 156 148 175 207 218 215 204 224 227 232
-9999 -9999 -9999 -9999 -9999 -9999 -9999 -9999 -9999 -9999 -9999 -9999 -9999 -9999 -9999 -9999 218 212 218 214 196 188 190 194 186 192 212 217 219 217 208 202 201 193 187 191 209 201 208 205 200 192 179 195 198 166 183 170 165 165 176 180 185 179 181 168 178 168 173 183 184 179 191 197 196 190 195 180 163 158 189 199 210 214 204 204 219 229 231 237
-9999 -9999 -9999 -9999 -9999 -9999 -9999 -9999 -9999 -9999 -9999 -9999 -9999 -9999 -9999 223 217 219 214 203 192 197 199 192 196 209 216 214 219 212 209 204 191 196 190 183 207 213 210 207 204 181 174 189 199 166 175 165 165 163 174 170 163 181 179 179 188 183 188 189 188 192 194 188 184 181 176 158 180 189 208 214 199 193 190 215 229 226 234 -9999
-9999 -9999 -9999 -9999 -9999 -9999 -9999 -9999 -9999 -9999 -9999 -9999 -9999 -9999 -9999 223 220 214 210 201 193 198 196 204 214 217 216 214 213 211 208 207 208 197 185 182 202 214 208 196 193 189 165 180 197 169 164 174 174 162 172 178 176 182 189 181 188 190 192 176 189 188 181 174 182 183 167 192 208 212 207 194 173 159 194 214 227 231 234 -9999
-9999 -9999 -9999 -9999 -9999 -9999 -9999 -9999 -9999 -9999 -9999 -9999 -9999 -9999 -9999 223 215 210 204 196 201 200 212 215 218 218 216 213 209 206 214 196 191 189 185 181 203 214 210 198 191 185 164 170 192 178 161 182 171 177 177 172 170 181 190 184 181 189 183 179 178 179 183 190 194 199 200 210 196 200 182 179 147 181 203 205 211 230 -9999 -9999
-9999 -9999 -9999 -9999 -9999 -9999 -9999 -9999 -9999 -9999 -9999 -9999 -9999 -9999 -9999 222 209 200 198 205 213 214 216 217 220 217 217 212 205 203 208 198 189 193 184 186 207 213 207 196 192 186 166 184 173 168 173 190 174 181 180 173 172 176 184 170 179 194 186 187 186 186 191 195 206 207 204 200 193 181 154 158 173 204 212 214 223 -9999 -9999 -9999
-9999 -9999 -9999 -9999 -9999 -9999 -9999 -9999 -9999 -9999 -9999 -9999 -9999 -9999 -9999 213 198 194 206 213 218 218 220 221 221 219 216 210 203 200 198 205 189 188 190 186 210 207 195 194 174 182 170 163 175 191 184 188 175 173 187 173 171 178 180 185 191 193 183 190 180 171 198 205 196 192 200 183 177 170 176 190 209 219 223 224 -9999 -9999 -9999 -9999
-9999 -9999 -9999 -9999 -9999 -9999 -9999 -9999 -9999 -9999 -9999 -9999 -9999 -9999 217 206 197 203 211 218 220 221 222 220 218 220 217 213 212 202 201 195 192 191 194 196 212 206 200 195 188 177 179 179 176 180 197 190 184 175 186 183 175 177 182 190 193 179 187 179 188 197 199 197 194 194 188 183 190 204 192 207 224 229 -9999 -9999 -9999 -9999 -9999 -9999
-9999 -9999 -9999 -9999 -9999 -9999 -9999 -9999 -9999 -9999 -9999 -9999 -9999 223 216 205 200 215 219 222 221 220 220 217 215 218 218 217 215 208 208 195 186 188 190 206 209 203 196 184 185 187 178 182 186 186 197 187 178 174 187 188 190 189 187 195 184 187 184 184 201 188 192 187 190 201 209 213 217 221 223 227 229 -9999 -9999 -9999 -9999 -9999 -9999 -9999
-9999 -9999 -9999 -9999 -9999 -9999 -9999 -9999 -9999 -9999 -9999 -9999 -9999 220 219 210 204 220 222 221 218 216 217 218 218 216 214 213 208 200 208 206 189 192 205 209 197 194 189 192 180 189 177 183 175 181 195 190 185 189 195 196 192 192 197 198 196 202 198 199 188 194 198 192 206 214 222 224 225 226 228 229 230 -9999 -9999 -9999 -9999 -9999 -9999 -9999
-9999 -9999 -9999 -9999 -9999 -9999 -9999 -9999 -9999 -9999 -9999 -9999 223 221 221 219 221 221 218 218 219 219 216 215 216 219 218 207 189 199 194 209 200 204 194 191 182 185 186 180 185 191 178 182 176 189 202 192 189 180 192 194 188 192 191 179 192 193 180 180 193 204 213 214 215 213 213 210 216 224 230 -9999 228 230 -9999 -9999 -9999 -9999 -9999 -9999
-9999 -9999 -9999 -9999 -9999 -9999 -9999 -9999 -9999 -9999 -9999 -9999 222 219 221 219 220 221 217 215 216 216 217 215 215 217 220 212 188 194 195 206 207 196 191 186 183 180 181 185 188 198 179 192 191 202 193 179 178 181 191 196 195 197 184 191 198 190 196 197 209 210 215 218 219 214 210 208 221 -9999 -9999 -9999 -9999 -9999 -9999 -9999 -9999 -9999 -9999 -9999
-9999 -9999 -9999 -9999 -9999 -9999 -9999 -9999 -9999 -9999 -9999 222 221 217 217 218 217 219 218 217 217 217 217 215 212 215 219 218 209 210 200 190 188 193 191 189 183 191 192 187 193 197 188 189 188 203 189 190 203 210 214 217 216 212 203 206 205 212 214 212 208 206 214 220 220 211 212 223 229 -9999 -9999 -9999 -9999 -9999 -9999 -9999 -9999 -9999 -9999 -9999
-9999 -9999 -9999 -9999 -9999 -9999 -9999 -9999 -9999 -9999 223 222 220 220 219 217 215 216 220 220 220 218 211 212 217 216 219 218 215 212 210 210 193 192 190 178 186 183 178 189 203 184 187 199 200 203 206 209 216 220 221 219 217 210 210 210 215 218 220 212 212 210 218 222 218 214 222 227 228 -9999 -9999 -9999 -9999 -9999 -9999 -9999 -9999 -9999 -9999 -9999
-9999 -9999 -9999 -9999 -9999 -9999 -9999 -9999 -9999 -9999 221 221 220 217 218 216 217 218 222 222 221 221 214 208 215 214 202 195 199 194 197 204 193 183 182 187 185 194 192 197 202 207 208 209 209 208 201 193 202 209 216 210 210 214 220 223 224 223 223 221 221 221 223 225 224 226 227 230 -9999 -9999 -9999 -9999 -9999 -9999 -9999 -9999 -9999 -9999 -9999 -9999
-9999 -9999 -9999 -9999 -9999 -9999 -9999 -9999 222 222 220 219 220 220 219 216 213 211 221 212 216 221 215 205 193 191 208 190 191 198 187 181 187 186 182 189 189 198 185 187 194 196 191 195 195 201 193 193 208 210 218 214 219 225 226 227 227 225 226 224 219 225 227 226 222 218 228 -9999 -9999 -9999 -9999 -9999 -9999 -9999 -9999 -9999 -9999 -9999 -9999 -9999
-9999 -9999 -9999 -9999 -9999 -9999 -9999 222 222 221 219 216 218 220 220 204 195 197 217 214 215 207 194 202 191 188 193 185 186 193 182 191 195 201 202 198 204 203 180 179 188 185 193 183 185 208 198 196 214 209 221 223 224 226 226 226 225 229 224 226 215 226 229 229 218 225 229 -9999 -9999 -9999 -9999 -9999 -9999 -9999 -9999 -9999 -9999 -9999 -9999 -9999
-9999 -9999 -9999 -9999 -9999 -9999 222 222 220 218 219 219 218 218 218 214 201 210 217 220 212 196 191 195 186 189 193 193 190 183 185 183 181 185 189 193 198 200 203 199 197 193 202 190 206 214 206 206 217 219 221 221 224 225 226 227 227 223 217 224 227 230 231 231 220 225 -9999 -9999 -9999 -9999 -9999 -9999 -9999 -9999 -9999 -9999 -9999 -9999 -9999 -9999
-9999 -9999 -9999 -9999 -9999 224 222 221 222 221 219 218 219 211 206 209 215 210 209 207 197 201 212 210 212 208 196 189 183 181 185 185 185 181 184 195 199 202 206 207 200 189 208 206 212 216 212 216 220 224 225 226 226 227 227 224 214 214 220 223 226 229 230 228 226 228 -9999 -9999 -9999 -9999 -9999 -9999 -9999 -9999 -9999 -9999 -9999 -9999 -9999 -9999
-9999 -9999 -9999 -9999 225 224 223 221 222 221 214 219 209 216 209 197 188 188 197 209 192 204 199 191 194 190 180 187 183 190 181 185 179 177 185 193 204 202 198 203 206 191 212 212 214 220 222 223 224 225 226 227 227 228 224 216 214 220 223 222 224 229 230 223 224 -9999 -9999 -9999 -9999 -9999 -9999 -9999 -9999 -9999 -9999 -9999 -9999 -9999 -9999 -9999
-9999 -9999 -9999 226 225 223 224 224 223 223 215 219 207 205 206 202 200 189 201 185 184 198 189 180 186 189 189 192 202 186 192 186 180 171 181 188 188 179 183 200 205 203 212 214 216 221 223 224 225 226 227 227 224 224 225 223 223 225 223 221 227 230 228 228 -9999 -9999 -9999 -9999 -9999 -9999 -9999 -9999 -9999 -9999 -9999 -9999 -9999 -9999 -9999 -9999
-9999 228 226 225 223 219 222 221 224 223 222 220 212 204 197 193 193 183 193 171 173 186 181 174 178 185 176 187 198 191 190 197 181 182 189 189 184 177 191 204 207 210 212 211 216 222 223 225 225 225 218 215 220 224 223 225 226 226 227 228 228 231 230 228 -9999 -9999 -9999 -9999 -9999 -9999 -9999 -9999 -9999 -9999 -9999 -9999 -9999 -9999 -9999 -9999
229 228 225 214 215 215 216 220 223 219 209 205 199 196 184 178 179 174 184 176 176 189 181 182 175 189 188 193 186 206 195 188 197 195 195 198 186 180 190 203 201 206 212 216 218 223 221 224 225 224 222 224 226 228 228 224 223 226 225 228 229 228 231 -9999 -9999 -9999 -9999 -9999 -9999 -9999 -9999 -9999 -9999 -9999 -9999 -9999 -9999 -9999 -9999 -9999
229 226 214 216 220 209 212 214 216 202 185 201 182 194 173 180 182 167 186 189 193 186 196 181 184 200 200 195 186 205 184 182 195 202 191 179 183 189 198 198 202 206 214 216 221 222 218 222 224 223 224 226 228 229 223 225 226 225 228 230 228 231 -9999 -9999 -9999 -9999 -9999 -9999 -9999 -9999 -9999 -9999 -9999 -9999 -9999 -9999 -9999 -9999 -9999 -9999
228 227 218 210 218 215 203 198 212 206 197 194 187 172 186 190 177 172 171 181 192 197 203 204 204 205 205 207 183 204 195 186 202 196 180 185 195 184 195 207 209 211 212 217 223 217 215 220 227 228 230 231 231 226 224 229 228 229 232 -9999 -9999 -9999 -9999 -9999 -9999 -9999 -9999 -9999 -9999 -9999 -9999 -9999 -9999 -9999 -9999 -9999 -9999 -9999 -9999 -9999
217 228 218 214 201 199 186 186 210 203 191 183 176 177 195 197 189 173 179 188 175 180 185 183 178 197 207 209 205 210 209 208 198 178 189 199 200 206 211 206 207 210 217 218 219 224 227 227 231 233 232 226 223 224 225 227 229 234 -9999 -9999 -9999 -9999 -9999 -9999 -9999 -9999 -9999 -9999 -9999 -9999 -9999 -9999 -9999 -9999 -9999 -9999 -9999 -9999 -9999 -9999
213 223 205 194 186 180 177 197 203 179 174 184 168 180 189 198 199 176 176 194 177 169 187 181 178 179 200 192 206 204 211 202 173 194 201 205 213 214 206 207 211 209 210 209 211 219 226 230 232 232 232 226 228 231 231 -9999 -9999 -9999 -9999 -9999 -9999 -9999 -9999 -9999 -9999 -9999 -9999 -9999 -9999 -9999 -9999 -9999 -9999 -9999 -9999 -9999 -9999 -9999 -9999 -9999
202 203 207 201 190 179 172 197 182 175 181 195 170 183 190 196 207 196 183 188 195 184 193 180 184 196 196 200 206 204 206 202 184 196 201 215 217 209 204 204 213 222 222 223 220 223 228 231 233 234 234 234 232 -9999 -9999 -9999 -9999 -9999 -9999 -9999 -9999 -9999 -9999 -9999 -9999 -9999 -9999 -9999 -9999 -9999 -9999 -9999 -9999 -9999 -9999 -9999 -9999 -9999 -9999 -9999
213 192 184 186 188 173 169 189 173 178 187 201 171 186 175 177 199 212 208 194 205 205 176 171 197 204 202 203 208 210 210 198 201 208 211 215 207 205 214 219 217 226 228 228 226 223 228 231 234 235 236 -9999 -9999 -9999 -9999 -9999 -9999 -9999 -9999 -9999 -9999 -9999 -9999 -9999 -9999 -9999 -9999 -9999 -9999 -9999 -9999 -9999 -9999 -9999 -9999 -9999 -9999 -9999 -9999 -9999
