Electronic Materials (Flash Drives)/data/NZclimate/2050/ccsm_4_2050/bio06nz.asc
ncols         384
nrows         384
xllcorner     164
yllcorner     -49
cellsize      0.041666666666667
NODATA_value  -9999
[rows 108 to 143 of 384, columns 243 to 323 of 384]
-9999 -9999 -9999 -9999 -9999 -9999 -9999 -9999 -9999 -9999 -9999 -9999 -9999 -9999 71 69 65 64 64 66 67 66 67 67 66 65 63 64 65 63 63 62 61 64 64 64 64 64 45 38 41 50 61 64 65 65 64 -9999 -9999 -9999 -9999 -9999 -9999 -9999 -9999 -9999 -9999 -9999 -9999 -9999 -9999 -9999 -9999 -9999 -9999 -9999 -9999 -9999 -9999 -9999 -9999 -9999 67 62 -9999 -9999 -9999 -9999 -9999 -9999 -9999
-9999 -9999 -9999 -9999 -9999 -9999 -9999 -9999 -9999 -9999 -9999 -9999 -9999 -9999 -9999 67 64 64 63 66 64 61 64 66 65 62 64 64 64 63 62 59 59 63 63 63 63 63 59 53 36 49 62 64 65 65 64 64 -9999 -9999 -9999 -9999 -9999 -9999 -9999 -9999 -9999 -9999 -9999 -9999 -9999 -9999 -9999 -9999 -9999 -9999 -9999 -9999 -9999 -9999 -9999 -9999 -9999 -9999 -9999 -9999 -9999 -9999 -9999 -9999 -9999
-9999 -9999 -9999 -9999 -9999 -9999 -9999 -9999 -9999 -9999 -9999 -9999 -9999 -9999 -9999 66 66 64 64 64 60 58 62 63 61 62 64 63 62 62 61 61 61 62 62 62 62 62 62 62 53 48 60 63 64 64 64 64 64 -9999 -9999 -9999 -9999 -9999 65 62 -9999 -9999 -9999 -9999 -9999 -9999 -9999 -9999 -9999 -9999 -9999 -9999 -9999 -9999 -9999 -9999 -9999 -9999 -9999 -9999 -9999 -9999 -9999 -9999 -9999
-9999 -9999 -9999 -9999 -9999 -9999 -9999 -9999 -9999 -9999 -9999 -9999 -9999 -9999 -9999 -9999 66 66 64 62 61 60 59 58 60 63 63 62 61 61 61 61 61 60 61 61 62 62 61 62 56 40 54 60 62 63 64 64 64 64 64 -9999 -9999 -9999 63 62 -9999 -9999 -9999 -9999 -9999 -9999 -9999 -9999 -9999 -9999 -9999 -9999 -9999 -9999 -9999 -9999 -9999 -9999 -9999 -9999 -9999 -9999 -9999 -9999 -9999
-9999 -9999 -9999 -9999 -9999 -9999 -9999 -9999 -9999 -9999 -9999 -9999 -9999 -9999 -9999 -9999 65 66 65 62 62 59 56 58 62 62 61 61 60 60 60 60 60 59 60 60 60 61 61 61 61 42 42 51 56 60 62 63 63 64 64 64 63 -9999 -9999 -9999 -9999 -9999 -9999 -9999 -9999 -9999 -9999 -9999 -9999 -9999 -9999 -9999 -9999 -9999 -9999 -9999 -9999 -9999 -9999 -9999 -9999 -9999 -9999 -9999 -9999
-9999 -9999 -9999 -9999 -9999 -9999 -9999 -9999 -9999 -9999 -9999 -9999 -9999 -9999 -9999 -9999 65 65 63 64 63 58 55 61 62 61 60 60 59 59 59 59 55 57 59 59 59 59 60 60 60 56 40 42 48 53 57 62 62 62 61 60 63 63 63 -9999 64 -9999 -9999 -9999 -9999 -9999 -9999 -9999 -9999 -9999 -9999 -9999 -9999 -9999 -9999 -9999 -9999 -9999 -9999 -9999 -9999 -9999 -9999 -9999 -9999
-9999 -9999 -9999 -9999 -9999 -9999 -9999 -9999 -9999 -9999 -9999 -9999 -9999 -9999 -9999 -9999 -9999 65 65 67 63 55 55 61 62 61 60 59 58 57 57 58 56 53 53 56 57 57 59 59 59 59 40 39 43 51 60 59 58 53 52 56 63 63 63 63 62 63 -9999 -9999 -9999 -9999 -9999 -9999 -9999 -9999 -9999 -9999 -9999 -9999 -9999 -9999 -9999 -9999 -9999 -9999 -9999 -9999 -9999 -9999 -9999
-9999 -9999 -9999 -9999 -9999 -9999 -9999 -9999 -9999 -9999 -9999 -9999 -9999 -9999 -9999 68 64 66 65 65 64 57 56 59 61 60 59 58 58 57 57 57 55 50 49 47 53 55 57 58 58 57 41 37 48 52 54 53 52 47 44 53 58 60 62 62 62 62 62 62 -9999 -9999 -9999 -9999 -9999 -9999 -9999 -9999 -9999 -9999 -9999 -9999 -9999 -9999 -9999 -9999 -9999 -9999 -9999 -9999 -9999
-9999 -9999 -9999 -9999 -9999 -9999 -9999 -9999 -9999 -9999 -9999 -9999 -9999 -9999 -9999 53 51 61 62 60 57 62 57 57 61 61 59 58 57 57 56 57 57 52 50 48 47 53 57 57 58 58 48 37 45 48 47 46 45 44 47 49 53 57 60 60 60 60 59 60 60 60 62 -9999 -9999 -9999 -9999 -9999 63 -9999 -9999 -9999 -9999 -9999 -9999 -9999 -9999 -9999 -9999 -9999 -9999
-9999 -9999 -9999 -9999 -9999 -9999 -9999 -9999 -9999 -9999 -9999 -9999 -9999 -9999 -9999 62 59 60 56 54 48 59 58 59 61 60 60 58 57 57 57 57 56 56 54 51 52 54 56 56 56 57 53 38 38 41 41 40 40 40 42 46 50 55 56 56 56 57 57 56 57 55 52 61 62 62 62 -9999 -9999 -9999 -9999 -9999 -9999 -9999 -9999 -9999 -9999 -9999 -9999 -9999 -9999
-9999 -9999 -9999 -9999 -9999 -9999 -9999 -9999 -9999 -9999 -9999 -9999 -9999 -9999 -9999 65 64 64 59 57 52 54 52 56 59 60 59 59 58 57 56 56 56 53 55 54 53 53 54 55 56 55 50 36 37 36 36 34 36 39 42 45 48 51 51 51 53 52 53 54 53 48 56 61 62 62 62 62 62 61 -9999 -9999 -9999 -9999 -9999 -9999 -9999 -9999 -9999 -9999 62
-9999 -9999 -9999 -9999 -9999 -9999 -9999 -9999 -9999 -9999 -9999 -9999 -9999 -9999 -9999 62 64 66 62 55 49 47 38 36 49 60 59 59 58 57 56 56 55 50 52 51 54 52 51 54 55 53 48 40 34 33 33 33 35 38 41 43 45 47 46 47 48 47 47 47 44 45 57 61 61 61 61 62 61 56 61 62 62 61 62 62 62 62 62 59 55
-9999 -9999 -9999 -9999 -9999 -9999 -9999 -9999 -9999 -9999 -9999 -9999 -9999 -9999 -9999 67 64 64 59 55 56 49 37 38 49 58 60 59 58 58 57 56 51 46 35 42 53 52 50 52 53 50 47 42 35 32 32 33 34 38 40 41 42 45 45 45 43 44 43 42 43 52 60 60 61 59 55 57 60 52 59 61 61 61 60 62 61 60 58 58 47
-9999 -9999 -9999 -9999 -9999 -9999 -9999 -9999 -9999 -9999 -9999 -9999 -9999 -9999 -9999 66 65 65 65 62 58 50 45 52 57 61 58 58 58 58 57 56 53 47 45 49 53 52 51 51 50 48 44 39 34 32 31 33 37 43 45 45 45 43 40 40 37 34 39 42 50 57 59 59 59 52 51 56 60 56 55 55 59 58 55 60 60 59 49 47 46
-9999 -9999 -9999 -9999 -9999 -9999 -9999 -9999 -9999 -9999 -9999 -9999 -9999 66 59 66 66 65 64 63 56 51 52 55 57 59 59 59 58 57 58 57 54 52 52 51 51 51 49 48 48 46 44 40 35 32 31 31 38 35 44 45 45 38 32 34 28 34 39 41 50 56 50 52 54 49 53 57 60 57 55 55 58 54 44 55 51 49 52 45 37
-9999 -9999 -9999 -9999 -9999 -9999 -9999 -9999 -9999 -9999 -9999 -9999 -9999 64 63 62 65 62 56 58 52 48 54 57 56 59 59 59 57 56 57 55 53 53 52 50 51 48 48 47 46 45 42 40 39 32 29 28 34 38 44 43 40 35 40 31 23 43 49 53 55 51 47 46 50 45 51 57 59 54 58 58 55 51 40 49 44 43 48 46 41
-9999 -9999 -9999 -9999 -9999 -9999 -9999 -9999 -9999 -9999 -9999 -9999 -9999 67 63 60 54 58 53 55 46 43 51 53 53 59 59 58 57 57 54 53 52 52 50 47 46 47 45 44 43 43 40 38 34 31 27 25 29 34 39 39 32 35 42 43 39 38 45 47 48 42 42 45 50 45 44 47 54 49 50 54 43 44 31 46 46 42 44 43 44
-9999 -9999 -9999 -9999 -9999 -9999 -9999 -9999 -9999 -9999 -9999 -9999 -9999 -9999 61 58 55 53 49 49 42 44 52 55 58 59 59 58 58 53 54 51 48 46 47 40 41 45 42 40 40 41 40 38 34 30 28 30 30 37 39 37 35 32 38 42 29 20 30 39 40 38 40 46 51 48 37 34 45 43 38 47 37 42 34 42 46 34 34 32 35
-9999 -9999 -9999 -9999 -9999 -9999 -9999 -9999 -9999 -9999 -9999 -9999 -9999 -9999 59 63 61 58 54 52 49 47 55 57 59 59 57 56 50 52 52 47 42 41 41 39 43 46 42 39 38 39 38 37 35 32 31 35 35 39 39 35 30 31 36 40 38 33 34 36 37 38 42 47 49 41 35 33 39 44 38 47 36 36 29 39 43 41 34 32 27
-9999 -9999 -9999 -9999 -9999 -9999 -9999 -9999 -9999 -9999 -9999 -9999 -9999 66 62 56 55 53 53 50 47 47 53 57 59 56 54 50 46 52 46 35 35 34 36 40 44 46 44 40 39 40 38 34 37 39 37 38 39 40 41 39 35 32 35 36 35 36 36 38 37 40 45 49 47 35 33 32 44 48 43 43 42 39 25 31 42 36 34 27 27
-9999 -9999 -9999 -9999 -9999 -9999 -9999 -9999 -9999 -9999 -9999 -9999 67 57 62 52 46 51 50 48 44 47 53 59 55 55 50 47 47 48 39 28 26 28 32 39 44 44 44 45 46 41 32 33 40 42 42 36 38 41 36 33 33 38 38 34 32 32 35 36 38 42 47 51 49 27 29 33 42 45 39 38 34 32 21 33 36 35 24 28 28
-9999 -9999 -9999 -9999 -9999 -9999 -9999 -9999 -9999 -9999 -9999 -9999 64 55 57 45 45 50 48 49 47 49 52 53 54 51 51 49 48 44 38 32 30 27 32 38 42 43 45 46 41 32 31 41 41 41 40 38 39 36 29 28 39 42 39 33 32 31 32 35 38 45 50 50 48 29 27 34 41 43 36 37 35 22 23 33 31 24 22 26 30
-9999 -9999 -9999 -9999 -9999 -9999 -9999 -9999 -9999 -9999 -9999 -9999 61 57 50 44 45 50 52 53 51 52 56 53 53 51 49 47 46 39 38 35 34 32 32 34 38 42 45 43 42 37 39 40 40 31 35 35 38 32 31 36 41 42 38 32 31 30 31 36 41 47 49 47 29 32 28 39 37 40 31 36 30 21 27 29 28 34 28 27 27
-9999 -9999 -9999 -9999 -9999 -9999 -9999 -9999 -9999 -9999 -9999 -9999 63 60 53 43 49 52 53 55 53 56 54 52 52 51 49 47 45 41 40 37 35 32 32 31 34 38 40 39 37 32 33 34 35 27 28 29 38 36 34 39 41 41 38 33 30 30 32 36 40 46 47 39 19 31 26 34 36 34 32 27 28 18 19 23 23 29 27 28 22
-9999 -9999 -9999 -9999 -9999 -9999 -9999 -9999 -9999 -9999 -9999 -9999 62 55 48 40 52 54 57 55 54 56 53 53 49 46 45 42 44 43 35 37 36 32 31 27 26 25 33 36 34 32 30 33 32 27 29 33 35 39 40 39 41 41 35 31 30 31 34 35 39 38 39 36 27 27 30 34 37 26 28 30 26 12 11 13 19 21 21 29 26
-9999 -9999 -9999 -9999 -9999 -9999 -9999 -9999 -9999 -9999 -9999 -9999 62 54 51 44 52 59 61 59 57 56 54 53 52 46 43 42 42 38 39 39 34 32 29 20 20 28 33 34 32 28 25 29 28 29 29 32 36 37 38 39 41 37 30 26 29 33 35 36 37 33 34 36 25 20 23 26 34 26 25 28 16 13 15 18 22 30 28 33 31
-9999 -9999 -9999 -9999 -9999 -9999 -9999 -9999 -9999 -9999 -9999 67 59 57 54 60 60 59 62 61 57 56 54 49 52 49 42 42 45 48 45 40 36 33 25 19 22 29 34 33 31 29 29 27 27 30 32 34 36 38 38 41 39 30 26 25 29 32 33 35 29 33 36 38 27 27 24 31 30 20 16 12 7 13 20 21 22 23 32 33 36
-9999 -9999 -9999 -9999 -9999 -9999 -9999 -9999 -9999 -9999 -9999 67 62 59 57 55 49 50 61 57 56 51 48 47 46 43 39 44 48 47 42 37 36 27 18 17 23 29 32 33 33 33 33 33 29 29 33 35 33 37 37 36 28 26 25 26 27 29 30 29 27 32 38 29 25 22 26 31 26 14 12 6 10 17 20 22 33 30 26 37 36
-9999 -9999 -9999 -9999 -9999 -9999 -9999 -9999 -9999 -9999 -9999 66 62 63 63 59 59 54 56 51 49 47 51 47 47 46 46 46 45 42 36 34 29 25 21 27 31 32 33 36 38 39 38 33 33 32 36 34 25 32 32 29 23 24 25 26 26 27 26 23 26 32 26 17 17 17 24 16 11 11 19 9 10 11 17 22 32 36 28 28 35
-9999 -9999 -9999 -9999 -9999 -9999 -9999 -9999 -9999 -9999 -9999 65 63 60 58 55 53 55 52 48 49 50 52 51 49 49 46 47 46 46 37 27 22 18 24 27 30 31 35 39 39 39 39 39 37 36 37 33 29 27 27 22 22 24 25 25 24 23 21 18 24 27 17 18 20 26 21 12 13 18 24 19 16 19 20 23 33 41 37 35 39
-9999 -9999 -9999 -9999 -9999 -9999 -9999 -9999 -9999 -9999 -9999 63 60 60 58 54 48 45 45 46 52 52 55 53 51 45 49 45 43 44 37 24 21 22 19 21 26 32 37 40 40 39 39 39 38 38 38 34 30 25 21 21 22 23 24 23 22 19 18 16 22 20 15 20 16 23 15 20 21 27 27 29 25 20 29 39 36 41 46 46 42
-9999 -9999 -9999 -9999 -9999 -9999 -9999 -9999 -9999 -9999 67 65 62 60 56 50 45 43 45 49 53 55 51 44 43 44 50 46 48 46 38 37 33 26 18 18 23 32 33 33 36 39 39 39 39 38 34 33 29 23 20 20 21 21 21 22 20 18 17 14 16 14 11 11 13 31 20 24 21 20 17 28 40 37 39 44 45 43 42 44 49
-9999 -9999 -9999 -9999 -9999 -9999 -9999 -9999 -9999 68 63 64 62 60 57 52 45 43 41 45 56 54 49 46 46 41 50 50 48 48 45 42 36 26 19 21 28 35 36 38 40 39 39 39 39 36 31 30 29 24 20 18 20 21 21 21 19 18 13 13 13 10 13 16 17 22 35 23 25 27 30 34 40 47 43 41 42 47 49 46 51
-9999 -9999 -9999 -9999 -9999 -9999 -9999 -9999 67 63 62 61 60 60 58 54 47 44 43 49 54 55 52 47 50 44 50 52 50 50 47 44 35 27 25 27 31 31 35 40 41 39 39 38 31 26 28 27 27 25 20 19 18 21 20 20 17 20 13 14 13 14 9 16 29 23 24 39 40 40 40 40 43 40 46 52 46 46 49 54 56
-9999 -9999 -9999 -9999 -9999 -9999 -9999 67 66 63 63 59 54 53 50 50 47 45 44 52 53 56 54 50 53 51 53 51 48 47 47 44 35 32 26 28 29 24 32 41 41 40 38 35 27 25 24 28 25 22 17 19 19 20 21 18 18 19 13 17 11 7 15 20 29 19 34 36 35 42 46 47 48 47 51 52 53 51 52 54 51
-9999 69 69 68 67 67 67 66 63 62 62 55 54 53 51 53 52 48 49 50 53 56 52 52 50 45 46 43 44 40 42 37 36 31 27 27 26 12 19 38 40 38 35 31 29 26 23 23 20 14 11 19 18 16 17 17 17 20 20 21 21 12 19 29 29 23 35 34 36 40 37 41 44 46 48 47 51 53 57 56 56
