Electronic Materials (Flash Drives)/data/NZclimate/2050/ccsm_4_2050/bio05.nz.asc
ncols         384
nrows         384
xllcorner     164
yllcorner     -49
cellsize      0.041666666666667
NODATA_value  -9999
[rows 105 to 139 of 384, columns 240 to 319 of 384]
-9999 -9999 -9999 -9999 -9999 -9999 -9999 -9999 -9999 -9999 -9999 -9999 -9999 -9999 -9999 -9999 254 251 245 248 250 252 254 254 255 256 255 256 256 256 255 252 246 248 255 257 257 257 257 257 256 246 250 251 253 251 253 -9999 -9999 -9999 -9999 -9999 -9999 -9999 -9999 -9999 -9999 -9999 -9999 -9999 -9999 -9999 -9999 -9999 -9999 -9999 -9999 -9999 -9999 -9999 -9999 -9999 -9999 -9999 -9999 -9999 -9999 -9999 -9999 -9999
-9999 -9999 -9999 -9999 -9999 -9999 -9999 -9999 -9999 -9999 -9999 -9999 -9999 -9999 -9999 -9999 253 250 247 248 249 251 251 254 255 256 257 257 257 256 253 253 249 245 247 255 257 257 257 256 252 247 251 251 251 251 256 256 -9999 -9999 -9999 -9999 -9999 -9999 -9999 -9999 -9999 -9999 -9999 -9999 -9999 -9999 -9999 -9999 -9999 -9999 -9999 -9999 -9999 -9999 -9999 -9999 -9999 -9999 -9999 -9999 -9999 -9999 -9999 -9999
-9999 -9999 -9999 -9999 -9999 -9999 -9999 -9999 -9999 -9999 -9999 -9999 -9999 -9999 -9999 -9999 -9999 251 252 252 250 252 252 254 255 256 256 256 256 256 255 254 245 250 251 254 257 258 258 258 254 243 245 239 246 250 256 256 256 -9999 -9999 -9999 -9999 -9999 -9999 -9999 -9999 -9999 -9999 -9999 -9999 -9999 -9999 -9999 -9999 -9999 -9999 -9999 -9999 -9999 -9999 -9999 -9999 -9999 -9999 -9999 -9999 -9999 -9999 -9999
-9999 -9999 -9999 -9999 -9999 -9999 -9999 -9999 -9999 -9999 -9999 -9999 -9999 -9999 -9999 -9999 -9999 254 254 251 250 251 254 255 255 256 256 257 257 255 257 257 255 256 255 255 257 257 257 256 256 240 234 236 245 253 256 257 256 256 -9999 -9999 -9999 -9999 -9999 -9999 -9999 -9999 -9999 -9999 -9999 -9999 -9999 -9999 -9999 -9999 -9999 -9999 -9999 -9999 -9999 -9999 -9999 -9999 -9999 262 257 -9999 -9999 -9999
-9999 -9999 -9999 -9999 -9999 -9999 -9999 -9999 -9999 -9999 -9999 -9999 -9999 -9999 -9999 -9999 -9999 -9999 252 250 250 251 254 253 251 255 256 257 255 256 257 257 256 255 252 253 257 257 257 257 257 253 248 233 244 255 257 257 256 256 255 -9999 -9999 -9999 -9999 -9999 -9999 -9999 -9999 -9999 -9999 -9999 -9999 -9999 -9999 -9999 -9999 -9999 -9999 -9999 -9999 -9999 -9999 -9999 -9999 -9999 -9999 -9999 -9999 -9999
-9999 -9999 -9999 -9999 -9999 -9999 -9999 -9999 -9999 -9999 -9999 -9999 -9999 -9999 -9999 -9999 -9999 -9999 252 253 251 252 252 250 249 253 254 253 255 257 257 257 257 257 256 257 256 256 256 256 256 256 256 248 243 254 256 256 256 255 256 256 -9999 -9999 -9999 -9999 -9999 256 256 -9999 -9999 -9999 -9999 -9999 -9999 -9999 -9999 -9999 -9999 -9999 -9999 -9999 -9999 -9999 -9999 -9999 -9999 -9999 -9999 -9999
-9999 -9999 -9999 -9999 -9999 -9999 -9999 -9999 -9999 -9999 -9999 -9999 -9999 -9999 -9999 -9999 -9999 -9999 -9999 253 253 253 251 251 252 251 251 253 256 257 257 257 257 256 257 257 256 256 256 256 256 256 256 251 237 248 254 255 256 256 256 256 255 255 -9999 -9999 -9999 256 256 -9999 -9999 -9999 -9999 -9999 -9999 -9999 -9999 -9999 -9999 -9999 -9999 -9999 -9999 -9999 -9999 -9999 -9999 -9999 -9999 -9999
-9999 -9999 -9999 -9999 -9999 -9999 -9999 -9999 -9999 -9999 -9999 -9999 -9999 -9999 -9999 -9999 -9999 -9999 -9999 252 253 253 252 252 251 249 252 256 257 256 257 257 257 256 256 256 255 257 256 256 257 256 255 255 239 240 247 251 253 255 256 256 256 256 255 255 -9999 -9999 -9999 -9999 -9999 -9999 -9999 -9999 -9999 -9999 -9999 -9999 -9999 -9999 -9999 -9999 -9999 -9999 -9999 -9999 -9999 -9999 -9999 -9999
-9999 -9999 -9999 -9999 -9999 -9999 -9999 -9999 -9999 -9999 -9999 -9999 -9999 -9999 -9999 -9999 -9999 -9999 -9999 253 253 252 253 254 250 249 254 256 256 256 256 257 257 256 256 253 254 256 256 256 256 256 255 255 252 237 240 245 248 252 255 256 255 254 253 256 257 257 -9999 257 -9999 -9999 -9999 -9999 -9999 -9999 -9999 -9999 -9999 -9999 -9999 -9999 -9999 -9999 -9999 -9999 -9999 -9999 -9999 -9999
-9999 -9999 -9999 -9999 -9999 -9999 -9999 -9999 -9999 -9999 -9999 -9999 -9999 -9999 -9999 -9999 -9999 -9999 -9999 -9999 252 254 255 254 247 249 255 256 256 256 256 256 256 256 256 254 251 252 254 255 255 256 256 255 255 239 239 242 247 254 254 253 249 249 252 257 258 258 258 257 257 -9999 -9999 -9999 -9999 -9999 -9999 -9999 -9999 -9999 -9999 -9999 -9999 -9999 -9999 -9999 -9999 -9999 -9999 -9999
-9999 -9999 -9999 -9999 -9999 -9999 -9999 -9999 -9999 -9999 -9999 -9999 -9999 -9999 -9999 -9999 -9999 -9999 255 252 254 254 254 254 250 250 253 256 256 256 256 256 256 256 255 253 248 248 246 251 253 254 255 255 254 240 237 247 248 250 250 248 245 242 250 254 256 257 258 258 257 258 258 -9999 -9999 -9999 -9999 -9999 -9999 -9999 -9999 -9999 -9999 -9999 -9999 -9999 -9999 -9999 -9999 -9999
-9999 -9999 -9999 -9999 -9999 -9999 -9999 -9999 -9999 -9999 -9999 -9999 -9999 -9999 -9999 -9999 -9999 -9999 241 240 249 251 250 248 253 250 250 255 255 255 255 255 255 255 255 255 251 249 247 247 252 254 255 255 255 248 237 245 247 246 245 244 243 246 247 250 254 256 256 257 257 257 258 258 258 260 -9999 -9999 -9999 -9999 -9999 261 -9999 -9999 -9999 -9999 -9999 -9999 -9999 -9999
-9999 -9999 -9999 -9999 -9999 -9999 -9999 -9999 -9999 -9999 -9999 -9999 -9999 -9999 -9999 -9999 -9999 -9999 249 247 249 246 245 240 251 251 253 255 256 256 255 255 255 255 255 255 255 252 250 251 253 254 254 254 255 252 239 239 242 241 241 241 240 242 245 248 253 254 254 254 255 255 255 256 254 252 259 259 260 260 -9999 -9999 -9999 -9999 -9999 -9999 -9999 -9999 -9999 -9999
-9999 -9999 -9999 -9999 -9999 -9999 -9999 -9999 -9999 -9999 -9999 -9999 -9999 -9999 -9999 -9999 -9999 -9999 252 251 252 248 248 244 247 246 250 253 255 255 255 255 255 255 254 254 252 254 253 252 253 253 254 254 254 250 237 239 238 238 236 238 240 242 245 248 250 250 250 252 251 253 254 253 249 255 261 261 261 261 260 260 259 -9999 -9999 -9999 -9999 -9999 -9999 -9999
-9999 -9999 -9999 -9999 -9999 -9999 -9999 -9999 -9999 -9999 -9999 -9999 -9999 -9999 -9999 -9999 -9999 -9999 250 252 254 251 246 241 240 232 230 244 254 255 255 255 255 254 255 254 250 251 251 253 252 251 254 254 252 249 242 236 235 235 236 237 239 242 244 245 247 247 247 248 247 248 248 246 246 257 261 261 261 261 260 259 256 260 261 261 260 261 262 261
-9999 -9999 -9999 -9999 -9999 -9999 -9999 -9999 -9999 -9999 -9999 -9999 -9999 -9999 -9999 -9999 -9999 -9999 253 252 252 248 246 248 242 232 233 244 253 255 255 255 255 255 254 250 246 236 243 252 252 250 252 253 251 248 244 238 235 235 235 237 241 242 243 244 246 246 246 244 246 245 245 246 253 260 260 260 259 255 257 260 252 259 260 261 260 260 261 261
-9999 -9999 -9999 -9999 -9999 -9999 -9999 -9999 -9999 -9999 -9999 -9999 -9999 -9999 -9999 -9999 -9999 -9999 252 252 253 253 252 249 243 239 246 252 254 254 254 255 255 255 254 252 247 245 249 253 252 252 251 251 249 246 242 238 236 235 236 240 245 247 247 247 245 242 243 240 238 242 244 251 257 259 259 259 253 253 257 261 256 255 255 259 258 255 260 260
-9999 -9999 -9999 -9999 -9999 -9999 -9999 -9999 -9999 -9999 -9999 -9999 -9999 -9999 -9999 -9999 251 246 252 253 253 253 252 248 244 245 249 252 253 254 255 254 254 255 254 253 251 251 252 252 252 251 250 249 248 246 243 238 235 234 235 242 238 246 247 247 241 236 238 232 238 243 244 252 257 252 254 256 251 255 258 261 259 257 257 259 255 246 256 253
-9999 -9999 -9999 -9999 -9999 -9999 -9999 -9999 -9999 -9999 -9999 -9999 -9999 -9999 -9999 -9999 249 249 249 252 250 246 249 243 241 247 250 250 253 254 254 253 253 254 253 252 252 251 250 251 249 249 248 248 247 245 243 242 236 234 233 238 242 246 246 243 239 243 235 228 246 252 254 256 253 250 249 253 248 253 258 260 256 260 260 257 252 242 251 246
-9999 -9999 -9999 -9999 -9999 -9999 -9999 -9999 -9999 -9999 -9999 -9999 -9999 -9999 -9999 -9999 252 249 247 243 247 243 245 238 236 244 247 248 253 254 254 254 254 252 251 251 251 249 248 248 248 247 247 246 246 244 241 239 235 232 230 234 239 243 243 237 239 246 247 243 242 248 250 251 247 246 249 253 248 248 250 256 252 253 257 247 247 235 249 248
-9999 -9999 -9999 -9999 -9999 -9999 -9999 -9999 -9999 -9999 -9999 -9999 -9999 -9999 -9999 -9999 -9999 247 245 243 242 240 240 235 237 245 249 252 253 254 254 254 250 251 249 247 245 246 242 244 247 245 244 244 245 244 242 239 236 233 235 236 242 243 241 240 237 243 246 234 226 236 243 245 243 245 250 254 251 242 239 249 247 243 251 242 245 238 245 248
-9999 -9999 -9999 -9999 -9999 -9999 -9999 -9999 -9999 -9999 -9999 -9999 -9999 -9999 -9999 -9999 -9999 246 248 248 247 244 243 242 241 248 251 253 254 253 252 247 250 250 246 243 242 243 241 245 248 245 242 242 243 243 242 240 238 237 241 241 244 244 241 236 237 242 245 243 239 240 242 242 243 247 250 253 246 240 238 244 249 244 252 241 241 234 243 247
-9999 -9999 -9999 -9999 -9999 -9999 -9999 -9999 -9999 -9999 -9999 -9999 -9999 -9999 -9999 -9999 251 248 243 243 242 242 241 240 241 246 250 253 251 249 247 244 250 245 236 236 236 238 242 246 248 247 244 243 244 242 239 242 244 243 243 245 245 246 244 240 238 241 242 241 241 242 243 243 245 249 253 251 241 239 238 249 252 248 248 247 244 231 236 246
-9999 -9999 -9999 -9999 -9999 -9999 -9999 -9999 -9999 -9999 -9999 -9999 -9999 -9999 -9999 251 242 247 240 236 241 241 240 238 241 246 252 249 250 246 245 245 246 238 230 227 230 235 242 246 248 248 249 250 245 237 239 246 247 247 243 244 247 243 239 240 243 243 240 239 238 241 242 243 247 252 255 253 234 236 239 247 250 244 243 240 237 226 237 240
-9999 -9999 -9999 -9999 -9999 -9999 -9999 -9999 -9999 -9999 -9999 -9999 -9999 -9999 -9999 248 241 243 234 235 240 240 240 239 242 245 247 248 247 247 246 246 243 238 233 231 229 234 240 244 247 249 250 246 238 237 246 246 247 247 245 245 243 236 235 245 247 245 240 238 238 238 242 244 250 254 254 253 236 234 241 246 249 242 243 241 228 228 238 236
-9999 -9999 -9999 -9999 -9999 -9999 -9999 -9999 -9999 -9999 -9999 -9999 -9999 -9999 -9999 246 243 238 234 235 240 242 244 242 245 248 247 247 246 245 244 244 239 238 236 235 233 234 237 241 245 248 248 247 244 246 246 246 238 243 242 245 240 239 244 248 248 245 239 238 237 238 243 247 252 254 252 235 239 235 245 243 246 237 242 236 227 232 234 234
-9999 -9999 -9999 -9999 -9999 -9999 -9999 -9999 -9999 -9999 -9999 -9999 -9999 -9999 -9999 247 245 240 232 238 242 243 245 245 248 247 246 246 246 245 244 242 240 240 238 237 234 234 234 237 242 244 244 243 239 241 241 242 234 236 237 246 244 243 247 249 248 245 241 238 237 239 243 246 251 252 245 226 238 233 241 242 241 238 234 235 223 224 229 229
-9999 -9999 -9999 -9999 -9999 -9999 -9999 -9999 -9999 -9999 -9999 -9999 -9999 -9999 -9999 246 241 236 230 240 243 246 245 245 247 246 246 243 241 241 240 241 241 235 237 237 234 233 230 230 229 237 242 241 239 238 241 240 235 237 241 244 248 248 247 249 249 244 239 238 239 241 242 246 245 246 243 234 235 237 241 243 234 235 236 233 218 216 219 225
-9999 -9999 -9999 -9999 -9999 -9999 -9999 -9999 -9999 -9999 -9999 -9999 -9999 -9999 -9999 246 240 238 233 241 247 249 248 247 247 246 246 245 241 239 239 239 236 239 239 235 234 231 223 223 232 238 240 239 235 233 237 237 237 237 241 245 246 247 248 249 245 239 234 237 241 243 244 244 241 242 243 233 228 230 234 241 233 232 235 223 219 221 224 228
-9999 -9999 -9999 -9999 -9999 -9999 -9999 -9999 -9999 -9999 -9999 -9999 -9999 -9999 249 243 242 241 246 246 246 250 249 247 247 246 242 245 243 238 239 243 245 244 240 237 235 228 222 226 233 238 239 238 236 237 235 236 239 242 244 245 247 247 249 248 239 235 233 237 240 241 243 237 240 244 245 235 235 232 239 237 227 223 218 213 219 226 228 228
-9999 -9999 -9999 -9999 -9999 -9999 -9999 -9999 -9999 -9999 -9999 -9999 -9999 -9999 249 246 244 243 242 237 239 248 246 246 242 240 240 241 238 236 240 245 244 241 237 236 229 221 220 227 234 237 239 240 240 241 242 238 238 242 245 243 246 247 245 238 236 234 234 236 238 239 238 235 240 245 237 233 230 234 238 233 222 220 212 216 224 226 228 239
-9999 -9999 -9999 -9999 -9999 -9999 -9999 -9999 -9999 -9999 -9999 -9999 -9999 -9999 248 245 247 247 244 246 242 245 240 240 239 243 240 241 240 241 242 242 240 235 234 230 226 223 230 234 236 237 241 244 245 245 241 242 242 246 244 235 242 242 239 233 233 235 235 235 235 234 232 234 241 234 225 225 226 232 224 218 218 227 215 216 216 223 228 237
-9999 -9999 -9999 -9999 -9999 -9999 -9999 -9999 -9999 -9999 -9999 -9999 -9999 -9999 247 246 244 243 241 241 243 240 238 240 241 243 243 242 242 241 243 242 243 236 228 224 220 226 230 233 235 239 244 245 246 246 246 246 245 247 243 238 236 237 232 232 233 235 234 233 231 230 227 233 236 225 226 228 234 229 220 221 226 232 226 222 226 227 229 238
-9999 -9999 -9999 -9999 -9999 -9999 -9999 -9999 -9999 -9999 -9999 -9999 -9999 -9999 245 243 244 243 240 236 234 234 236 242 242 245 245 244 239 243 241 240 241 235 224 222 223 221 224 229 236 241 244 244 245 246 246 246 247 247 244 240 234 230 231 232 233 233 232 231 228 227 224 231 228 223 228 224 231 223 228 229 235 235 236 232 227 235 245 242
-9999 -9999 -9999 -9999 -9999 -9999 -9999 -9999 -9999 -9999 -9999 -9999 -9999 247 246 244 244 241 237 233 232 234 238 242 245 242 238 237 238 244 242 243 243 236 236 233 227 220 220 227 235 237 238 241 245 245 246 246 246 243 243 239 232 229 229 231 231 231 230 229 226 225 222 224 222 219 219 221 239 228 232 229 227 225 234 245 243 245 249 250
