Electronic Materials (Flash Drives)/data/NZclimate/2050/ccsm_4_2050/bio05.nz.asc
ncols         384
nrows         384
xllcorner     164
yllcorner     -49
cellsize      0.041666666666667
NODATA_value  -9999
[rows 140 to 174 of 384, columns 240 to 319 of 384]
-9999 -9999 -9999 -9999 -9999 -9999 -9999 -9999 -9999 -9999 -9999 -9999 247 243 245 245 243 242 238 233 232 232 236 245 244 241 239 239 236 245 245 244 245 243 240 236 227 220 223 231 238 240 241 243 245 245 245 246 244 239 239 238 233 229 227 229 231 231 230 227 227 221 220 220 217 221 224 225 230 243 231 233 234 237 240 246 252 249 246 247
-9999 -9999 -9999 -9999 -9999 -9999 -9999 -9999 -9999 -9999 -9999 246 243 243 243 242 243 242 239 234 233 233 239 244 246 243 239 243 238 244 246 245 246 245 241 235 228 227 229 233 234 238 243 244 244 245 244 239 234 236 235 236 233 229 228 227 230 229 229 225 228 220 222 221 222 217 224 237 231 231 246 247 246 246 246 249 246 251 256 251
-9999 -9999 -9999 -9999 -9999 -9999 -9999 -9999 -9999 -9999 245 244 243 243 241 237 237 235 237 235 234 234 241 243 246 244 242 245 244 246 245 243 243 244 242 235 232 227 230 231 227 235 244 244 244 242 241 235 233 232 236 233 230 226 227 228 228 229 226 226 228 221 225 219 214 222 228 237 227 242 243 242 247 251 252 253 252 256 256 257
-9999 -9999 -9999 -9999 241 242 243 243 243 244 244 242 242 242 237 237 237 236 239 238 236 238 239 242 245 243 243 242 239 240 238 240 238 240 235 235 231 228 228 228 215 222 241 243 242 240 238 236 233 231 231 228 221 218 227 227 224 226 224 225 228 228 229 229 220 227 237 237 231 243 241 243 246 244 247 250 251 253 252 255
-9999 -9999 241 241 241 241 241 242 242 241 241 242 241 238 237 238 237 236 239 240 242 241 239 241 243 243 244 240 235 235 238 236 234 234 225 229 232 230 229 230 230 225 227 240 240 235 230 228 228 224 221 216 219 222 228 225 224 225 222 217 224 234 235 229 226 232 241 246 245 245 245 247 248 253 248 248 253 255 255 257
239 240 239 239 239 239 240 239 240 240 238 241 238 239 238 238 237 236 239 241 242 241 241 241 240 243 238 237 241 241 238 237 232 230 220 225 225 224 224 224 230 231 224 236 237 230 223 218 211 214 218 215 213 219 229 227 222 224 217 214 222 234 237 229 235 243 239 241 239 241 243 246 248 251 253 254 254 256 258 257
237 237 237 237 236 236 238 239 239 238 239 238 237 239 237 235 237 238 240 240 243 240 242 241 240 243 242 243 241 241 241 238 233 229 226 222 219 217 208 196 205 223 229 232 229 220 210 208 205 207 204 210 209 222 224 223 228 222 223 219 225 233 231 238 243 236 228 230 242 250 250 253 251 253 254 255 258 257 260 260
233 233 233 233 234 235 237 238 239 239 238 237 239 238 236 235 237 239 237 239 242 241 241 241 237 238 236 241 234 234 239 233 227 223 221 220 217 211 196 181 195 212 222 226 215 202 201 200 200 200 204 209 214 210 218 220 224 226 219 228 232 233 234 242 238 217 227 238 243 249 250 254 257 257 258 257 260 -9999 -9999 -9999
224 225 228 229 231 233 236 236 236 238 238 238 238 237 236 236 237 238 237 236 240 238 239 237 236 234 233 233 231 229 234 231 223 220 218 215 211 205 197 199 204 213 219 215 206 200 197 203 207 204 202 208 213 209 203 208 216 223 229 234 236 233 238 241 227 221 241 248 248 250 250 254 256 258 261 -9999 -9999 -9999 -9999 -9999
203 209 220 224 228 230 233 234 236 236 237 237 236 236 236 236 234 232 237 240 239 241 238 239 235 235 231 230 233 230 228 228 223 219 202 206 198 188 190 200 207 213 215 211 203 198 198 208 202 206 203 210 206 210 209 206 208 207 223 232 232 230 233 226 234 242 248 249 250 250 246 248 250 -9999 -9999 -9999 -9999 -9999 -9999 -9999
206 193 206 217 223 227 230 232 235 236 235 236 238 238 236 236 235 234 235 241 239 240 239 241 237 238 234 232 236 234 228 225 222 219 213 203 183 152 174 193 204 209 207 199 195 195 203 212 209 206 201 215 208 203 206 211 199 202 218 229 231 233 234 240 243 245 249 245 243 249 251 253 254 -9999 -9999 -9999 -9999 -9999 -9999 -9999
205 180 202 214 221 225 230 232 233 235 236 236 237 235 236 236 236 233 231 230 238 238 238 241 240 235 235 234 237 236 232 225 222 218 213 206 190 171 185 199 207 209 203 197 202 205 205 203 214 212 216 220 211 210 217 212 203 216 222 228 233 233 238 246 246 247 252 252 247 253 254 256 -9999 -9999 -9999 -9999 -9999 -9999 -9999 -9999
219 214 216 220 223 226 230 233 234 236 237 237 236 234 233 228 227 229 228 228 224 230 234 237 240 236 239 241 238 233 230 226 223 220 217 213 207 204 205 209 212 211 208 209 206 204 205 209 218 217 218 219 212 212 220 218 221 225 233 231 241 242 244 246 249 250 253 253 252 258 259 -9999 -9999 -9999 -9999 -9999 -9999 -9999 -9999 -9999
227 225 225 226 228 229 232 233 234 235 237 238 236 232 231 227 227 231 231 229 226 227 232 236 239 239 239 233 227 226 228 228 228 227 223 222 218 216 217 216 216 216 216 214 209 200 208 210 215 216 220 220 220 216 218 227 227 228 230 237 243 245 248 247 250 251 251 255 257 258 -9999 -9999 -9999 -9999 -9999 -9999 -9999 -9999 -9999 -9999
232 231 231 231 232 232 235 235 234 234 235 239 236 235 234 232 234 234 233 233 232 232 236 237 242 236 233 231 228 232 230 231 230 228 226 225 224 223 221 220 217 215 217 217 207 210 222 219 222 222 219 218 220 226 227 227 228 228 233 242 246 249 250 251 252 254 250 256 258 -9999 -9999 -9999 -9999 -9999 -9999 -9999 -9999 -9999 -9999 -9999
235 235 235 234 235 235 236 234 237 236 236 238 237 237 235 234 235 238 234 235 235 233 230 230 237 239 231 230 227 230 227 229 225 225 227 228 226 225 223 220 218 215 212 217 221 225 225 219 225 223 219 217 221 228 225 230 236 235 239 243 246 248 249 251 254 254 253 257 258 258 -9999 -9999 -9999 -9999 -9999 -9999 -9999 -9999 -9999 -9999
238 238 238 237 237 237 238 238 236 237 237 234 237 238 237 238 235 237 237 236 231 234 235 229 232 237 236 235 231 232 231 231 230 227 228 227 225 224 221 218 218 215 212 214 218 224 219 219 226 224 224 219 209 233 225 229 239 241 243 244 246 247 249 252 254 255 256 257 258 258 -9999 -9999 -9999 -9999 -9999 -9999 -9999 -9999 -9999 -9999
239 239 239 239 239 238 239 239 240 236 235 232 234 239 234 238 235 232 237 240 238 238 232 227 230 240 241 236 231 233 237 232 227 228 230 229 231 231 228 222 221 216 216 220 229 228 223 222 227 226 214 212 217 218 208 217 232 242 248 248 249 250 251 254 255 256 257 257 258 258 258 -9999 -9999 -9999 -9999 -9999 -9999 -9999 -9999 -9999
-9999 -9999 -9999 -9999 239 239 239 240 241 239 236 235 236 238 237 235 233 231 235 238 239 234 233 230 233 233 237 240 237 231 234 236 233 233 234 233 229 229 230 226 227 226 226 227 231 231 225 227 228 222 209 206 215 211 205 223 240 243 244 244 248 252 252 252 254 255 256 257 257 258 258 -9999 -9999 -9999 -9999 -9999 -9999 -9999 -9999 -9999
-9999 -9999 -9999 -9999 -9999 -9999 -9999 240 241 240 238 236 235 239 238 233 236 238 239 239 241 241 238 235 236 238 232 237 239 232 229 238 236 233 236 232 226 232 229 229 228 229 232 231 229 234 233 230 227 227 210 209 204 205 206 232 236 241 243 245 247 251 252 253 254 255 256 257 257 257 256 256 252 254 -9999 -9999 -9999 -9999 -9999 -9999
-9999 -9999 -9999 -9999 -9999 -9999 -9999 -9999 242 241 240 240 239 238 237 235 237 241 241 240 243 238 235 235 235 237 240 241 233 231 231 238 236 236 236 229 233 231 230 233 229 224 230 234 233 233 235 231 230 218 221 210 202 212 222 233 231 237 237 240 244 249 247 251 253 255 256 257 256 253 255 254 252 253 -9999 -9999 -9999 -9999 -9999 -9999
-9999 -9999 -9999 -9999 -9999 -9999 -9999 -9999 -9999 242 242 242 241 242 240 239 240 241 239 243 241 237 231 232 237 239 239 243 237 234 237 240 233 235 235 233 235 230 230 234 229 226 224 231 236 235 232 228 223 204 207 206 207 224 232 223 232 236 238 241 242 246 245 251 250 253 253 252 248 253 251 251 253 -9999 -9999 -9999 -9999 -9999 -9999 -9999
-9999 -9999 -9999 -9999 -9999 -9999 -9999 -9999 -9999 -9999 -9999 243 243 242 241 241 241 243 242 243 238 236 235 235 236 239 243 244 243 241 243 243 240 240 235 234 237 235 235 233 230 229 227 236 237 236 230 225 224 207 200 202 211 232 235 230 236 240 242 244 243 243 245 246 253 254 250 253 251 246 247 250 254 -9999 -9999 -9999 -9999 -9999 -9999 -9999
-9999 -9999 -9999 -9999 -9999 -9999 -9999 -9999 -9999 -9999 -9999 -9999 243 243 243 243 243 244 242 240 240 240 240 240 240 240 244 244 243 240 244 240 244 242 237 240 239 236 232 228 231 234 235 237 234 231 231 230 226 201 196 196 221 232 236 238 240 241 244 246 245 244 243 251 253 249 251 252 246 242 243 253 -9999 -9999 -9999 -9999 -9999 -9999 -9999 -9999
-9999 -9999 -9999 -9999 -9999 -9999 -9999 -9999 -9999 -9999 -9999 -9999 -9999 -9999 -9999 244 245 244 243 243 243 244 244 242 241 243 247 245 244 242 244 245 243 242 241 243 241 238 236 235 239 239 237 234 233 233 232 228 222 207 198 198 217 231 236 238 241 244 245 247 247 244 247 252 250 251 246 247 243 237 246 253 -9999 -9999 -9999 -9999 -9999 -9999 -9999 -9999
-9999 -9999 -9999 -9999 -9999 -9999 -9999 -9999 -9999 -9999 -9999 -9999 -9999 -9999 -9999 -9999 -9999 -9999 -9999 -9999 -9999 245 245 244 243 246 246 244 243 241 244 245 244 244 242 241 241 238 238 241 240 238 236 234 232 230 228 223 203 198 195 213 229 233 238 240 243 245 246 247 247 244 248 251 250 249 248 247 241 239 247 248 -9999 -9999 -9999 -9999 -9999 -9999 -9999 -9999
-9999 -9999 -9999 -9999 -9999 -9999 -9999 -9999 -9999 -9999 -9999 -9999 -9999 -9999 -9999 -9999 -9999 -9999 -9999 -9999 -9999 -9999 -9999 246 246 246 245 245 243 242 245 244 243 242 241 238 238 238 236 241 238 238 235 233 232 231 228 225 212 211 199 217 230 236 239 242 244 246 247 248 248 247 249 250 249 249 247 247 246 249 250 -9999 -9999 -9999 -9999 -9999 -9999 -9999 -9999 -9999
-9999 -9999 -9999 -9999 -9999 -9999 -9999 -9999 -9999 -9999 -9999 -9999 -9999 -9999 -9999 -9999 -9999 -9999 -9999 -9999 -9999 -9999 -9999 -9999 247 246 245 244 244 246 245 245 242 238 237 237 240 240 242 240 235 234 235 232 233 232 233 230 218 199 209 226 233 237 240 242 245 246 247 247 248 248 248 249 249 247 245 245 248 252 -9999 -9999 -9999 -9999 -9999 -9999 -9999 -9999 -9999 -9999
-9999 -9999 -9999 -9999 -9999 -9999 -9999 -9999 -9999 -9999 -9999 -9999 -9999 -9999 -9999 -9999 -9999 -9999 -9999 -9999 -9999 -9999 -9999 -9999 -9999 246 246 247 245 245 245 241 240 240 240 242 244 242 238 235 233 234 233 235 233 236 235 232 210 211 218 227 235 238 240 242 244 246 247 246 248 248 248 245 248 247 245 245 248 248 -9999 -9999 -9999 -9999 -9999 -9999 -9999 -9999 -9999 -9999
-9999 -9999 -9999 -9999 -9999 -9999 -9999 -9999 -9999 -9999 -9999 -9999 -9999 -9999 -9999 -9999 -9999 -9999 -9999 -9999 -9999 -9999 -9999 -9999 -9999 -9999 247 247 246 245 244 242 242 242 243 245 242 240 239 238 238 236 235 237 235 239 236 224 217 216 228 234 236 238 240 241 241 244 244 248 247 247 245 245 246 246 246 244 248 251 -9999 -9999 -9999 -9999 -9999 -9999 -9999 -9999 -9999 -9999
-9999 -9999 -9999 -9999 -9999 -9999 -9999 -9999 -9999 -9999 -9999 -9999 -9999 -9999 -9999 -9999 -9999 -9999 -9999 -9999 -9999 -9999 -9999 -9999 -9999 -9999 -9999 246 246 245 244 243 243 243 245 244 242 241 240 241 240 239 240 237 241 241 230 215 215 230 233 237 238 239 240 238 235 238 241 247 246 244 243 245 245 247 243 246 250 252 -9999 -9999 -9999 -9999 -9999 -9999 -9999 -9999 -9999 -9999
-9999 -9999 -9999 -9999 -9999 -9999 -9999 -9999 -9999 -9999 -9999 -9999 -9999 -9999 -9999 -9999 -9999 -9999 -9999 -9999 -9999 -9999 -9999 -9999 -9999 -9999 -9999 -9999 246 246 245 244 244 245 245 243 244 243 243 243 243 241 239 242 242 236 221 217 234 238 240 240 240 241 238 236 236 243 247 249 249 249 245 245 246 248 245 248 250 -9999 -9999 -9999 -9999 -9999 -9999 -9999 -9999 -9999 -9999 -9999
-9999 -9999 -9999 -9999 -9999 -9999 -9999 -9999 -9999 -9999 -9999 -9999 -9999 -9999 -9999 -9999 -9999 -9999 -9999 -9999 -9999 -9999 -9999 -9999 -9999 -9999 -9999 -9999 246 246 246 245 245 246 245 244 245 244 245 244 243 241 243 244 235 219 222 236 240 241 242 241 242 240 236 238 236 241 243 245 248 250 250 250 248 248 249 249 -9999 -9999 -9999 -9999 -9999 -9999 -9999 -9999 -9999 -9999 -9999 -9999
-9999 -9999 -9999 -9999 -9999 -9999 -9999 -9999 -9999 -9999 -9999 -9999 -9999 -9999 -9999 -9999 -9999 -9999 -9999 -9999 -9999 -9999 -9999 -9999 -9999 -9999 -9999 -9999 -9999 247 247 247 246 246 246 244 245 246 246 246 244 242 246 241 221 225 236 241 243 244 244 244 244 242 240 238 238 238 241 246 249 250 250 249 250 251 252 -9999 -9999 -9999 -9999 -9999 -9999 -9999 -9999 -9999 -9999 -9999 -9999 -9999
-9999 -9999 -9999 -9999 -9999 -9999 -9999 -9999 -9999 -9999 -9999 -9999 -9999 -9999 -9999 -9999 -9999 -9999 -9999 -9999 -9999 -9999 -9999 -9999 -9999 -9999 -9999 -9999 -9999 247 247 246 246 246 246 246 247 247 247 247 245 245 245 237 230 239 242 243 245 245 244 241 241 242 238 238 235 236 240 247 249 249 245 248 252 -9999 -9999 -9999 -9999 -9999 -9999 -9999 -9999 -9999 -9999 -9999 -9999 -9999 -9999 -9999
