Electronic Materials (Flash Drives)/data/NZclimate/2050/ccsm_4_2050/bio05.nz.asc
ncols         384
nrows         384
xllcorner     164
yllcorner     -49
cellsize      0.041666666666667
NODATA_value  -9999
[rows 280 to 314 of 384, columns 80 to 159 of 384]
-9999 -9999 -9999 -9999 -9999 217 211 210 203 200 193 200 203 205 204 205 192 184 211 207 182 177 199 217 216 189 198 211 173 167 183 196 214 216 208 192 199 180 215 238 229 219 242 242 243 242 241 237 218 224 232 235 234 232 226 216 217 188 183 202 202 212 190 190 198 210 215 224 215 209 200 208 224 232 228 230 231 229 226 225
-9999 -9999 -9999 -9999 211 213 206 197 194 196 207 209 212 184 199 189 182 181 203 210 181 193 197 220 221 217 216 201 170 182 195 197 213 226 202 176 189 215 223 218 205 208 229 242 240 240 244 243 231 221 223 224 233 230 230 229 213 204 175 198 215 220 209 178 190 199 208 217 220 208 182 188 215 226 228 232 227 220 217 216
-9999 -9999 211 207 208 194 206 207 196 197 206 188 200 202 178 179 185 182 189 213 186 179 178 215 215 227 217 186 176 178 171 191 205 220 194 181 193 216 207 192 206 231 234 210 216 228 234 242 241 224 231 238 242 233 229 225 219 215 196 201 211 223 219 185 190 199 210 200 211 215 194 180 207 221 226 230 232 228 222 223
213 209 205 198 210 199 203 200 194 184 187 188 192 185 185 179 182 190 209 200 190 195 169 199 228 227 204 180 179 194 189 205 218 219 193 195 207 213 198 218 227 235 213 195 196 201 204 232 246 243 242 241 239 231 220 202 205 207 221 210 220 225 224 201 190 201 199 192 198 204 199 181 197 210 220 227 229 231 231 229
212 199 205 206 206 197 196 199 193 183 190 191 191 193 191 189 178 184 201 201 185 207 192 180 227 228 205 189 176 200 205 216 221 197 193 214 196 208 181 209 232 218 189 183 174 193 221 241 247 245 244 239 222 212 197 195 190 208 228 226 227 227 225 214 190 191 191 192 196 207 206 194 189 192 212 217 226 227 227 228
203 206 194 198 201 204 202 192 187 197 196 184 189 204 201 186 194 204 198 199 182 187 210 204 224 230 206 172 197 205 208 215 222 208 206 210 216 211 197 217 213 198 183 173 188 226 244 248 245 244 240 230 209 202 212 201 214 227 232 229 231 226 219 220 209 190 190 196 198 202 199 194 193 206 207 212 220 221 226 227
203 213 204 202 198 191 186 189 188 186 197 206 202 209 206 187 210 191 186 180 201 191 199 214 226 231 217 191 198 200 218 223 213 214 224 230 227 199 199 210 200 204 187 191 228 244 248 242 237 232 226 224 213 209 220 222 230 234 234 232 231 226 224 220 216 205 194 193 196 203 201 201 207 213 216 215 217 222 225 224
195 209 211 203 194 188 186 195 204 186 185 192 197 218 201 190 212 182 192 176 187 208 204 178 208 232 227 208 194 209 215 212 228 236 239 239 236 220 204 200 212 219 201 217 243 247 243 227 214 203 202 212 217 222 233 236 237 236 235 228 222 227 227 224 221 215 213 214 217 219 218 213 199 206 210 217 220 222 222 223
203 204 200 195 198 195 187 191 191 202 186 194 211 218 196 191 206 193 182 175 186 198 197 179 189 229 229 190 194 220 202 222 232 237 234 220 218 225 235 230 232 232 231 232 246 246 232 210 191 185 198 219 232 238 239 238 237 237 232 223 230 227 221 224 224 221 220 220 221 221 221 213 193 199 205 212 215 217 219 221
202 193 184 186 189 205 182 191 199 210 197 202 220 204 187 207 205 190 183 183 178 209 188 186 197 226 233 215 225 231 236 240 242 238 224 166 174 198 212 221 236 220 230 246 247 240 221 203 190 210 227 239 241 241 240 239 236 234 233 233 227 215 224 227 226 224 223 223 222 223 222 218 201 190 198 210 213 213 216 217
195 198 196 195 189 202 203 187 188 198 214 218 219 215 210 212 185 184 189 189 185 209 195 187 209 223 232 235 236 230 217 192 236 241 216 174 172 192 207 220 217 213 222 242 242 228 233 235 222 233 239 242 240 240 240 236 233 234 233 227 214 220 227 228 227 225 224 224 223 223 221 218 213 195 202 201 207 210 210 216
192 184 188 207 206 206 214 211 201 195 206 220 220 220 217 209 194 189 179 203 201 184 202 189 215 207 209 208 198 196 189 203 218 240 213 175 168 184 202 218 209 202 209 234 237 222 215 241 239 242 242 243 243 237 231 231 234 233 229 217 212 221 228 229 227 226 226 225 224 224 222 219 215 206 194 201 197 204 210 216
180 185 189 188 187 189 195 213 219 218 221 221 219 220 218 209 193 199 182 207 192 187 190 214 207 193 188 194 187 201 208 221 227 240 204 172 173 180 206 224 217 198 208 221 227 231 231 245 247 245 246 247 243 234 227 234 233 230 221 210 210 219 227 227 227 227 226 225 224 224 222 218 212 212 206 194 196 204 209 210
185 195 184 182 184 183 182 191 213 220 221 221 219 219 213 209 192 205 184 193 201 196 199 212 205 180 191 202 209 201 204 189 203 237 209 185 169 184 215 214 202 179 190 203 218 223 237 247 249 248 248 244 238 231 230 231 230 226 220 213 208 221 227 227 226 225 224 220 214 216 220 215 208 212 213 210 209 209 207 209
182 202 194 193 184 181 188 188 199 220 221 219 217 217 212 212 208 192 195 188 202 198 210 201 187 183 195 192 190 189 191 197 185 233 224 181 178 197 205 188 184 172 180 191 194 206 231 242 245 243 238 238 235 230 226 225 222 217 213 210 209 222 226 226 224 222 214 206 206 212 219 216 211 208 212 217 213 209 207 208
182 190 208 199 210 187 185 188 198 218 221 219 215 216 215 203 210 204 200 198 211 212 198 176 188 185 183 180 185 196 212 202 201 231 218 182 194 211 189 179 175 181 180 187 181 192 223 236 237 229 232 231 222 223 220 220 216 211 209 205 213 225 226 223 214 207 195 192 198 213 220 213 211 209 209 216 218 217 214 211
183 180 180 186 199 209 214 218 219 221 220 218 218 214 216 213 212 205 212 206 205 210 190 176 192 201 201 203 213 215 215 211 231 217 187 194 211 194 179 174 184 185 188 178 181 191 226 235 230 219 221 217 218 218 215 213 208 207 200 202 215 223 222 219 207 197 190 190 205 220 219 212 209 212 212 211 212 216 219 215
197 188 177 187 190 179 186 206 220 221 219 217 216 216 209 210 206 210 208 203 210 187 191 183 184 203 212 199 212 224 223 230 230 213 187 204 196 186 176 176 187 197 197 189 177 194 225 238 226 218 213 213 213 214 213 212 205 198 200 207 216 217 216 211 196 187 189 206 220 221 213 210 211 210 210 210 210 211 216 219
196 194 180 183 189 200 200 211 219 219 219 218 218 217 209 211 210 216 214 211 189 191 186 180 194 192 213 203 209 219 220 217 231 223 204 192 184 180 181 191 192 205 206 193 186 191 221 238 235 223 211 211 211 211 212 210 204 204 208 215 218 215 208 199 191 186 208 220 221 215 209 211 212 208 208 207 211 211 212 216
203 201 197 210 213 218 219 216 219 217 219 217 217 217 214 215 216 215 216 207 197 203 193 193 206 206 208 219 222 222 227 223 230 215 214 199 186 181 186 195 203 218 221 199 199 196 223 241 236 222 213 208 207 208 209 210 209 211 214 217 213 205 199 192 189 204 221 222 218 212 210 212 210 208 204 205 209 212 213 215
197 201 215 217 219 220 220 220 221 220 220 219 218 217 216 217 211 210 214 213 213 206 209 213 211 213 218 220 225 229 225 220 225 221 210 205 196 199 197 199 217 224 212 205 204 205 224 240 230 223 220 217 210 206 210 211 209 212 211 206 200 202 201 197 197 218 222 221 218 213 211 212 208 204 202 207 210 211 212 214
188 207 185 191 215 218 220 220 221 220 217 217 217 217 216 211 209 214 215 218 210 205 218 212 218 222 222 223 216 217 222 227 215 204 209 204 209 223 223 222 229 206 191 201 212 204 208 235 231 226 221 218 214 211 212 212 204 207 204 202 202 202 202 200 209 219 220 220 217 214 213 211 205 203 205 205 208 209 211 212
204 181 179 177 199 214 212 215 221 218 215 211 205 200 202 199 193 213 214 218 217 210 218 221 224 225 226 221 198 207 217 223 206 214 212 215 220 230 232 232 216 197 196 205 215 203 206 233 238 230 228 219 209 207 208 204 198 199 201 196 198 204 211 214 216 216 216 217 216 214 211 209 206 203 207 206 209 212 214 215
203 172 184 187 183 202 211 209 219 216 203 185 181 182 187 206 201 213 217 218 220 221 222 223 224 225 225 215 213 208 211 223 211 219 221 219 227 232 230 221 214 203 207 220 223 216 222 230 236 235 231 222 216 206 201 195 193 198 193 193 199 208 210 211 210 210 211 211 212 212 211 207 205 209 207 209 209 210 212 213
190 178 177 189 173 197 218 219 216 212 187 181 179 188 201 209 203 212 217 218 219 220 221 222 224 225 221 215 219 217 218 226 220 219 224 229 231 231 219 220 206 215 219 221 217 216 224 227 230 227 231 225 221 216 207 194 192 192 191 194 202 210 209 211 211 210 210 210 210 210 209 210 208 202 200 203 208 209 208 211
193 177 183 199 198 210 218 211 212 207 190 181 177 185 200 208 210 214 216 218 220 218 214 216 222 224 224 221 222 224 223 226 226 227 228 229 229 227 222 213 205 215 218 222 219 218 220 224 224 218 224 229 223 218 211 203 196 191 192 196 205 205 205 207 207 206 205 205 206 208 208 208 210 203 200 202 205 211 212 210
191 177 177 202 213 215 217 214 215 207 185 181 189 190 207 202 206 207 212 218 219 219 214 216 221 223 224 224 223 224 225 226 227 227 228 226 218 223 219 218 210 213 221 226 225 223 223 224 224 222 222 228 224 216 216 207 204 200 196 196 203 205 207 207 209 208 206 206 206 206 206 209 208 204 203 200 204 208 205 208
198 176 190 210 211 208 212 217 217 214 205 200 202 207 208 203 203 207 215 218 217 217 219 217 220 222 223 224 224 224 225 226 226 226 227 225 224 219 220 220 217 220 222 222 221 223 222 223 224 220 219 224 226 222 216 209 207 207 206 207 209 209 208 208 207 206 205 206 207 207 208 208 206 205 204 197 201 201 207 210
206 181 202 207 196 206 207 216 214 214 213 211 209 206 207 209 203 211 217 218 212 210 219 221 223 220 219 222 224 224 224 224 225 226 226 227 225 222 225 222 218 223 221 223 225 226 225 224 222 211 212 224 224 223 220 217 211 206 206 209 209 208 208 207 205 202 197 201 212 212 210 211 210 208 202 203 207 205 207 207
189 202 198 192 204 205 213 216 215 215 214 215 212 210 213 214 211 210 218 218 212 211 220 221 221 219 213 217 220 222 223 223 224 225 226 226 224 223 224 224 224 225 223 225 225 225 223 222 212 204 211 220 219 217 220 221 219 215 210 210 210 207 205 207 203 201 199 210 213 213 211 210 207 208 206 206 207 206 204 205
181 190 201 209 208 210 213 214 217 216 214 215 216 216 215 214 212 214 216 216 211 209 217 220 220 217 212 215 211 216 221 223 223 223 224 225 223 221 223 223 224 223 223 224 223 224 222 209 200 208 214 221 219 218 220 220 216 216 214 213 210 203 202 205 209 211 213 213 212 209 207 207 206 208 207 -9999 -9999 -9999 -9999 -9999
201 207 208 210 212 213 214 213 216 215 213 215 214 206 212 214 215 215 216 216 214 213 214 219 220 216 213 217 213 208 210 214 217 219 223 224 223 222 222 222 223 222 223 222 221 223 218 208 213 213 219 222 220 219 219 215 212 215 216 214 206 204 204 206 209 213 213 212 210 207 208 -9999 -9999 -9999 -9999 -9999 -9999 -9999 -9999 -9999
205 207 208 210 210 209 209 211 214 216 214 215 214 208 211 214 215 215 216 216 217 217 217 217 218 217 215 211 212 212 211 214 214 216 218 215 217 222 222 221 222 221 221 220 220 222 217 217 218 221 221 221 221 219 215 213 214 214 213 210 207 207 207 208 211 213 210 207 209 208 -9999 -9999 -9999 -9999 -9999 -9999 -9999 -9999 -9999 -9999
203 207 206 211 210 210 208 211 213 215 214 215 214 212 215 215 215 215 215 215 216 216 217 217 217 218 217 216 216 212 208 209 210 213 211 215 213 218 221 221 221 220 220 217 217 220 219 219 220 222 220 220 220 218 216 215 213 211 208 212 211 209 211 211 210 207 206 205 208 210 -9999 -9999 -9999 -9999 -9999 -9999 -9999 -9999 -9999 -9999
196 207 209 211 210 212 210 213 214 214 212 210 207 209 214 215 214 214 214 215 215 215 216 216 216 215 217 217 215 212 209 210 207 210 216 218 219 219 220 218 216 219 219 218 219 219 217 218 218 219 219 219 219 218 216 214 212 209 208 211 213 213 212 213 209 202 203 207 208 -9999 -9999 -9999 -9999 -9999 -9999 -9999 -9999 -9999 -9999 -9999
