Electronic Materials (Flash Drives)/data/NZclimate/2050/ccsm_4_2050/bio06nz.asc
ncols         384
nrows         384
xllcorner     164
yllcorner     -49
cellsize      0.041666666666667
NODATA_value  -9999
[rows 252 to 287 of 384, columns 81 to 161 of 384]
-9999 -9999 -9999 -9999 -9999 -9999 -9999 -9999 -9999 -9999 -9999 -9999 -9999 -9999 -9999 -9999 -9999 -9999 -9999 -9999 -9999 -9999 -9999 -9999 -9999 -9999 -9999 -9999 -9999 -9999 -9999 -9999 -9999 -9999 -9999 -9999 -9999 -9999 -9999 -9999 -9999 -9999 -9999 -9999 -9999 -9999 -9999 -9999 -9999 -9999 -9999 -9999 -9999 -9999 -9999 31 31 31 29 29 13 -4 8 -17 -22 -40 -56 -77 -71 -71 -62 -76 -54 -63 -19 -36 -57 -47 -48 -39 -26
-9999 -9999 -9999 -9999 -9999 -9999 -9999 -9999 -9999 -9999 -9999 -9999 -9999 -9999 -9999 -9999 -9999 -9999 -9999 -9999 -9999 -9999 -9999 -9999 -9999 -9999 -9999 -9999 -9999 -9999 -9999 -9999 -9999 -9999 -9999 -9999 -9999 -9999 -9999 -9999 -9999 -9999 -9999 -9999 -9999 -9999 -9999 -9999 -9999 -9999 -9999 -9999 -9999 31 30 30 27 26 29 4 -21 -29 -12 -17 -22 -46 -87 -78 -37 -55 -72 -47 -50 -46 -18 -42 -58 -31 -55 -49 -61
-9999 -9999 -9999 -9999 -9999 -9999 -9999 -9999 -9999 -9999 -9999 -9999 -9999 -9999 -9999 -9999 -9999 -9999 -9999 -9999 -9999 -9999 -9999 -9999 -9999 -9999 -9999 -9999 -9999 -9999 -9999 -9999 -9999 -9999 -9999 -9999 -9999 -9999 -9999 -9999 -9999 -9999 -9999 -9999 -9999 -9999 -9999 -9999 -9999 31 30 31 29 31 27 27 8 -12 13 6 2 -18 -36 -37 -39 -66 -85 -40 -36 -64 -32 -49 -69 -49 -15 -32 -56 -28 -49 -41 -62
-9999 -9999 -9999 -9999 -9999 -9999 -9999 -9999 -9999 -9999 -9999 -9999 -9999 -9999 -9999 -9999 -9999 -9999 -9999 -9999 -9999 -9999 -9999 -9999 -9999 -9999 -9999 -9999 -9999 -9999 -9999 -9999 -9999 -9999 -9999 -9999 -9999 -9999 -9999 -9999 -9999 -9999 -9999 -9999 -9999 -9999 -9999 29 23 26 14 29 26 27 1 2 -7 -31 7 -4 -27 -32 -19 -21 -39 -46 -51 -18 -21 -31 -52 -60 -40 -53 -14 -33 -43 -28 -21 -43 -57
-9999 -9999 -9999 -9999 -9999 -9999 -9999 -9999 -9999 -9999 -9999 -9999 -9999 -9999 -9999 -9999 -9999 -9999 -9999 -9999 -9999 -9999 -9999 -9999 -9999 -9999 -9999 -9999 -9999 -9999 -9999 -9999 -9999 -9999 -9999 -9999 -9999 -9999 -9999 -9999 -9999 -9999 -9999 -9999 30 27 22 23 16 27 20 20 5 14 -7 -25 -15 -17 -17 -9 -28 -37 -50 -70 -53 -26 -35 -10 -52 -57 -59 -55 -32 -55 -31 -7 -18 -11 -33 -53 -43
-9999 -9999 -9999 -9999 -9999 -9999 -9999 -9999 -9999 -9999 -9999 -9999 -9999 -9999 -9999 -9999 -9999 -9999 -9999 -9999 -9999 -9999 -9999 -9999 -9999 -9999 -9999 -9999 -9999 -9999 -9999 -9999 -9999 -9999 -9999 -9999 -9999 -9999 -9999 -9999 -9999 -9999 30 25 22 24 15 10 24 13 17 8 -15 -22 9 6 -13 -31 -33 -36 -25 -39 -54 -57 -40 -10 -8 -21 -53 -35 -55 -56 -30 -52 -50 -10 -5 -12 -39 -54 -40
-9999 -9999 -9999 -9999 -9999 -9999 -9999 -9999 -9999 -9999 -9999 -9999 -9999 -9999 -9999 -9999 -9999 -9999 -9999 -9999 -9999 -9999 -9999 -9999 -9999 -9999 -9999 -9999 -9999 -9999 -9999 -9999 -9999 -9999 -9999 -9999 -9999 -9999 -9999 -9999 -9999 30 29 18 7 13 14 16 2 -21 1 20 3 -3 -12 -36 -31 -37 -37 -41 -30 -43 -53 -53 -56 -15 -3 -44 -37 -40 -59 -49 -28 -51 -42 -13 -5 -15 -37 -50 -53
-9999 -9999 -9999 -9999 -9999 -9999 -9999 -9999 -9999 -9999 -9999 -9999 -9999 -9999 -9999 -9999 -9999 -9999 -9999 -9999 -9999 -9999 -9999 -9999 -9999 -9999 -9999 -9999 -9999 -9999 -9999 -9999 -9999 -9999 -9999 -9999 -9999 -9999 -9999 -9999 29 29 28 21 7 -8 -10 1 -2 -9 -14 3 -10 -41 -41 -28 -49 -34 -15 -30 -50 -46 -33 -50 -41 -6 -1 -29 -23 -52 -54 -38 -23 -36 -31 -7 -6 -14 -30 -44 -60
-9999 -9999 -9999 -9999 -9999 -9999 -9999 -9999 -9999 -9999 -9999 -9999 -9999 -9999 -9999 -9999 -9999 -9999 -9999 -9999 -9999 -9999 -9999 -9999 -9999 -9999 -9999 -9999 -9999 -9999 -9999 -9999 -9999 -9999 -9999 -9999 -9999 -9999 29 29 28 28 22 -1 -12 -4 -11 -22 -27 -32 -34 -24 -23 -27 -22 -33 -18 -6 -47 -52 -39 -52 -20 -57 -38 -7 1 -6 -25 -41 -49 -32 -33 -11 -8 -5 -7 -17 -44 -49 -56
-9999 -9999 -9999 -9999 -9999 -9999 -9999 -9999 -9999 -9999 -9999 -9999 -9999 -9999 -9999 -9999 -9999 -9999 -9999 -9999 -9999 -9999 -9999 -9999 -9999 -9999 -9999 -9999 -9999 -9999 -9999 -9999 -9999 -9999 -9999 -9999 29 29 28 28 27 22 -8 3 -6 -16 -13 -31 -32 -25 -26 3 1 -7 -23 -7 -9 -44 -38 -28 -32 -42 -22 -64 -50 -11 2 -3 -19 -27 -27 -22 -17 -11 -7 -6 -9 -22 -45 -42 -31
-9999 -9999 -9999 -9999 -9999 -9999 -9999 -9999 -9999 -9999 -9999 -9999 -9999 -9999 -9999 -9999 -9999 -9999 -9999 -9999 -9999 -9999 -9999 -9999 -9999 -9999 -9999 -9999 -9999 -9999 -9999 -9999 -9999 -9999 29 28 28 28 27 20 1 4 18 4 -2 12 6 1 -20 -9 5 15 -4 -19 -21 -19 -46 -47 -29 -24 -53 -20 -28 -60 -43 -18 2 1 -11 -18 -17 -16 -14 -10 -7 -6 -11 -31 -49 -39 -17
-9999 -9999 -9999 -9999 -9999 -9999 -9999 -9999 -9999 -9999 -9999 -9999 -9999 -9999 -9999 -9999 -9999 -9999 -9999 -9999 -9999 -9999 -9999 -9999 -9999 -9999 -9999 29 23 25 26 29 29 28 28 28 18 11 0 -3 9 -22 -18 10 0 -24 -19 -13 11 18 2 -28 -43 -44 -42 -51 -32 -45 -18 -39 -56 -9 -40 -54 -56 -26 1 1 -6 -11 -13 -13 -13 -10 -8 -8 -13 -28 -31 -18 -6
-9999 -9999 -9999 -9999 -9999 -9999 -9999 -9999 -9999 -9999 -9999 -9999 -9999 -9999 -9999 -9999 -9999 -9999 -9999 -9999 -9999 -9999 -9999 30 27 19 18 16 17 20 18 25 26 24 25 21 1 -26 5 -19 -10 2 -16 -19 -18 -13 -11 3 0 -16 -26 -32 -41 -32 -27 -52 -36 -32 -10 -47 -26 -11 -42 -53 -50 -29 1 1 -5 -9 -12 -11 -10 -8 -8 -10 -19 -36 -20 1 4
-9999 -9999 -9999 -9999 -9999 -9999 -9999 -9999 -9999 -9999 -9999 -9999 -9999 -9999 -9999 -9999 -9999 -9999 -9999 -9999 -9999 -9999 29 29 29 29 25 14 6 1 17 20 25 11 -6 6 -11 -13 -19 -11 -22 -8 -4 -12 -24 -17 -30 -25 -12 -49 -40 -42 -43 -13 -42 -54 -43 -48 -14 -13 -4 -32 -46 -47 -35 -25 0 1 -2 -6 -8 -6 -6 -5 -6 -7 -12 -17 -12 -4 1
-9999 -9999 -9999 -9999 -9999 -9999 -9999 -9999 -9999 -9999 -9999 -9999 -9999 -9999 -9999 -9999 -9999 -9999 -9999 -9999 -9999 25 18 20 10 6 12 26 6 10 11 4 19 -25 5 10 -23 -20 -26 -27 -21 -28 -30 -20 -21 -33 -25 -12 -39 -39 -39 -31 -9 -26 -52 -47 -41 -44 -14 -1 -10 -52 -45 -31 -13 -14 0 0 -4 -6 -2 -3 -3 -2 -3 -3 -7 -11 -1 -9 -10
-9999 -9999 -9999 -9999 -9999 -9999 -9999 -9999 -9999 -9999 -9999 -9999 -9999 -9999 -9999 -9999 -9999 -9999 -9999 -9999 27 22 13 4 2 3 0 17 4 -6 -10 6 14 -8 -3 -26 -19 -14 -39 -26 -37 -28 -28 -30 -24 -8 -5 -24 -31 -32 -44 -16 -21 -55 -32 -52 -46 -29 -11 0 -17 -45 -28 -10 -5 -3 0 0 -2 -8 -1 0 0 0 -1 -1 -7 -23 -5 -5 -20
-9999 -9999 -9999 -9999 -9999 -9999 -9999 -9999 -9999 -9999 -9999 -9999 -9999 -9999 -9999 -9999 -9999 -9999 26 18 20 16 12 5 1 10 10 -7 -22 -31 2 19 -15 7 -20 -27 -36 -33 -38 -29 -26 -30 -17 -19 -6 -7 -30 -39 -43 -30 -20 -7 -45 -43 -25 -44 -43 -27 -13 0 -18 -42 -17 -4 0 0 0 0 -1 -1 0 1 1 0 0 0 -6 -18 -7 1 -6
-9999 -9999 -9999 -9999 -9999 -9999 -9999 -9999 -9999 -9999 -9999 -9999 -9999 -9999 -9999 -9999 29 25 17 9 6 11 0 -9 -2 8 -15 -22 -22 0 15 -3 -30 2 -37 -55 -38 -34 -36 -14 -14 -32 -30 -17 5 -38 -35 -46 -30 -29 -1 -43 -43 -18 -38 -53 -35 -49 -9 0 -18 -32 -13 -1 1 2 2 3 2 1 -1 2 -1 1 -2 -4 -8 -25 -13 -3 3
-9999 -9999 -9999 -9999 -9999 -9999 -9999 -9999 -9999 -9999 -9999 -9999 -9999 -9999 -9999 -9999 25 19 7 1 -5 6 -5 -20 -4 -23 -32 -26 -3 20 5 1 -7 -9 -14 -48 -18 -22 -18 -31 -31 -13 -4 9 -18 -40 -30 -31 -40 -11 -12 -47 -31 -18 -54 -38 -49 -43 -10 -1 -9 -7 -1 0 2 3 4 4 5 4 1 -4 -9 -2 -15 -26 -13 -33 -20 -9 -2
-9999 -9999 -9999 -9999 -9999 -9999 -9999 -9999 -9999 -9999 -9999 -9999 -9999 -9999 28 27 27 28 26 24 19 4 -7 -26 -12 -34 -32 -10 17 0 -30 0 -40 -12 -40 -37 -44 -31 -29 -28 -29 -29 -5 5 -35 -44 -42 -29 -13 4 -35 -32 -37 -17 -33 -31 -48 -46 -15 -5 -3 -3 -3 -2 1 -6 3 5 6 6 5 1 -2 -12 -27 -43 -25 -32 -14 -27 -9
-9999 -9999 -9999 -9999 -9999 -9999 -9999 -9999 -9999 -9999 -9999 -9999 -9999 -9999 28 22 3 11 -2 11 5 -25 -10 -24 -32 -37 -10 1 -22 -40 -15 -28 -45 -42 -60 -24 -46 -27 -29 -25 -17 -10 9 -6 -35 -43 -39 -29 1 -11 -40 -22 -43 -29 -12 -28 -38 -26 -14 -5 -4 -3 -3 0 -4 -30 -18 6 7 6 5 -4 -5 -14 -20 -40 -32 -11 -5 -24 -24
-9999 -9999 -9999 -9999 -9999 -9999 -9999 -9999 -9999 -9999 -9999 -9999 24 23 14 22 17 7 -19 -3 14 -18 -27 -48 -31 -19 -7 -18 -24 -40 -28 -46 -71 -42 -17 -25 -47 -45 -30 -41 -28 3 11 0 -39 -32 -18 -8 5 -19 -16 -27 -43 -28 -19 -14 -21 -40 -20 -5 -4 -5 -1 -9 -19 -48 -21 1 7 3 -3 -5 -14 -11 -19 -23 -13 -9 -4 -8 -32
-9999 -9999 -9999 -9999 -9999 -9999 -9999 -9999 -9999 -9999 -9999 24 16 14 12 11 17 -16 -18 -7 12 -33 -36 -57 -52 -24 -19 -36 -56 -60 -43 -28 -66 -34 -9 -39 -47 -35 -40 -41 -26 3 11 1 -7 -3 4 5 -2 -13 -28 -40 -44 -26 -21 -11 -18 -32 -17 -2 -5 1 2 0 -17 -40 -28 -2 4 -3 -16 -15 -31 -22 -15 -22 -17 -6 -2 -2 -16
-9999 -9999 -9999 -9999 -9999 -9999 -9999 -9999 -9999 -9999 27 19 6 15 2 -14 19 -18 -14 17 -18 -16 -34 -55 -40 -36 -60 -47 -57 -47 -25 -22 -31 -23 0 -5 -27 -50 -37 -27 -31 -2 10 -19 -9 6 0 -28 -35 -39 -36 -39 -26 -27 -37 -22 -18 -20 -9 -2 0 2 3 4 3 -21 -31 -1 -5 -14 -29 -26 -47 -38 -30 -45 -32 -7 0 3 -4
-9999 -9999 -9999 -9999 -9999 -9999 -9999 -9999 -9999 -9999 26 12 6 -7 -15 -22 18 -11 9 -10 -28 -38 -49 -37 -25 -23 -24 -31 -38 -63 -57 -30 -22 -29 -47 -23 6 -27 -59 -33 -5 7 3 -22 -4 6 -4 -12 -14 -25 -27 -30 -18 -17 -35 -19 -15 -22 -4 -1 0 -1 -19 -11 4 -3 -5 2 -7 -24 -10 -21 -30 -22 -22 -45 -20 -2 2 4 1
-9999 -9999 -9999 -9999 -9999 -9999 -9999 -9999 -9999 25 19 -10 -30 -17 -29 -34 -9 21 6 -31 -45 -32 -37 -9 -43 -55 -41 -33 -53 -55 -42 -32 -52 -39 -50 -33 6 -16 -39 -15 10 7 -17 -21 -6 6 0 -28 -28 -34 -38 -22 -11 -15 -24 -22 -42 -29 -9 -2 -14 -10 -21 -21 -4 3 -5 5 -6 -12 0 -10 -8 -15 -30 -36 -5 3 6 1 -8
-9999 -9999 -9999 -9999 -9999 -9999 -9999 19 13 16 2 -18 -20 -21 -15 -45 -29 19 -10 -19 -43 -28 -24 -16 -66 -40 -15 -41 -58 -39 -23 -45 -32 -35 -52 -42 -6 6 3 3 10 -2 4 -4 -11 5 1 -23 -27 -22 -17 -11 -16 -21 -25 -46 -44 -44 -23 -10 -17 -36 -27 -22 -5 -4 -4 8 2 8 10 0 -3 -18 -27 -8 3 7 8 -1 -10
-9999 -9999 -9999 -9999 -9999 26 18 7 -6 4 -15 -4 3 -13 -9 -19 -27 11 -10 -35 -34 -30 1 -20 -50 -33 -14 -53 -65 -43 -15 -38 -29 -29 -45 -53 -42 0 4 10 9 5 7 5 5 5 -2 -26 -31 -19 -6 -7 -19 -23 -34 -28 -40 -48 -29 -28 -34 -50 -26 -21 -13 -12 -6 -5 -5 -5 5 9 2 -12 2 6 9 11 9 3 -7
-9999 -9999 -9999 -9999 23 13 11 -2 -7 -16 -8 -4 0 -5 -6 -24 -33 1 -7 -37 -43 -21 0 -3 -35 -26 -14 -53 -60 -45 -33 -16 -15 -24 -39 -33 -51 -19 3 -5 -16 7 6 6 5 4 -1 -20 -15 -6 -3 -4 -6 -13 -22 -22 -46 -51 -35 -35 -26 -44 -45 -37 -25 -19 -8 -18 -24 -31 -22 -3 9 5 9 12 11 7 5 -1 -8
-9999 -9999 -9999 14 16 7 -7 -14 -13 2 5 10 -29 -13 -25 -34 -37 -11 -4 -39 -27 -23 3 3 -4 -8 -25 -56 -46 -34 -32 -18 -5 -30 -53 -43 -19 -12 -18 -29 -27 -7 5 2 2 6 4 -8 -18 -16 -14 -5 -8 -9 -10 -25 -33 -58 -38 -22 -17 -27 -55 -44 -36 -26 -16 -12 -24 -49 -42 -14 2 6 14 7 -3 -6 -7 -8 1
-9999 14 8 8 -12 4 5 -12 -12 1 -24 -10 -7 -38 -37 -31 -35 -29 0 -33 -42 -45 -5 -6 7 -6 -39 -50 -49 -56 -38 -26 -12 -37 -49 -39 -18 -27 -41 -28 -6 -4 -25 -21 -10 -5 3 2 -16 -9 -2 2 -7 -10 -14 -19 -22 -40 -35 -25 -14 -17 -48 -44 -35 -23 -33 -22 -16 -36 -49 -22 -4 5 12 15 10 3 5 4 2
12 6 -5 10 -6 -1 -6 -14 -27 -25 -24 -20 -29 -30 -36 -34 -26 -6 -18 -30 -25 -53 -23 10 7 -21 -45 -48 -34 -39 -26 -14 -13 -38 -37 -26 -22 -36 -18 -9 -2 -23 -39 -38 -35 -32 -7 6 3 2 0 -1 -8 -19 -35 -32 -30 -16 -26 -16 -11 -11 -34 -43 -33 -34 -39 -34 -27 -31 -48 -32 -16 -4 8 13 16 18 15 8 4
-3 4 4 5 -9 -10 -7 -16 -29 -20 -19 -20 -20 -23 -26 -39 -34 -16 -18 -35 -13 -29 -43 7 7 -20 -37 -51 -29 -25 -15 -10 -34 -38 -19 -36 -26 -49 -26 -5 -18 -43 -49 -57 -42 -18 1 7 4 3 -1 -17 -26 -39 -40 -45 -28 -9 -10 -9 -8 -9 -21 -42 -42 -41 -39 -35 -24 -23 -35 -39 -35 -13 -6 9 12 13 16 20 18
7 -11 -6 -3 1 -2 -17 -23 -12 -14 -29 -24 -5 -10 -30 -22 -12 -20 -20 -39 -34 -11 -18 4 10 -18 -52 -31 -24 -21 -16 -9 -23 -26 -23 -19 -23 -35 -18 -22 -36 -48 -57 -46 -13 2 7 4 3 -1 -11 -28 -34 -26 -35 -23 -10 -4 -7 -4 -9 -16 -13 -24 -42 -41 -35 -32 -29 -30 -35 -34 -20 -18 -11 1 4 13 16 16 17
14 2 -1 -8 -16 -23 -20 -22 -25 -13 -2 -7 0 -6 -30 -4 -28 -34 -40 -19 -30 -23 -8 5 11 -7 -35 -29 -28 -11 -7 -19 -18 -8 -4 -8 -33 -35 -25 -35 -32 -45 -43 -12 2 7 1 -4 -9 -14 -16 -25 -28 -18 -16 -7 -3 -2 -3 -4 -8 -9 -13 -17 -27 -37 -37 -34 -26 -27 -28 -19 -10 -5 -5 -2 7 14 14 15 16
9 10 0 -12 -20 -23 -14 -3 -26 -28 -20 -15 12 -14 -27 -1 -37 -28 -45 -34 -13 -17 -45 -14 11 4 -18 -33 -19 -14 -18 -4 3 5 4 1 -14 -31 -34 -24 -19 -34 -20 1 5 1 -13 -24 -33 -34 -26 -21 -17 -6 -2 -1 0 0 -7 -13 -6 -6 -7 -11 -16 -16 -15 -10 -7 -8 -12 -26 -18 -12 -2 4 8 11 13 14 16
