Electronic Materials (Flash Drives)/data/NZclimate/2050/ccsm_4_2050/bio14nz.asc
ncols         384
nrows         384
xllcorner     164
yllcorner     -49
cellsize      0.041666666666667
NODATA_value  -9999
[rows 288 to 323 of 384, columns 81 to 161 of 384]
185 184 182 177 175 178 170 172 154 167 154 137 129 142 150 129 139 155 165 143 122 123 151 132 83 79 127 117 77 104 77 64 56 59 75 75 64 50 56 52 54 54 51 36 35 46 77 103 111 92 58 39 33 31 31 30 29 31 39 29 31 38 32 31 34 34 33 32 31 32 42 75 62 52 43 39 38 36 34 33 33
187 188 183 176 160 178 164 152 139 150 139 119 130 150 124 122 140 149 146 153 103 134 135 115 79 74 89 75 67 62 58 55 54 68 154 140 101 78 66 47 66 52 36 34 38 59 85 104 72 45 33 31 30 28 28 29 30 29 28 32 47 33 28 28 28 29 29 30 28 30 34 60 78 62 45 41 41 40 38 34 33
180 173 170 170 155 152 163 160 143 121 110 106 107 115 110 146 146 136 134 138 99 119 131 97 79 70 67 65 69 83 114 57 51 80 138 141 109 85 64 69 73 60 37 36 49 44 39 53 39 32 30 30 28 26 29 30 28 28 31 48 37 28 25 25 25 25 26 27 27 29 32 39 68 55 57 47 45 46 40 35 34
182 174 153 147 143 131 129 136 141 121 97 93 94 96 106 127 133 149 108 110 136 104 124 88 96 93 93 107 108 117 96 75 51 81 135 145 119 91 67 79 88 77 42 38 54 63 33 33 30 29 28 27 29 33 32 28 28 30 43 50 35 26 24 24 24 23 24 25 26 28 31 35 48 67 56 62 52 45 40 40 36
174 167 165 164 157 145 120 108 102 94 88 86 87 89 101 124 113 139 99 123 128 123 85 94 114 121 111 120 98 88 71 64 51 90 137 135 124 83 56 66 92 78 57 48 42 42 29 27 27 27 26 26 30 36 29 28 29 37 52 50 38 26 24 24 23 23 24 25 26 27 31 38 39 47 66 63 52 47 46 43 37
158 169 169 163 162 160 144 106 95 89 84 83 83 92 98 123 101 134 118 105 112 105 85 94 132 114 96 86 97 91 113 94 51 82 114 138 115 69 70 86 119 103 82 59 51 35 27 26 26 26 26 28 33 32 30 30 32 37 47 53 34 26 24 24 24 25 29 37 34 29 34 43 38 37 42 44 45 49 47 43 40
146 153 149 159 160 147 143 123 91 86 82 83 82 89 89 95 120 114 125 102 107 88 99 120 126 107 110 111 113 108 99 116 55 62 119 123 94 82 105 111 128 115 98 93 74 40 31 28 29 30 30 31 33 36 36 37 42 47 50 50 31 26 25 26 28 38 51 50 40 30 33 39 42 38 36 39 44 48 48 43 41
155 133 140 123 148 148 141 122 89 83 80 83 80 82 100 89 98 103 106 85 83 103 136 116 120 122 126 117 100 77 90 92 55 69 115 97 72 103 118 122 113 114 103 111 95 48 34 33 38 34 35 42 40 42 41 45 50 52 57 44 28 27 28 38 50 68 73 63 39 30 36 38 42 42 36 36 38 42 45 44 44
164 163 150 131 115 104 96 89 85 81 79 77 81 79 83 83 95 82 93 92 84 114 134 109 95 94 91 77 73 73 79 55 70 109 98 72 97 117 124 109 107 101 115 109 94 44 34 39 48 45 48 46 45 48 50 55 56 65 62 42 30 31 32 50 66 78 77 50 31 31 37 42 39 39 40 41 39 36 40 44 44
151 163 146 138 153 139 106 86 83 80 78 78 76 89 85 91 85 87 96 83 117 109 121 119 90 77 95 76 61 62 56 55 73 107 81 93 106 120 119 104 87 86 98 114 88 45 33 41 48 54 52 51 50 50 51 59 71 66 53 40 38 38 44 69 82 79 50 31 30 37 41 40 40 41 42 43 43 39 36 39 42
143 155 148 136 119 115 95 86 82 79 78 76 76 86 82 82 73 75 81 113 110 116 125 103 105 75 89 79 66 63 66 54 60 81 98 108 114 112 97 94 73 71 89 99 91 49 34 35 43 57 55 54 54 51 53 60 59 52 42 38 40 50 64 77 83 48 30 29 35 43 40 40 44 45 46 45 45 44 39 37 38
130 133 112 106 97 91 90 84 83 79 78 76 75 77 74 72 73 72 85 100 91 104 104 84 85 82 66 64 63 58 61 55 68 69 86 104 111 104 88 77 57 53 79 79 82 47 33 35 44 54 59 61 58 56 54 52 49 45 40 45 56 64 74 79 54 30 29 33 40 42 41 43 46 51 50 48 46 44 40 37 37
128 112 104 99 94 89 86 83 81 79 76 74 74 74 71 79 80 73 75 73 84 79 74 76 74 68 65 61 57 60 64 58 61 73 77 89 84 86 82 60 52 64 71 71 70 48 34 39 43 45 48 57 61 54 52 54 48 49 56 63 61 60 67 67 34 29 30 34 39 42 43 46 51 55 51 50 49 47 43 38 39
120 141 129 100 92 89 86 84 82 80 77 74 73 72 78 80 73 71 66 78 86 67 74 68 63 63 62 71 70 63 58 68 79 74 79 73 57 56 57 50 73 90 76 63 71 65 40 41 42 45 47 51 54 51 51 61 56 60 63 62 60 60 62 48 34 32 33 37 40 42 45 52 54 54 55 54 54 49 46 39 38
146 146 147 114 95 95 91 84 82 81 85 91 99 94 97 106 73 70 65 66 78 66 64 61 61 59 64 89 79 68 63 78 70 70 67 62 54 52 51 64 82 82 71 60 71 68 44 41 44 44 49 57 59 57 62 70 68 65 70 68 58 48 42 39 38 38 37 39 42 46 49 54 58 57 58 56 50 45 42 40 40
156 137 131 135 107 96 98 85 82 98 121 126 123 116 84 92 71 66 65 63 62 62 61 61 60 60 70 72 77 74 62 73 65 63 64 57 54 53 59 65 75 70 56 53 58 53 47 45 45 46 48 52 62 67 74 75 69 74 74 66 53 49 47 47 46 45 45 44 46 48 53 58 58 61 61 58 55 50 46 -9999 -9999
145 145 127 147 112 90 87 86 87 118 125 128 113 92 78 87 72 64 63 63 62 63 61 61 59 64 70 66 67 67 58 64 64 59 56 56 55 63 60 73 64 59 58 59 59 53 51 50 50 49 50 50 53 61 75 76 76 77 73 64 52 51 48 47 49 48 48 48 49 52 54 59 64 65 66 64 61 59 52 -9999 -9999
144 135 112 112 99 91 92 88 91 113 125 130 116 92 79 74 68 65 63 62 64 68 67 62 60 60 64 63 60 62 58 58 57 56 56 57 57 60 69 74 64 61 58 59 59 57 54 54 56 54 52 52 53 59 66 73 78 76 72 61 61 58 55 54 55 56 56 54 54 56 59 60 67 69 71 72 54 49 48 -9999 -9999
143 141 109 97 94 91 90 87 91 119 123 109 106 81 88 80 77 69 63 62 63 68 67 63 61 59 60 61 59 58 57 56 55 55 58 64 59 63 63 71 67 59 55 56 57 56 56 56 56 56 56 54 56 55 64 65 69 72 71 65 62 59 57 55 55 58 58 58 59 61 60 64 71 74 74 76 64 68 57 51 50
142 123 101 98 98 92 88 85 83 89 94 89 82 79 84 84 78 67 63 65 65 63 66 63 62 61 60 59 59 58 56 55 54 53 56 57 62 61 62 64 60 59 59 59 58 58 58 58 58 58 57 56 54 56 63 64 65 64 62 60 60 60 60 60 60 61 60 59 60 60 63 67 72 78 76 81 78 62 48 50 48
134 111 104 112 98 94 87 84 81 79 79 79 81 80 76 82 72 65 63 69 73 63 62 61 64 67 63 60 59 58 56 54 53 52 51 53 58 56 58 64 58 59 58 57 57 58 59 59 65 65 58 56 53 52 54 60 66 66 62 62 62 63 64 65 67 71 67 48 47 51 49 51 61 80 77 63 69 58 56 51 55
113 114 116 101 97 89 86 83 80 77 75 76 76 73 70 73 72 65 64 69 71 62 61 61 66 74 72 66 60 59 57 55 53 51 51 53 56 56 55 57 56 57 57 57 58 60 60 67 72 64 58 56 56 51 48 49 54 61 62 61 65 67 65 68 69 70 52 38 40 44 50 60 56 63 61 52 58 68 59 58 49
122 109 100 97 93 88 85 83 79 76 75 74 72 71 71 70 67 65 64 69 72 65 61 62 69 76 74 78 72 62 57 56 55 53 52 52 55 55 55 55 57 57 58 59 59 61 71 77 69 62 55 54 53 49 47 49 49 51 53 60 69 71 68 60 55 46 42 41 50 58 57 60 53 56 -9999 -9999 -9999 -9999 -9999 -9999 -9999
107 103 99 95 92 88 85 83 79 76 76 75 79 73 71 69 67 65 63 65 67 68 61 61 69 76 72 79 82 80 75 69 65 58 54 54 55 56 57 56 58 58 59 60 59 63 71 65 64 56 50 49 48 46 51 54 47 46 50 66 69 69 67 57 50 46 45 48 55 53 -9999 -9999 -9999 -9999 -9999 -9999 -9999 -9999 -9999 -9999 -9999
106 102 98 95 92 89 85 83 81 78 77 75 77 74 71 70 67 64 63 62 61 61 61 61 64 71 79 82 82 81 77 76 73 69 70 65 57 57 59 58 59 60 60 61 59 64 62 59 54 50 47 44 43 47 50 47 47 49 54 61 62 61 59 52 49 52 57 52 51 -9999 -9999 -9999 -9999 -9999 -9999 -9999 -9999 -9999 -9999 -9999 -9999
105 102 98 95 92 89 86 84 83 80 79 77 76 74 73 71 68 64 62 61 60 60 59 60 61 64 69 71 81 84 83 82 79 78 73 73 64 59 60 60 61 60 64 64 61 61 59 55 51 48 44 42 41 43 44 46 51 57 49 50 54 51 51 52 60 61 62 52 48 -9999 -9999 -9999 -9999 -9999 -9999 -9999 -9999 -9999 -9999 -9999 -9999
105 101 98 95 92 89 87 86 83 81 80 80 78 76 75 73 69 65 62 61 60 59 59 59 63 62 64 69 79 83 84 85 81 74 69 66 64 62 65 66 63 63 64 63 62 61 58 55 51 46 43 40 39 40 43 46 51 53 48 45 46 47 48 53 67 65 55 52 -9999 -9999 -9999 -9999 -9999 -9999 -9999 -9999 -9999 -9999 -9999 -9999 -9999
104 101 98 96 93 91 89 87 84 82 87 87 82 78 77 75 72 67 64 62 61 59 57 59 62 63 63 64 71 73 82 81 73 70 71 68 65 65 69 72 67 66 67 68 66 62 59 56 53 47 43 40 39 39 40 44 49 50 47 45 45 49 50 60 66 62 58 53 -9999 -9999 -9999 -9999 -9999 -9999 -9999 -9999 -9999 -9999 -9999 -9999 -9999
105 -9999 -9999 -9999 94 92 90 88 85 88 94 87 80 80 79 77 74 70 66 64 62 61 60 60 62 66 64 65 69 68 70 69 70 72 71 67 68 71 72 72 71 69 69 69 71 73 67 59 55 49 44 41 41 41 41 42 46 45 43 45 48 57 51 53 53 55 52 -9999 -9999 -9999 -9999 -9999 -9999 -9999 -9999 -9999 -9999 -9999 -9999 -9999 -9999
-9999 -9999 -9999 -9999 -9999 -9999 90 88 87 85 88 92 83 81 80 79 75 71 68 66 64 62 61 61 62 64 63 64 66 69 69 70 71 71 68 69 78 78 75 79 78 76 74 73 72 71 72 70 63 55 49 45 44 44 44 44 43 45 44 47 50 52 52 51 50 -9999 -9999 -9999 -9999 -9999 -9999 -9999 -9999 -9999 -9999 -9999 -9999 -9999 -9999 -9999 -9999
-9999 -9999 -9999 -9999 -9999 -9999 -9999 88 87 85 88 88 82 80 78 77 75 72 69 67 65 64 63 63 63 63 64 66 67 68 69 69 70 68 68 69 74 79 77 77 82 83 81 81 75 75 76 73 74 76 73 64 51 48 46 45 44 45 46 49 52 51 51 -9999 -9999 -9999 -9999 -9999 -9999 -9999 -9999 -9999 -9999 -9999 -9999 -9999 -9999 -9999 -9999 -9999 -9999
-9999 -9999 -9999 -9999 -9999 -9999 -9999 89 87 86 85 85 83 79 77 75 75 73 70 68 67 65 64 64 63 63 65 66 67 68 69 70 69 67 68 70 74 77 82 84 85 87 90 84 78 79 82 80 78 79 76 70 65 61 51 49 48 48 49 52 52 50 -9999 -9999 -9999 -9999 -9999 -9999 -9999 -9999 -9999 -9999 -9999 -9999 -9999 -9999 -9999 -9999 -9999 -9999 -9999
-9999 -9999 -9999 -9999 -9999 -9999 -9999 -9999 87 85 84 82 81 79 78 75 75 73 71 69 68 67 66 65 64 64 65 66 67 68 69 70 69 68 69 72 75 77 82 88 93 86 85 83 84 85 83 81 83 76 68 72 73 68 64 58 53 52 50 -9999 -9999 -9999 -9999 -9999 -9999 -9999 -9999 -9999 -9999 -9999 -9999 -9999 -9999 -9999 -9999 -9999 -9999 -9999 -9999 -9999 -9999
-9999 -9999 -9999 -9999 -9999 -9999 -9999 -9999 -9999 84 83 81 80 -9999 -9999 77 -9999 -9999 -9999 69 69 68 67 66 64 64 65 66 67 68 69 70 70 69 74 78 79 83 85 86 88 89 87 89 87 89 89 86 81 81 76 69 72 69 65 62 61 57 -9999 -9999 -9999 -9999 -9999 -9999 -9999 -9999 -9999 -9999 -9999 -9999 -9999 -9999 -9999 -9999 -9999 -9999 -9999 -9999 -9999 -9999 -9999
-9999 -9999 -9999 -9999 -9999 -9999 -9999 -9999 -9999 -9999 -9999 78 -9999 -9999 -9999 -9999 -9999 -9999 -9999 -9999 69 69 68 67 66 65 66 67 68 69 70 70 71 72 75 80 85 88 92 89 90 91 91 93 89 92 93 88 89 83 79 77 72 69 66 65 64 62 59 -9999 -9999 -9999 -9999 -9999 -9999 -9999 -9999 -9999 -9999 -9999 -9999 -9999 -9999 -9999 -9999 -9999 -9999 -9999 -9999 -9999 -9999
-9999 -9999 -9999 -9999 -9999 -9999 -9999 -9999 -9999 -9999 -9999 -9999 -9999 -9999 -9999 -9999 -9999 -9999 -9999 -9999 69 69 68 67 66 66 66 67 68 69 70 71 71 74 77 81 86 89 93 94 95 94 93 93 90 87 90 86 85 85 80 78 73 72 70 67 64 63 -9999 -9999 -9999 -9999 -9999 -9999 -9999 -9999 -9999 -9999 -9999 -9999 -9999 -9999 -9999 -9999 -9999 -9999 -9999 -9999 -9999 -9999 -9999
