Electronic Materials (Flash Drives)/data/NZclimate/2050/ccsm_4_2050/bio14nz.asc
ncols         384
nrows         384
xllcorner     164
yllcorner     -49
cellsize      0.041666666666667
NODATA_value  -9999
[rows 180 to 215 of 384, columns 162 to 242 of 384]
-9999 -9999 -9999 -9999 -9999 -9999 -9999 -9999 -9999 -9999 -9999 -9999 -9999 -9999 -9999 -9999 -9999 -9999 -9999 -9999 -9999 -9999 -9999 -9999 -9999 -9999 -9999 -9999 -9999 -9999 -9999 -9999 -9999 -9999 -9999 -9999 -9999 -9999 -9999 -9999 -9999 -9999 -9999 -9999 128 126 126 118 112 108 104 101 97 94 -9999 -9999 -9999 -9999 -9999 -9999 -9999 -9999 -9999 -9999 -9999 -9999 -9999 -9999 -9999 -9999 -9999 -9999 -9999 -9999 -9999 -9999 -9999 -9999 -9999 -9999 -9999
-9999 -9999 -9999 -9999 -9999 -9999 -9999 -9999 -9999 -9999 -9999 -9999 -9999 -9999 -9999 -9999 -9999 -9999 -9999 -9999 -9999 -9999 -9999 -9999 -9999 -9999 -9999 -9999 -9999 -9999 -9999 -9999 -9999 -9999 -9999 -9999 -9999 -9999 -9999 -9999 -9999 -9999 -9999 130 127 131 130 118 -9999 -9999 -9999 -9999 -9999 92 92 -9999 -9999 -9999 -9999 -9999 -9999 -9999 -9999 -9999 -9999 -9999 -9999 -9999 -9999 -9999 -9999 -9999 -9999 -9999 -9999 -9999 -9999 -9999 -9999 -9999 -9999
-9999 -9999 -9999 -9999 -9999 -9999 -9999 -9999 -9999 -9999 -9999 -9999 -9999 -9999 -9999 -9999 -9999 -9999 -9999 -9999 -9999 -9999 -9999 -9999 -9999 -9999 -9999 -9999 -9999 -9999 -9999 -9999 -9999 -9999 -9999 -9999 -9999 -9999 -9999 -9999 -9999 138 134 133 138 140 129 -9999 -9999 -9999 -9999 -9999 -9999 -9999 -9999 -9999 -9999 -9999 -9999 -9999 -9999 -9999 -9999 -9999 -9999 -9999 -9999 -9999 -9999 -9999 -9999 -9999 -9999 -9999 -9999 -9999 -9999 -9999 -9999 -9999 -9999
-9999 -9999 -9999 -9999 -9999 -9999 -9999 -9999 -9999 -9999 -9999 -9999 -9999 -9999 -9999 -9999 -9999 -9999 -9999 -9999 -9999 -9999 -9999 -9999 -9999 -9999 -9999 -9999 -9999 -9999 -9999 -9999 -9999 -9999 -9999 -9999 -9999 -9999 -9999 124 130 134 144 149 144 140 129 -9999 -9999 -9999 -9999 -9999 -9999 -9999 -9999 -9999 -9999 -9999 -9999 -9999 -9999 -9999 -9999 -9999 -9999 -9999 -9999 -9999 -9999 -9999 -9999 -9999 -9999 -9999 -9999 -9999 -9999 -9999 -9999 -9999 -9999
-9999 -9999 -9999 -9999 -9999 -9999 -9999 -9999 -9999 -9999 -9999 -9999 -9999 -9999 -9999 -9999 -9999 -9999 -9999 -9999 -9999 -9999 -9999 -9999 -9999 -9999 -9999 -9999 -9999 -9999 -9999 -9999 -9999 -9999 -9999 -9999 -9999 -9999 122 126 137 146 150 149 147 140 136 -9999 -9999 -9999 -9999 -9999 -9999 -9999 -9999 -9999 -9999 -9999 -9999 -9999 -9999 -9999 -9999 -9999 -9999 -9999 -9999 -9999 -9999 -9999 -9999 -9999 -9999 -9999 -9999 -9999 -9999 46 -9999 -9999 -9999
-9999 -9999 -9999 -9999 -9999 -9999 -9999 -9999 -9999 -9999 -9999 -9999 -9999 -9999 -9999 -9999 -9999 -9999 -9999 -9999 -9999 -9999 -9999 -9999 -9999 -9999 -9999 -9999 -9999 -9999 -9999 -9999 -9999 -9999 -9999 -9999 -9999 121 131 143 148 149 146 162 158 151 139 129 -9999 -9999 -9999 -9999 -9999 -9999 -9999 -9999 -9999 -9999 -9999 -9999 -9999 -9999 -9999 -9999 -9999 -9999 -9999 -9999 -9999 -9999 -9999 -9999 -9999 -9999 52 -9999 50 -9999 -9999 -9999 -9999
-9999 -9999 -9999 -9999 -9999 -9999 -9999 -9999 -9999 -9999 -9999 -9999 -9999 -9999 -9999 -9999 -9999 -9999 -9999 -9999 -9999 -9999 -9999 -9999 -9999 -9999 -9999 -9999 -9999 -9999 -9999 -9999 -9999 -9999 -9999 131 132 136 144 149 149 147 155 173 160 147 140 130 120 -9999 -9999 -9999 -9999 89 -9999 -9999 -9999 -9999 -9999 -9999 -9999 -9999 -9999 -9999 -9999 -9999 -9999 -9999 -9999 -9999 -9999 -9999 -9999 56 54 54 52 52 -9999 -9999 -9999
-9999 -9999 -9999 -9999 -9999 -9999 -9999 -9999 -9999 -9999 -9999 -9999 -9999 -9999 -9999 -9999 -9999 -9999 -9999 -9999 -9999 -9999 -9999 -9999 -9999 -9999 -9999 -9999 -9999 -9999 -9999 -9999 -9999 122 142 151 148 149 149 150 148 152 163 150 141 135 134 132 119 107 -9999 94 94 99 87 -9999 -9999 -9999 -9999 -9999 -9999 -9999 -9999 -9999 -9999 -9999 -9999 -9999 -9999 -9999 -9999 -9999 -9999 59 61 58 57 -9999 -9999 -9999 -9999
-9999 -9999 -9999 -9999 -9999 -9999 -9999 -9999 -9999 -9999 -9999 -9999 -9999 -9999 -9999 -9999 -9999 -9999 -9999 -9999 -9999 -9999 -9999 -9999 -9999 -9999 -9999 -9999 -9999 -9999 -9999 -9999 -9999 139 154 159 153 152 154 148 147 149 142 140 140 135 136 130 119 108 103 111 107 100 89 88 -9999 -9999 -9999 -9999 -9999 -9999 -9999 -9999 -9999 -9999 -9999 -9999 -9999 -9999 -9999 -9999 64 63 62 62 -9999 -9999 -9999 -9999 -9999
-9999 -9999 -9999 -9999 -9999 -9999 -9999 -9999 -9999 -9999 -9999 -9999 -9999 -9999 -9999 -9999 -9999 -9999 -9999 -9999 -9999 -9999 -9999 -9999 -9999 -9999 -9999 -9999 -9999 -9999 -9999 -9999 140 147 149 148 150 151 147 150 144 143 146 153 154 146 130 128 119 110 113 118 117 103 100 88 -9999 -9999 -9999 -9999 -9999 -9999 -9999 -9999 -9999 -9999 -9999 -9999 -9999 -9999 -9999 -9999 67 67 65 -9999 65 64 64 62 -9999
-9999 -9999 -9999 -9999 -9999 -9999 -9999 -9999 -9999 -9999 -9999 -9999 -9999 -9999 -9999 -9999 -9999 -9999 -9999 -9999 -9999 -9999 -9999 -9999 -9999 -9999 -9999 -9999 -9999 -9999 -9999 -9999 141 132 137 142 144 146 151 155 141 142 150 152 138 141 137 124 119 111 114 118 120 109 100 86 -9999 -9999 -9999 -9999 -9999 -9999 -9999 -9999 -9999 -9999 -9999 -9999 -9999 -9999 -9999 -9999 71 70 71 70 68 67 66 68 -9999
-9999 -9999 -9999 -9999 -9999 -9999 -9999 -9999 -9999 -9999 -9999 -9999 -9999 -9999 -9999 -9999 -9999 -9999 -9999 -9999 -9999 -9999 -9999 -9999 -9999 -9999 -9999 -9999 -9999 -9999 -9999 -9999 127 139 144 156 147 150 153 147 142 139 141 153 149 156 134 119 116 111 113 115 109 99 96 85 -9999 -9999 -9999 -9999 -9999 -9999 -9999 -9999 -9999 -9999 -9999 -9999 -9999 -9999 -9999 -9999 76 74 74 73 72 73 71 70 -9999
-9999 -9999 -9999 -9999 -9999 -9999 -9999 -9999 -9999 -9999 -9999 -9999 -9999 -9999 -9999 -9999 -9999 -9999 -9999 -9999 -9999 -9999 -9999 -9999 -9999 -9999 -9999 -9999 -9999 -9999 -9999 -9999 131 155 169 159 153 162 150 156 150 161 141 157 148 135 133 117 113 108 112 108 101 92 87 -9999 -9999 -9999 -9999 -9999 -9999 -9999 -9999 -9999 -9999 -9999 -9999 -9999 -9999 -9999 82 81 80 79 77 79 79 74 74 73 71
-9999 -9999 -9999 -9999 -9999 -9999 -9999 -9999 -9999 -9999 -9999 -9999 -9999 -9999 -9999 -9999 -9999 -9999 -9999 -9999 -9999 -9999 -9999 -9999 -9999 -9999 -9999 -9999 -9999 -9999 -9999 -9999 134 158 159 151 155 157 158 152 142 151 154 145 141 134 125 115 109 106 110 102 97 89 84 -9999 -9999 -9999 -9999 -9999 -9999 -9999 -9999 -9999 -9999 -9999 -9999 91 88 89 85 83 83 82 79 81 80 80 78 76 74
-9999 -9999 -9999 -9999 -9999 -9999 -9999 -9999 -9999 -9999 -9999 -9999 -9999 -9999 -9999 -9999 -9999 -9999 -9999 -9999 -9999 -9999 -9999 -9999 -9999 -9999 -9999 -9999 -9999 -9999 -9999 -9999 129 143 140 142 149 152 156 152 154 133 152 144 145 138 121 113 111 115 111 104 91 83 80 -9999 -9999 -9999 -9999 -9999 -9999 -9999 -9999 -9999 -9999 -9999 91 91 89 89 85 84 86 80 82 84 80 84 79 77 81
-9999 -9999 -9999 -9999 -9999 -9999 -9999 -9999 -9999 -9999 -9999 -9999 -9999 -9999 -9999 -9999 -9999 -9999 -9999 -9999 -9999 -9999 -9999 -9999 -9999 -9999 -9999 -9999 -9999 -9999 -9999 -9999 123 140 131 140 146 142 155 145 149 129 141 142 143 130 118 119 118 116 108 94 85 77 75 -9999 -9999 -9999 -9999 -9999 -9999 -9999 -9999 90 92 92 92 90 90 85 83 83 84 83 84 82 78 82 79 78 76
-9999 -9999 -9999 -9999 -9999 -9999 -9999 -9999 -9999 -9999 -9999 -9999 -9999 -9999 -9999 -9999 -9999 -9999 -9999 -9999 -9999 -9999 -9999 -9999 -9999 -9999 -9999 -9999 -9999 -9999 -9999 -9999 115 125 127 130 145 132 132 138 126 129 141 131 123 131 129 123 109 98 90 83 80 75 73 70 -9999 -9999 -9999 -9999 -9999 -9999 87 90 92 92 88 93 96 89 89 82 84 80 80 81 81 86 86 81 77
-9999 -9999 -9999 -9999 -9999 -9999 -9999 -9999 -9999 -9999 -9999 -9999 -9999 -9999 -9999 -9999 -9999 -9999 -9999 -9999 -9999 -9999 -9999 -9999 -9999 -9999 -9999 -9999 -9999 -9999 -9999 -9999 112 117 119 128 128 138 142 136 137 123 120 119 120 131 142 114 99 87 92 81 79 73 70 69 65 -9999 -9999 -9999 -9999 86 88 90 87 86 84 98 97 88 85 81 84 79 82 80 78 82 82 82 77
-9999 -9999 -9999 -9999 -9999 -9999 -9999 -9999 -9999 -9999 -9999 -9999 -9999 -9999 -9999 -9999 -9999 -9999 -9999 -9999 -9999 -9999 -9999 -9999 -9999 -9999 -9999 -9999 -9999 -9999 -9999 -9999 114 113 116 135 122 132 142 140 130 119 123 136 133 123 115 110 98 87 85 80 79 74 70 66 65 70 75 80 82 86 88 88 86 88 90 94 93 93 85 84 81 77 76 75 76 75 77 72 72
-9999 -9999 -9999 -9999 -9999 -9999 -9999 -9999 -9999 -9999 -9999 -9999 -9999 -9999 -9999 -9999 -9999 -9999 -9999 -9999 -9999 -9999 -9999 -9999 -9999 -9999 -9999 -9999 -9999 -9999 -9999 113 113 114 127 138 126 142 145 134 123 125 124 130 137 112 97 93 90 81 83 82 81 82 76 68 66 70 74 79 84 85 85 84 84 87 91 90 87 85 81 77 77 75 73 72 70 70 70 70 70
-9999 -9999 -9999 -9999 -9999 -9999 -9999 -9999 -9999 -9999 -9999 -9999 -9999 -9999 -9999 -9999 -9999 -9999 -9999 -9999 -9999 -9999 -9999 -9999 -9999 -9999 -9999 -9999 -9999 -9999 -9999 113 112 115 117 128 144 141 146 148 127 134 125 129 131 113 97 91 87 80 84 91 87 83 77 69 67 71 78 82 85 84 85 83 83 83 80 80 82 82 75 76 74 73 71 69 63 66 69 66 69
-9999 -9999 -9999 -9999 -9999 -9999 -9999 -9999 -9999 -9999 -9999 -9999 -9999 -9999 -9999 -9999 -9999 -9999 -9999 -9999 -9999 -9999 -9999 -9999 -9999 -9999 -9999 -9999 -9999 -9999 118 120 114 112 121 147 149 149 139 135 137 140 133 131 122 109 96 83 89 79 87 93 89 81 71 68 70 73 80 81 84 83 82 81 80 79 78 76 76 75 76 72 69 67 64 65 60 60 58 60 -9999
-9999 -9999 -9999 -9999 -9999 -9999 -9999 -9999 -9999 -9999 -9999 -9999 -9999 -9999 -9999 -9999 -9999 -9999 -9999 -9999 -9999 -9999 -9999 -9999 -9999 -9999 -9999 -9999 -9999 126 131 124 118 119 137 151 140 138 143 143 138 128 125 116 111 105 106 87 90 89 89 92 84 75 73 74 77 81 84 84 88 82 80 86 80 85 77 76 74 72 71 69 65 64 59 52 49 46 47 -9999 -9999
-9999 -9999 -9999 -9999 -9999 -9999 -9999 -9999 -9999 -9999 -9999 -9999 -9999 -9999 -9999 -9999 -9999 -9999 -9999 -9999 -9999 -9999 -9999 -9999 -9999 -9999 -9999 -9999 121 129 134 133 134 147 133 145 135 135 137 140 133 125 127 119 120 110 102 92 101 88 89 93 84 82 85 83 83 84 83 88 92 87 85 90 77 75 73 71 70 68 68 64 58 52 47 43 41 40 41 -9999 -9999
-9999 -9999 -9999 -9999 -9999 -9999 -9999 -9999 -9999 -9999 -9999 -9999 -9999 -9999 -9999 -9999 -9999 -9999 -9999 -9999 -9999 -9999 -9999 -9999 -9999 -9999 -9999 -9999 126 125 138 137 135 131 117 125 128 137 142 136 135 132 139 139 129 115 107 100 100 95 93 95 88 91 92 88 86 86 90 91 87 87 76 74 73 70 69 67 66 65 63 58 52 47 42 39 38 38 39 40 40
-9999 -9999 -9999 -9999 -9999 -9999 -9999 -9999 -9999 -9999 -9999 -9999 -9999 -9999 -9999 -9999 -9999 -9999 -9999 -9999 -9999 -9999 -9999 -9999 -9999 -9999 -9999 133 133 127 129 148 147 133 114 128 147 146 136 127 138 128 142 129 130 117 109 106 101 99 99 91 96 97 94 101 86 85 85 83 81 84 78 71 68 66 65 63 62 61 58 53 49 46 42 39 40 46 41 39 42
-9999 -9999 -9999 -9999 -9999 -9999 -9999 -9999 -9999 -9999 -9999 -9999 -9999 -9999 -9999 -9999 -9999 -9999 -9999 -9999 -9999 -9999 -9999 -9999 -9999 -9999 130 136 136 134 143 168 156 140 117 126 137 141 129 137 131 123 119 122 124 114 112 110 102 101 101 95 103 99 99 106 86 82 80 85 77 74 70 67 66 64 63 62 60 58 53 49 48 48 48 50 44 47 46 43 40
-9999 -9999 -9999 -9999 -9999 -9999 -9999 -9999 -9999 -9999 -9999 -9999 -9999 -9999 -9999 -9999 -9999 -9999 -9999 -9999 -9999 -9999 -9999 -9999 -9999 133 150 151 146 135 136 161 151 133 132 142 143 135 126 133 119 113 112 121 120 113 111 110 105 102 100 98 96 92 106 106 84 83 77 75 73 71 69 67 65 64 62 60 57 54 52 52 53 57 57 56 52 45 40 37 37
-9999 -9999 -9999 -9999 -9999 -9999 -9999 -9999 -9999 -9999 -9999 -9999 -9999 -9999 -9999 -9999 -9999 -9999 -9999 -9999 -9999 -9999 -9999 136 135 144 170 161 144 137 141 158 145 148 142 140 133 119 117 123 109 107 112 121 114 111 111 110 108 104 102 98 98 91 99 94 82 79 77 74 72 70 69 67 65 61 59 58 55 54 57 55 53 62 51 46 42 38 37 35 35
-9999 -9999 -9999 -9999 -9999 -9999 -9999 -9999 -9999 -9999 -9999 -9999 -9999 -9999 -9999 -9999 -9999 149 -9999 146 144 141 139 138 147 159 165 153 141 138 140 144 153 149 129 130 136 124 111 107 109 121 124 112 113 113 110 108 107 104 100 97 98 90 88 83 82 77 75 72 73 69 77 66 61 60 61 58 54 55 58 62 70 68 49 43 42 42 39 36 35
-9999 -9999 -9999 -9999 -9999 -9999 -9999 -9999 -9999 -9999 -9999 -9999 -9999 -9999 -9999 -9999 150 150 148 146 143 142 144 168 169 163 153 137 139 139 126 142 130 121 112 111 105 101 107 104 118 114 115 116 113 112 111 108 106 103 96 96 92 89 93 93 80 77 74 71 79 101 73 61 66 60 67 55 56 70 67 70 77 54 45 46 50 49 49 45 37
-9999 -9999 -9999 -9999 -9999 -9999 -9999 -9999 -9999 -9999 -9999 -9999 -9999 -9999 -9999 -9999 149 148 146 146 144 141 160 161 148 151 140 134 134 134 130 127 124 123 118 110 112 103 105 102 112 104 115 117 111 111 109 106 103 101 99 103 91 93 105 87 77 88 72 70 92 83 63 66 62 64 60 62 67 80 63 53 49 48 48 50 52 48 44 42 38
-9999 -9999 -9999 -9999 -9999 -9999 -9999 -9999 -9999 -9999 -9999 -9999 -9999 -9999 -9999 -9999 146 146 146 148 164 177 156 145 145 135 134 132 130 126 133 153 146 129 123 111 110 105 116 109 117 104 113 114 112 106 107 106 113 104 109 103 92 110 105 102 80 85 72 107 97 71 62 72 62 76 62 58 61 64 52 51 54 52 59 60 61 52 45 46 41
-9999 -9999 -9999 -9999 -9999 -9999 -9999 -9999 -9999 -9999 -9999 -9999 -9999 -9999 -9999 -9999 146 147 148 158 184 200 168 169 149 141 143 129 127 125 138 161 154 129 134 113 113 105 117 114 118 108 112 111 110 104 104 127 120 100 118 99 98 115 99 87 103 73 87 102 76 78 81 74 78 70 65 54 51 52 54 64 64 62 60 53 55 52 50 44 41
-9999 -9999 -9999 -9999 -9999 -9999 -9999 -9999 -9999 -9999 -9999 -9999 -9999 -9999 -9999 145 156 150 151 185 205 190 165 187 152 153 142 125 125 127 148 161 143 133 113 120 120 113 117 122 116 116 108 113 112 106 108 128 113 102 111 91 100 103 109 94 84 75 91 103 100 98 91 67 62 61 55 53 65 66 70 96 63 57 53 53 54 52 54 44 40
-9999 -9999 -9999 -9999 -9999 -9999 -9999 -9999 -9999 -9999 -9999 -9999 -9999 -9999 -9999 152 164 152 155 197 206 178 188 188 174 149 127 122 124 143 163 159 150 135 111 124 142 120 114 115 109 106 105 121 119 110 109 124 107 116 106 89 103 119 116 101 97 105 93 101 91 97 94 68 55 59 57 63 115 126 106 77 58 53 52 58 53 48 45 42 -9999
