Electronic Materials (Flash Drives)/data/NZclimate/2050/ccsm_4_2050/bio14nz.asc
ncols         384
nrows         384
xllcorner     164
yllcorner     -49
cellsize      0.041666666666667
NODATA_value  -9999
[rows 252 to 287 of 384, columns 81 to 161 of 384]
-9999 -9999 -9999 -9999 -9999 -9999 -9999 -9999 -9999 -9999 -9999 -9999 -9999 -9999 -9999 -9999 -9999 -9999 -9999 -9999 -9999 -9999 -9999 -9999 -9999 -9999 -9999 -9999 -9999 -9999 -9999 -9999 -9999 -9999 -9999 -9999 -9999 -9999 -9999 -9999 -9999 -9999 -9999 -9999 -9999 -9999 -9999 -9999 -9999 -9999 -9999 -9999 -9999 -9999 -9999 281 280 274 272 265 286 271 268 246 236 224 219 232 224 220 207 219 192 199 142 158 182 165 163 145 122
-9999 -9999 -9999 -9999 -9999 -9999 -9999 -9999 -9999 -9999 -9999 -9999 -9999 -9999 -9999 -9999 -9999 -9999 -9999 -9999 -9999 -9999 -9999 -9999 -9999 -9999 -9999 -9999 -9999 -9999 -9999 -9999 -9999 -9999 -9999 -9999 -9999 -9999 -9999 -9999 -9999 -9999 -9999 -9999 -9999 -9999 -9999 -9999 -9999 -9999 -9999 -9999 -9999 285 285 281 279 275 262 284 258 243 257 246 232 215 241 229 193 200 213 184 183 174 132 160 177 135 167 155 170
-9999 -9999 -9999 -9999 -9999 -9999 -9999 -9999 -9999 -9999 -9999 -9999 -9999 -9999 -9999 -9999 -9999 -9999 -9999 -9999 -9999 -9999 -9999 -9999 -9999 -9999 -9999 -9999 -9999 -9999 -9999 -9999 -9999 -9999 -9999 -9999 -9999 -9999 -9999 -9999 -9999 -9999 -9999 -9999 -9999 -9999 -9999 -9999 -9999 339 336 314 305 285 285 278 300 277 279 269 262 245 228 220 212 220 236 199 191 205 171 182 199 172 120 139 171 124 155 139 169
-9999 -9999 -9999 -9999 -9999 -9999 -9999 -9999 -9999 -9999 -9999 -9999 -9999 -9999 -9999 -9999 -9999 -9999 -9999 -9999 -9999 -9999 -9999 -9999 -9999 -9999 -9999 -9999 -9999 -9999 -9999 -9999 -9999 -9999 -9999 -9999 -9999 -9999 -9999 -9999 -9999 -9999 -9999 -9999 -9999 -9999 -9999 357 360 350 350 319 305 287 301 292 275 249 268 258 239 233 233 227 206 203 200 191 179 173 185 189 159 171 109 133 147 118 101 138 158
-9999 -9999 -9999 -9999 -9999 -9999 -9999 -9999 -9999 -9999 -9999 -9999 -9999 -9999 -9999 -9999 -9999 -9999 -9999 -9999 -9999 -9999 -9999 -9999 -9999 -9999 -9999 -9999 -9999 -9999 -9999 -9999 -9999 -9999 -9999 -9999 -9999 -9999 -9999 -9999 -9999 -9999 -9999 -9999 348 356 363 360 358 349 340 325 313 301 282 258 259 254 244 246 231 220 217 223 216 203 190 184 189 188 186 177 143 170 130 80 95 80 119 150 131
-9999 -9999 -9999 -9999 -9999 -9999 -9999 -9999 -9999 -9999 -9999 -9999 -9999 -9999 -9999 -9999 -9999 -9999 -9999 -9999 -9999 -9999 -9999 -9999 -9999 -9999 -9999 -9999 -9999 -9999 -9999 -9999 -9999 -9999 -9999 -9999 -9999 -9999 -9999 -9999 -9999 -9999 339 352 357 353 353 345 348 340 331 315 276 262 284 272 249 234 231 222 222 207 210 207 193 205 176 169 181 158 177 174 132 161 155 77 65 75 123 148 121
-9999 -9999 -9999 -9999 -9999 -9999 -9999 -9999 -9999 -9999 -9999 -9999 -9999 -9999 -9999 -9999 -9999 -9999 -9999 -9999 -9999 -9999 -9999 -9999 -9999 -9999 -9999 -9999 -9999 -9999 -9999 -9999 -9999 -9999 -9999 -9999 -9999 -9999 -9999 -9999 -9999 330 335 347 340 345 343 340 317 274 302 307 288 270 254 234 234 227 220 214 209 204 203 198 197 172 154 171 160 159 178 160 120 155 137 77 59 74 117 137 141
-9999 -9999 -9999 -9999 -9999 -9999 -9999 -9999 -9999 -9999 -9999 -9999 -9999 -9999 -9999 -9999 -9999 -9999 -9999 -9999 -9999 -9999 -9999 -9999 -9999 -9999 -9999 -9999 -9999 -9999 -9999 -9999 -9999 -9999 -9999 -9999 -9999 -9999 -9999 -9999 320 323 325 335 330 305 297 308 299 283 270 283 260 236 236 231 223 219 210 204 203 196 190 190 179 148 126 148 135 166 165 138 104 124 110 60 56 66 97 123 149
-9999 -9999 -9999 -9999 -9999 -9999 -9999 -9999 -9999 -9999 -9999 -9999 -9999 -9999 -9999 -9999 -9999 -9999 -9999 -9999 -9999 -9999 -9999 -9999 -9999 -9999 -9999 -9999 -9999 -9999 -9999 -9999 -9999 -9999 -9999 -9999 -9999 -9999 308 310 313 312 320 304 289 298 286 268 255 251 242 243 237 230 226 217 212 203 207 204 193 195 173 191 169 128 102 106 129 146 153 121 118 67 59 53 53 68 120 128 139
-9999 -9999 -9999 -9999 -9999 -9999 -9999 -9999 -9999 -9999 -9999 -9999 -9999 -9999 -9999 -9999 -9999 -9999 -9999 -9999 -9999 -9999 -9999 -9999 -9999 -9999 -9999 -9999 -9999 -9999 -9999 -9999 -9999 -9999 -9999 -9999 301 301 301 301 301 304 287 296 284 271 273 248 244 248 238 255 244 228 214 208 199 201 193 182 180 180 158 194 173 117 85 85 107 115 108 94 76 60 51 49 52 74 119 111 90
-9999 -9999 -9999 -9999 -9999 -9999 -9999 -9999 -9999 -9999 -9999 -9999 -9999 -9999 -9999 -9999 -9999 -9999 -9999 -9999 -9999 -9999 -9999 -9999 -9999 -9999 -9999 -9999 -9999 -9999 -9999 -9999 -9999 -9999 290 292 292 290 289 290 280 280 287 280 273 283 276 266 248 251 252 248 229 217 209 199 200 196 179 169 189 149 153 185 159 116 71 63 78 88 80 72 60 51 46 46 52 89 123 103 64
-9999 -9999 -9999 -9999 -9999 -9999 -9999 -9999 -9999 -9999 -9999 -9999 -9999 -9999 -9999 -9999 -9999 -9999 -9999 -9999 -9999 -9999 -9999 -9999 -9999 -9999 -9999 308 307 304 296 291 287 285 284 283 280 275 270 267 271 255 254 267 261 242 245 245 254 249 235 215 210 204 199 200 184 187 156 172 186 120 158 171 170 119 60 52 53 60 61 56 54 45 44 43 50 80 86 65 58
-9999 -9999 -9999 -9999 -9999 -9999 -9999 -9999 -9999 -9999 -9999 -9999 -9999 -9999 -9999 -9999 -9999 -9999 -9999 -9999 -9999 -9999 -9999 322 319 313 308 302 299 295 288 286 281 278 274 269 260 251 257 249 251 251 247 242 242 246 244 245 238 223 212 204 203 193 184 196 178 169 135 174 141 111 155 166 157 116 54 48 44 46 51 47 42 39 39 43 60 93 66 58 58
-9999 -9999 -9999 -9999 -9999 -9999 -9999 -9999 -9999 -9999 -9999 -9999 -9999 -9999 -9999 -9999 -9999 -9999 -9999 -9999 -9999 -9999 320 316 311 305 299 288 273 265 275 272 269 258 249 250 245 243 240 240 237 237 237 237 228 232 215 215 226 212 201 198 193 174 185 191 177 176 127 118 97 137 154 151 126 101 49 45 41 39 40 38 37 38 39 41 47 56 58 57 56
-9999 -9999 -9999 -9999 -9999 -9999 -9999 -9999 -9999 -9999 -9999 -9999 -9999 -9999 -9999 -9999 -9999 -9999 -9999 -9999 -9999 317 307 304 293 281 283 283 263 261 258 249 254 240 241 236 233 231 228 227 225 222 219 219 218 210 207 218 202 198 193 186 172 173 187 179 166 166 118 86 97 162 147 116 75 69 46 43 39 39 37 37 38 39 41 44 46 50 53 55 60
-9999 -9999 -9999 -9999 -9999 -9999 -9999 -9999 -9999 -9999 -9999 -9999 -9999 -9999 -9999 -9999 -9999 -9999 -9999 -9999 317 309 294 278 270 265 257 271 249 240 234 239 238 229 229 227 223 217 223 216 217 214 211 206 203 206 204 199 193 189 188 171 167 188 160 178 166 138 100 74 100 146 109 66 53 48 44 41 38 40 37 38 39 42 43 47 46 61 52 53 61
-9999 -9999 -9999 -9999 -9999 -9999 -9999 -9999 -9999 -9999 -9999 -9999 -9999 -9999 -9999 -9999 -9999 -9999 324 308 307 295 284 270 258 264 257 237 234 234 226 233 224 216 216 217 219 215 215 208 204 204 197 195 189 188 189 189 188 175 167 157 176 168 144 162 156 129 96 67 96 135 81 53 48 45 42 40 39 38 39 41 42 43 44 44 47 55 52 49 54
-9999 -9999 -9999 -9999 -9999 -9999 -9999 -9999 -9999 -9999 -9999 -9999 -9999 -9999 -9999 -9999 337 326 308 289 279 280 255 243 244 251 229 227 223 218 224 214 216 200 216 229 211 206 206 187 185 195 191 180 163 189 181 186 171 167 147 172 167 133 152 168 140 155 84 62 89 111 70 48 46 44 42 42 41 40 41 42 42 42 43 44 46 64 53 48 48
-9999 -9999 -9999 -9999 -9999 -9999 -9999 -9999 -9999 -9999 -9999 -9999 -9999 -9999 -9999 -9999 333 314 284 270 255 263 243 232 234 229 229 221 211 222 207 197 196 194 191 216 187 187 182 190 188 170 161 143 167 180 169 168 171 144 141 169 146 124 168 142 155 142 78 59 70 61 48 46 44 43 43 42 42 42 41 39 41 41 49 65 49 77 58 51 48
-9999 -9999 -9999 -9999 -9999 -9999 -9999 -9999 -9999 -9999 -9999 -9999 -9999 -9999 345 339 330 322 313 300 283 258 231 226 219 224 219 205 213 196 205 182 209 180 203 197 202 185 181 178 178 174 148 132 172 179 174 157 139 120 153 144 146 114 131 124 147 141 81 59 52 49 46 44 43 46 42 42 41 40 39 39 39 45 64 94 62 75 54 67 51
-9999 -9999 -9999 -9999 -9999 -9999 -9999 -9999 -9999 -9999 -9999 -9999 -9999 -9999 344 326 272 282 261 272 258 225 221 216 219 218 199 200 201 210 183 193 207 201 219 175 198 173 173 166 154 141 115 133 165 170 163 147 113 122 150 124 149 124 93 114 127 102 74 56 51 47 45 42 43 81 60 40 39 38 38 40 39 46 54 87 74 48 45 66 68
-9999 -9999 -9999 -9999 -9999 -9999 -9999 -9999 -9999 -9999 -9999 -9999 344 338 304 321 301 267 228 239 260 218 215 230 210 199 191 189 188 202 187 203 232 193 160 167 192 187 165 177 158 111 99 113 161 150 130 114 95 121 113 124 143 116 97 85 91 123 82 53 48 47 43 50 62 114 61 39 37 37 39 40 49 45 54 59 50 46 44 48 76
-9999 -9999 -9999 -9999 -9999 -9999 -9999 -9999 -9999 -9999 -9999 352 317 307 296 287 294 232 227 238 247 215 215 234 225 191 187 200 219 221 196 175 221 176 141 178 187 167 172 171 147 100 88 98 107 100 88 86 93 105 122 136 139 107 95 76 82 104 73 48 48 43 41 42 59 97 73 41 36 38 50 48 70 58 51 58 56 43 43 44 57
-9999 -9999 -9999 -9999 -9999 -9999 -9999 -9999 -9999 -9999 358 327 272 304 260 229 293 218 216 253 210 199 207 225 205 197 223 204 214 198 166 159 167 154 121 125 150 182 160 141 147 96 78 121 102 74 82 124 132 135 127 129 106 103 118 88 78 80 58 46 42 40 38 37 37 62 76 37 41 47 68 63 98 81 69 93 73 44 41 42 46
-9999 -9999 -9999 -9999 -9999 -9999 -9999 -9999 -9999 -9999 357 302 272 241 235 222 288 220 245 219 201 206 216 197 181 174 171 177 183 215 204 164 149 156 178 140 97 141 187 145 96 77 79 119 83 64 80 91 93 107 109 110 88 82 109 80 69 79 49 42 38 38 62 52 34 41 41 34 40 61 43 57 71 59 59 93 62 40 40 41 43
-9999 -9999 -9999 -9999 -9999 -9999 -9999 -9999 -9999 344 321 245 237 229 220 220 232 274 232 199 211 193 195 164 197 209 186 173 198 198 176 158 186 161 177 148 87 114 151 106 68 66 103 108 79 57 65 112 109 116 121 92 72 75 87 80 113 87 54 41 56 48 64 62 37 32 36 31 40 46 34 42 40 50 70 79 42 38 38 41 48
-9999 -9999 -9999 -9999 -9999 -9999 -9999 303 289 302 262 236 222 215 213 222 210 262 202 186 203 184 176 164 222 182 143 177 200 167 138 171 146 148 175 155 95 74 72 72 61 71 60 68 81 50 57 97 102 92 80 70 75 81 85 119 114 111 73 49 60 90 72 62 37 35 35 30 32 31 31 34 36 51 67 44 37 36 37 43 49
-9999 -9999 -9999 -9999 -9999 303 290 256 238 261 223 222 231 214 215 194 200 234 190 192 187 178 147 159 194 167 136 189 206 168 119 154 136 132 158 169 148 73 65 58 55 57 49 48 47 45 55 98 104 82 60 61 76 80 98 85 104 116 81 78 85 113 69 60 44 43 36 35 35 37 32 30 34 45 35 34 34 35 36 40 47
-9999 -9999 -9999 -9999 285 266 261 237 226 224 221 234 245 221 209 190 196 209 188 187 192 160 138 133 166 150 128 185 193 165 143 111 105 118 143 130 159 99 58 73 89 48 45 43 43 44 50 83 72 57 53 54 54 62 75 72 114 120 89 87 70 102 101 86 65 52 38 52 62 72 59 36 31 34 32 32 34 36 38 42 47
-9999 -9999 -9999 250 258 243 228 221 214 228 240 252 210 194 197 193 193 183 180 183 165 158 128 119 119 117 138 184 164 141 135 107 82 123 164 141 95 79 88 110 103 63 42 44 42 41 42 58 73 69 66 52 53 52 51 76 87 129 93 63 52 71 118 96 81 64 46 41 61 99 89 46 33 32 31 34 39 43 45 46 41
-9999 240 233 236 220 235 233 212 203 219 202 198 207 198 193 185 186 176 165 171 179 180 129 123 100 109 156 171 166 175 141 117 90 132 152 130 89 104 129 104 57 52 92 82 60 50 41 45 66 56 46 41 48 50 55 62 66 96 87 67 45 49 104 96 80 58 75 55 47 80 100 58 37 32 31 31 33 37 37 38 40
232 226 217 229 216 217 207 204 202 200 198 191 188 186 192 183 172 156 154 161 150 188 141 104 97 124 162 162 135 141 113 89 86 129 125 102 91 116 79 61 48 85 115 112 103 96 52 40 41 40 40 41 47 62 90 84 79 52 69 49 40 40 80 93 76 78 85 77 65 73 97 74 50 38 31 31 30 30 32 36 39
216 217 213 215 205 207 205 200 197 193 196 191 181 175 178 181 172 151 144 164 132 148 165 101 93 117 143 163 121 111 91 80 120 126 87 117 97 140 92 51 75 122 130 145 115 69 42 38 38 38 40 61 74 96 97 104 74 39 40 38 36 37 53 92 90 88 84 78 57 56 78 85 80 46 40 32 31 31 31 30 32
213 207 202 203 201 194 194 191 182 182 187 180 172 167 169 159 145 147 142 163 153 118 124 99 90 113 166 124 108 102 89 76 97 99 92 81 87 110 75 82 107 128 144 120 59 39 37 37 37 38 48 79 88 71 87 64 41 34 35 33 36 44 40 59 90 87 78 73 66 68 78 78 54 53 46 37 35 31 31 32 32
205 199 194 190 191 190 184 183 183 176 164 167 159 158 163 140 154 157 163 131 143 129 106 94 88 97 132 119 114 83 74 88 87 70 60 62 106 106 86 103 96 121 113 56 38 36 39 43 46 51 53 69 73 54 49 38 33 31 31 31 35 35 39 45 62 82 82 76 63 64 66 52 42 38 40 39 34 31 32 32 33
193 190 188 188 186 185 175 165 176 173 161 156 146 144 154 130 161 143 167 146 114 115 156 110 85 82 99 121 96 84 90 66 56 52 50 50 69 96 101 79 70 96 71 38 36 38 52 71 86 87 69 60 52 37 33 31 30 29 34 40 32 32 33 36 43 44 43 38 35 37 44 64 52 46 37 34 33 33 33 33 34
