Electronic Materials (Flash Drives)/data/NZclimate/2050/ccsm_4_2050/bio13nz.asc
ncols         384
nrows         384
xllcorner     164
yllcorner     -49
cellsize      0.041666666666667
NODATA_value  -9999
[rows 245 to 279 of 384, columns 80 to 159 of 384]
-9999 -9999 -9999 -9999 -9999 -9999 -9999 -9999 -9999 -9999 -9999 -9999 -9999 -9999 -9999 -9999 -9999 -9999 -9999 -9999 -9999 -9999 -9999 -9999 -9999 -9999 -9999 -9999 -9999 -9999 -9999 -9999 -9999 -9999 -9999 -9999 -9999 -9999 -9999 -9999 -9999 -9999 -9999 -9999 -9999 -9999 -9999 -9999 -9999 -9999 -9999 -9999 -9999 -9999 -9999 -9999 -9999 -9999 -9999 -9999 -9999 -9999 -9999 -9999 -9999 -9999 447 450 444 440 440 430 421 409 392 358 341 341 336 323
-9999 -9999 -9999 -9999 -9999 -9999 -9999 -9999 -9999 -9999 -9999 -9999 -9999 -9999 -9999 -9999 -9999 -9999 -9999 -9999 -9999 -9999 -9999 -9999 -9999 -9999 -9999 -9999 -9999 -9999 -9999 -9999 -9999 -9999 -9999 -9999 -9999 -9999 -9999 -9999 -9999 -9999 -9999 -9999 -9999 -9999 -9999 -9999 -9999 -9999 -9999 -9999 -9999 -9999 -9999 -9999 -9999 -9999 -9999 -9999 -9999 -9999 -9999 -9999 -9999 452 448 450 447 438 431 430 425 413 359 352 361 332 330 342
-9999 -9999 -9999 -9999 -9999 -9999 -9999 -9999 -9999 -9999 -9999 -9999 -9999 -9999 -9999 -9999 -9999 -9999 -9999 -9999 -9999 -9999 -9999 -9999 -9999 -9999 -9999 -9999 -9999 -9999 -9999 -9999 -9999 -9999 -9999 -9999 -9999 -9999 -9999 -9999 -9999 -9999 -9999 -9999 -9999 -9999 -9999 -9999 -9999 -9999 -9999 -9999 -9999 -9999 -9999 -9999 -9999 -9999 -9999 -9999 -9999 -9999 -9999 -9999 448 447 443 443 434 423 406 404 371 361 350 333 320 309 337 352
-9999 -9999 -9999 -9999 -9999 -9999 -9999 -9999 -9999 -9999 -9999 -9999 -9999 -9999 -9999 -9999 -9999 -9999 -9999 -9999 -9999 -9999 -9999 -9999 -9999 -9999 -9999 -9999 -9999 -9999 -9999 -9999 -9999 -9999 -9999 -9999 -9999 -9999 -9999 -9999 -9999 -9999 -9999 -9999 -9999 -9999 -9999 -9999 -9999 -9999 -9999 -9999 -9999 -9999 -9999 -9999 -9999 -9999 -9999 -9999 -9999 -9999 455 455 450 450 436 426 420 406 391 375 364 341 332 311 300 301 298 319
-9999 -9999 -9999 -9999 -9999 -9999 -9999 -9999 -9999 -9999 -9999 -9999 -9999 -9999 -9999 -9999 -9999 -9999 -9999 -9999 -9999 -9999 -9999 -9999 -9999 -9999 -9999 -9999 -9999 -9999 -9999 -9999 -9999 -9999 -9999 -9999 -9999 -9999 -9999 -9999 -9999 -9999 -9999 -9999 -9999 -9999 -9999 -9999 -9999 -9999 -9999 -9999 -9999 -9999 -9999 -9999 -9999 -9999 -9999 483 478 475 464 461 452 440 433 416 405 395 377 372 361 327 313 316 336 305 302 320
-9999 -9999 -9999 -9999 -9999 -9999 -9999 -9999 -9999 -9999 -9999 -9999 -9999 -9999 -9999 -9999 -9999 -9999 -9999 -9999 -9999 -9999 -9999 -9999 -9999 -9999 -9999 -9999 -9999 -9999 -9999 -9999 -9999 -9999 -9999 -9999 -9999 -9999 -9999 -9999 -9999 -9999 -9999 -9999 -9999 -9999 -9999 -9999 -9999 -9999 -9999 -9999 -9999 -9999 -9999 -9999 -9999 -9999 489 483 478 466 456 447 436 430 430 411 396 380 366 356 350 326 317 348 330 316 330 303
-9999 -9999 -9999 -9999 -9999 -9999 -9999 -9999 -9999 -9999 -9999 -9999 -9999 -9999 -9999 -9999 -9999 -9999 -9999 -9999 -9999 -9999 -9999 -9999 -9999 -9999 -9999 -9999 -9999 -9999 -9999 -9999 -9999 -9999 -9999 -9999 -9999 -9999 -9999 -9999 -9999 -9999 -9999 -9999 -9999 -9999 -9999 -9999 -9999 -9999 -9999 -9999 -9999 -9999 -9999 -9999 -9999 488 484 471 457 448 437 429 425 431 405 385 383 380 368 380 343 346 324 301 291 329 326 276
-9999 -9999 -9999 -9999 -9999 -9999 -9999 -9999 -9999 -9999 -9999 -9999 -9999 -9999 -9999 -9999 -9999 -9999 -9999 -9999 -9999 -9999 -9999 -9999 -9999 -9999 -9999 -9999 -9999 -9999 -9999 -9999 -9999 -9999 -9999 -9999 -9999 -9999 -9999 -9999 -9999 -9999 -9999 -9999 -9999 -9999 -9999 -9999 -9999 -9999 -9999 -9999 -9999 -9999 -9999 -9999 490 484 471 460 445 457 449 437 422 408 389 379 394 383 378 360 378 337 346 264 287 321 297 294
-9999 -9999 -9999 -9999 -9999 -9999 -9999 -9999 -9999 -9999 -9999 -9999 -9999 -9999 -9999 -9999 -9999 -9999 -9999 -9999 -9999 -9999 -9999 -9999 -9999 -9999 -9999 -9999 -9999 -9999 -9999 -9999 -9999 -9999 -9999 -9999 -9999 -9999 -9999 -9999 -9999 -9999 -9999 -9999 -9999 -9999 -9999 -9999 -9999 -9999 -9999 -9999 -9999 -9999 507 501 489 478 464 444 464 439 419 438 427 405 375 408 389 343 350 367 325 323 308 245 286 313 250 299
-9999 -9999 -9999 -9999 -9999 -9999 -9999 -9999 -9999 -9999 -9999 -9999 -9999 -9999 -9999 -9999 -9999 -9999 -9999 -9999 -9999 -9999 -9999 -9999 -9999 -9999 -9999 -9999 -9999 -9999 -9999 -9999 -9999 -9999 -9999 -9999 -9999 -9999 -9999 -9999 -9999 -9999 -9999 -9999 -9999 -9999 -9999 -9999 -9999 -9999 593 588 555 537 507 496 480 479 460 448 435 430 414 392 381 368 376 399 348 336 353 304 318 343 304 223 254 303 231 276
-9999 -9999 -9999 -9999 -9999 -9999 -9999 -9999 -9999 -9999 -9999 -9999 -9999 -9999 -9999 -9999 -9999 -9999 -9999 -9999 -9999 -9999 -9999 -9999 -9999 -9999 -9999 -9999 -9999 -9999 -9999 -9999 -9999 -9999 -9999 -9999 -9999 -9999 -9999 -9999 -9999 -9999 -9999 -9999 -9999 -9999 -9999 -9999 612 604 595 562 559 531 503 484 470 450 418 430 430 407 393 394 396 358 354 347 340 319 308 323 327 284 301 205 242 264 217 191
-9999 -9999 -9999 -9999 -9999 -9999 -9999 -9999 -9999 -9999 -9999 -9999 -9999 -9999 -9999 -9999 -9999 -9999 -9999 -9999 -9999 -9999 -9999 -9999 -9999 -9999 -9999 -9999 -9999 -9999 -9999 -9999 -9999 -9999 -9999 -9999 -9999 -9999 -9999 -9999 -9999 -9999 -9999 -9999 -9999 588 595 597 600 580 602 565 542 499 491 460 425 423 422 398 411 392 376 369 375 368 355 332 326 326 324 320 307 254 296 234 157 180 155 216
-9999 -9999 -9999 -9999 -9999 -9999 -9999 -9999 -9999 -9999 -9999 -9999 -9999 -9999 -9999 -9999 -9999 -9999 -9999 -9999 -9999 -9999 -9999 -9999 -9999 -9999 -9999 -9999 -9999 -9999 -9999 -9999 -9999 -9999 -9999 -9999 -9999 -9999 -9999 -9999 -9999 -9999 -9999 563 574 580 581 566 555 583 549 544 508 449 428 453 439 407 389 385 375 377 355 356 351 334 360 309 300 313 279 306 301 235 279 271 149 129 144 222
-9999 -9999 -9999 -9999 -9999 -9999 -9999 -9999 -9999 -9999 -9999 -9999 -9999 -9999 -9999 -9999 -9999 -9999 -9999 -9999 -9999 -9999 -9999 -9999 -9999 -9999 -9999 -9999 -9999 -9999 -9999 -9999 -9999 -9999 -9999 -9999 -9999 -9999 -9999 -9999 -9999 -9999 541 551 554 541 551 549 548 509 441 485 509 461 435 414 383 381 376 367 359 354 346 343 336 334 301 268 297 279 277 304 277 214 268 239 145 116 139 207
-9999 -9999 -9999 -9999 -9999 -9999 -9999 -9999 -9999 -9999 -9999 -9999 -9999 -9999 -9999 -9999 -9999 -9999 -9999 -9999 -9999 -9999 -9999 -9999 -9999 -9999 -9999 -9999 -9999 -9999 -9999 -9999 -9999 -9999 -9999 -9999 -9999 -9999 -9999 -9999 -9999 520 527 531 537 524 485 473 494 479 455 435 455 421 383 381 376 365 358 346 342 340 332 325 323 308 259 220 261 238 286 283 241 186 217 195 114 105 123 172
-9999 -9999 -9999 -9999 -9999 -9999 -9999 -9999 -9999 -9999 -9999 -9999 -9999 -9999 -9999 -9999 -9999 -9999 -9999 -9999 -9999 -9999 -9999 -9999 -9999 -9999 -9999 -9999 -9999 -9999 -9999 -9999 -9999 -9999 -9999 -9999 -9999 -9999 -9999 494 501 504 504 508 482 461 473 454 430 411 404 390 394 385 373 367 356 342 333 341 338 323 326 296 320 289 223 178 189 227 252 262 211 206 122 108 98 98 122 208
-9999 -9999 -9999 -9999 -9999 -9999 -9999 -9999 -9999 -9999 -9999 -9999 -9999 -9999 -9999 -9999 -9999 -9999 -9999 -9999 -9999 -9999 -9999 -9999 -9999 -9999 -9999 -9999 -9999 -9999 -9999 -9999 -9999 -9999 -9999 -9999 -9999 478 480 480 480 479 481 454 470 449 433 437 400 394 401 384 409 391 369 350 335 322 332 320 304 302 303 270 322 292 206 150 152 191 203 191 167 135 108 92 89 93 130 204
-9999 -9999 -9999 -9999 -9999 -9999 -9999 -9999 -9999 -9999 -9999 -9999 -9999 -9999 -9999 -9999 -9999 -9999 -9999 -9999 -9999 -9999 -9999 -9999 -9999 -9999 -9999 -9999 -9999 -9999 -9999 -9999 -9999 -9999 -9999 458 461 461 458 457 455 438 440 454 442 430 449 437 423 397 402 400 395 365 347 333 321 325 320 294 281 310 251 257 306 268 203 128 118 141 156 141 126 106 91 83 81 92 151 209
-9999 -9999 -9999 -9999 -9999 -9999 -9999 -9999 -9999 -9999 -9999 -9999 -9999 -9999 -9999 -9999 -9999 -9999 -9999 -9999 -9999 -9999 -9999 -9999 -9999 -9999 -9999 -9999 488 476 474 461 457 451 447 445 442 434 427 419 415 424 407 401 423 412 389 395 395 403 397 374 350 339 330 323 324 301 305 260 283 304 206 264 284 283 207 111 99 101 110 108 99 94 80 77 76 87 135 144
-9999 -9999 -9999 -9999 -9999 -9999 -9999 -9999 -9999 -9999 -9999 -9999 -9999 -9999 -9999 -9999 -9999 -9999 -9999 -9999 -9999 -9999 -9999 -9999 517 506 481 470 458 453 450 439 441 436 428 423 415 403 397 401 397 394 392 392 389 391 398 395 390 376 364 344 331 327 314 300 315 290 277 227 284 235 191 257 273 260 198 99 90 86 86 90 82 75 69 68 73 100 153 106
-9999 -9999 -9999 -9999 -9999 -9999 -9999 -9999 -9999 -9999 -9999 -9999 -9999 -9999 -9999 -9999 -9999 -9999 -9999 -9999 -9999 -9999 -9999 517 509 497 486 468 437 416 405 419 416 415 396 390 385 383 386 380 384 378 382 375 384 367 376 347 348 369 337 323 318 311 288 298 306 286 285 214 200 168 226 253 249 211 172 90 82 76 73 71 67 66 65 64 66 76 90 88
-9999 -9999 -9999 -9999 -9999 -9999 -9999 -9999 -9999 -9999 -9999 -9999 -9999 -9999 -9999 -9999 -9999 -9999 -9999 -9999 -9999 -9999 508 478 475 439 424 427 443 398 396 392 380 387 376 368 364 367 367 363 361 361 354 350 355 352 337 335 358 323 317 310 301 284 282 298 286 269 268 199 150 166 261 239 193 130 121 83 76 71 69 64 63 62 64 64 66 69 75 82
-9999 -9999 -9999 -9999 -9999 -9999 -9999 -9999 -9999 -9999 -9999 -9999 -9999 -9999 -9999 -9999 -9999 -9999 -9999 -9999 -9999 516 491 450 418 407 400 388 409 378 370 365 364 363 355 352 356 351 345 350 345 343 342 339 329 328 339 336 322 311 304 299 279 273 297 259 283 266 227 171 130 168 237 180 117 94 84 76 71 66 69 62 62 63 65 66 70 69 96 77
-9999 -9999 -9999 -9999 -9999 -9999 -9999 -9999 -9999 -9999 -9999 -9999 -9999 -9999 -9999 -9999 -9999 -9999 -9999 532 488 487 459 430 404 387 396 386 363 361 362 348 353 347 332 340 341 344 338 337 331 326 325 319 316 311 309 303 300 298 282 272 256 279 268 235 259 249 210 161 116 159 216 136 93 82 76 71 67 64 62 63 64 65 66 69 71 71 84 80
-9999 -9999 -9999 -9999 -9999 -9999 -9999 -9999 -9999 -9999 -9999 -9999 -9999 -9999 -9999 -9999 -9999 566 539 491 443 421 429 383 368 367 377 352 350 346 336 339 330 338 313 337 353 332 324 324 303 299 310 304 293 273 299 288 293 275 269 241 272 264 218 243 264 223 245 140 106 147 181 118 81 76 73 70 68 65 64 65 65 65 67 68 68 69 98 78
-9999 -9999 -9999 -9999 -9999 -9999 -9999 -9999 -9999 -9999 -9999 -9999 -9999 -9999 -9999 -9999 -9999 554 509 435 401 379 394 363 352 352 348 349 340 324 335 316 306 307 303 302 333 299 298 293 301 297 276 267 239 271 284 270 268 270 235 229 265 233 202 262 225 243 224 130 99 114 102 80 76 73 71 69 68 68 66 65 62 64 65 76 100 73 118 87
-9999 -9999 -9999 -9999 -9999 -9999 -9999 -9999 -9999 -9999 -9999 -9999 -9999 -9999 -9999 589 574 556 540 520 491 453 387 347 342 333 341 335 316 322 302 318 286 323 286 316 308 313 293 287 283 282 277 244 221 272 279 273 251 226 196 242 228 230 186 208 198 229 220 133 97 87 82 77 74 70 77 69 68 68 67 66 64 63 70 98 146 93 114 79
-9999 -9999 -9999 -9999 -9999 -9999 -9999 -9999 -9999 -9999 -9999 -9999 -9999 -9999 -9999 588 545 414 442 389 426 393 338 333 328 332 332 306 303 308 322 287 299 319 309 333 276 304 274 273 263 248 231 192 218 259 265 255 233 185 197 235 198 231 196 150 180 198 162 120 93 84 78 76 70 71 129 97 66 67 66 65 64 63 71 81 133 111 75 78
-9999 -9999 -9999 -9999 -9999 -9999 -9999 -9999 -9999 -9999 -9999 -9999 -9999 586 574 494 539 494 414 339 353 411 327 323 345 319 304 292 292 291 310 290 312 350 297 254 264 295 287 260 275 250 186 166 185 250 235 209 187 155 193 181 195 221 182 153 135 145 189 130 87 80 78 72 82 99 176 98 64 66 64 63 64 74 69 81 89 76 75 80
-9999 -9999 -9999 -9999 -9999 -9999 -9999 -9999 -9999 -9999 -9999 -9999 605 525 503 480 462 483 340 334 348 386 322 322 349 338 293 287 304 330 334 299 272 333 272 226 274 285 260 265 264 233 166 146 163 174 165 145 139 150 167 190 209 213 166 148 119 129 161 116 79 79 71 68 69 94 148 113 67 63 63 77 74 106 87 75 85 82 76 81
-9999 -9999 -9999 -9999 -9999 -9999 -9999 -9999 -9999 -9999 -9999 627 552 427 503 403 335 488 322 319 408 311 299 309 336 309 298 335 307 322 300 257 248 258 241 196 200 235 276 247 222 229 158 129 192 164 121 133 193 204 207 195 198 162 158 179 136 122 125 93 76 70 68 66 65 64 96 117 64 67 73 103 95 147 121 103 138 107 77 81
-9999 -9999 -9999 -9999 -9999 -9999 -9999 -9999 -9999 -9999 -9999 622 497 432 354 338 323 479 320 386 319 300 308 321 296 275 266 262 270 278 321 306 252 232 240 270 219 158 219 281 224 155 126 128 186 136 105 127 144 145 164 166 168 134 125 164 122 107 123 79 72 68 67 97 81 62 69 69 62 67 92 69 85 105 87 87 137 90 77 81
-9999 -9999 -9999 -9999 -9999 -9999 -9999 -9999 -9999 -9999 601 548 360 339 329 319 320 341 460 362 295 313 288 291 252 295 312 280 262 296 296 266 243 280 246 266 228 141 180 230 169 112 109 162 169 125 91 102 171 166 175 181 139 108 113 131 121 169 132 84 71 87 77 98 95 65 60 63 62 67 74 63 69 68 77 103 115 75 76 79
-9999 -9999 -9999 -9999 -9999 -9999 -9999 -9999 512 478 509 412 334 318 310 308 323 304 438 295 277 300 273 264 250 328 273 223 266 297 252 214 258 224 227 261 236 152 121 119 117 100 115 97 108 126 79 87 147 154 138 120 104 112 121 127 174 168 164 110 80 92 134 108 94 66 64 64 62 62 62 63 64 66 79 96 75 73 75 77
-9999 -9999 -9999 -9999 -9999 -9999 522 488 409 358 416 317 333 362 307 313 284 291 379 278 282 277 264 227 242 288 250 211 281 304 251 187 233 209 203 238 252 224 119 106 96 90 92 80 77 74 70 84 147 155 121 87 89 112 118 144 126 152 169 120 115 125 164 102 90 73 72 65 64 64 66 63 64 66 74 68 69 71 72 75
