Electronic Materials (Flash Drives)/data/NZclimate/2050/ccsm_4_2050/bio13nz.asc
ncols         384
nrows         384
xllcorner     164
yllcorner     -49
cellsize      0.041666666666667
NODATA_value  -9999
[rows 140 to 174 of 384, columns 240 to 319 of 384]
-9999 -9999 -9999 -9999 -9999 -9999 -9999 -9999 -9999 -9999 -9999 -9999 160 184 174 179 189 201 223 251 253 250 227 177 176 187 189 183 189 162 159 159 153 155 157 171 213 256 239 194 155 150 149 145 144 144 143 142 147 158 157 160 170 180 185 182 178 179 182 190 195 223 231 233 251 239 232 229 218 181 222 217 216 209 203 191 175 184 190 188
-9999 -9999 -9999 -9999 -9999 -9999 -9999 -9999 -9999 -9999 -9999 168 189 190 193 196 191 193 214 241 245 242 212 184 170 175 185 170 182 162 155 155 149 149 152 173 208 214 201 175 174 160 147 147 147 147 149 163 173 168 167 166 169 182 184 185 179 184 183 197 191 226 223 232 230 256 233 192 214 218 176 178 183 188 188 183 192 176 161 182
-9999 -9999 -9999 -9999 -9999 -9999 -9999 -9999 -9999 -9999 166 176 189 188 205 227 225 238 229 239 238 234 200 186 167 171 175 164 164 155 155 157 155 151 153 176 182 207 193 186 214 175 150 151 152 156 159 174 177 179 166 171 178 189 186 185 183 182 192 197 195 223 213 240 262 237 218 195 229 188 188 192 180 171 169 168 171 159 161 166
-9999 -9999 -9999 -9999 160 160 166 168 169 168 174 189 194 192 223 225 225 228 215 214 223 211 202 183 169 174 171 171 176 171 172 165 168 161 173 172 188 203 201 204 284 245 161 158 162 165 168 169 176 182 180 186 207 221 184 187 198 195 199 200 195 198 201 206 242 221 194 197 216 187 195 191 184 194 186 179 175 171 177 172
-9999 -9999 163 166 165 167 176 177 176 191 196 188 194 216 226 215 220 225 207 201 191 191 195 186 175 171 166 175 185 182 170 174 177 176 220 195 181 195 192 187 193 226 217 169 168 178 186 190 189 200 209 231 214 199 182 191 201 198 211 234 210 181 186 206 221 205 181 171 179 182 181 180 178 163 182 184 166 161 169 171
178 175 175 179 180 184 181 193 193 193 209 193 213 206 213 207 215 215 206 190 186 186 184 183 181 168 181 181 164 161 167 167 181 187 246 215 218 221 225 222 189 183 223 173 171 189 218 233 262 243 221 235 240 215 178 185 204 203 231 244 218 185 181 210 196 175 190 189 197 195 190 182 180 169 163 160 165 158 161 170
195 198 195 199 205 206 202 194 193 206 203 209 213 200 208 220 215 206 195 189 177 187 177 176 176 165 165 160 161 160 155 162 176 186 204 226 247 266 302 354 311 228 187 177 191 226 272 276 287 276 286 255 260 197 191 199 185 208 207 226 209 189 200 184 173 196 224 222 189 171 167 160 168 162 162 156 150 155 154 160
234 237 229 230 226 219 203 202 196 197 202 209 194 197 208 218 206 194 201 192 177 179 176 171 185 178 181 162 181 175 157 174 193 214 224 231 249 286 347 412 347 286 230 194 253 304 305 306 302 303 280 254 228 249 215 207 198 192 221 195 190 190 194 177 191 259 231 199 186 172 167 157 146 145 145 151 143 -9999 -9999 -9999
337 319 285 267 249 232 219 213 211 196 198 196 191 197 201 202 199 192 193 198 180 184 176 182 183 185 184 183 185 187 170 177 206 224 236 250 274 304 338 326 301 276 245 251 280 307 317 285 266 275 287 254 229 253 281 259 223 200 186 178 178 192 183 181 225 245 189 170 170 165 167 153 150 144 135 -9999 -9999 -9999 -9999 -9999
548 497 374 320 275 249 233 220 206 202 194 196 199 195 193 196 212 224 191 173 175 169 176 171 182 179 190 186 174 179 185 181 200 218 317 295 333 381 365 314 279 258 246 257 287 307 304 254 281 262 275 240 259 238 249 265 253 264 205 183 191 202 201 224 204 185 169 168 162 163 177 174 168 -9999 -9999 -9999 -9999 -9999 -9999 -9999
538 595 530 397 312 266 243 225 204 200 203 197 182 180 192 189 197 202 193 167 169 164 168 160 168 163 172 176 160 162 178 185 196 209 240 298 403 535 434 336 281 254 264 300 320 313 276 226 240 255 283 209 246 271 257 233 295 284 220 190 193 195 198 183 182 178 163 175 181 165 158 151 151 -9999 -9999 -9999 -9999 -9999 -9999 -9999
527 606 566 424 329 273 236 216 206 192 190 187 177 195 182 179 189 200 210 216 171 168 168 154 155 167 166 164 152 153 161 179 188 201 228 275 361 451 376 298 254 240 271 302 275 252 252 264 203 215 191 179 222 232 200 228 273 218 205 193 187 192 184 166 169 168 153 153 165 149 144 138 -9999 -9999 -9999 -9999 -9999 -9999 -9999 -9999
354 425 396 338 294 252 221 203 193 183 176 176 178 192 203 235 240 223 223 221 242 200 177 163 150 160 150 140 146 156 163 171 176 184 196 220 253 271 255 229 205 211 227 224 238 254 242 221 175 180 178 175 209 216 184 202 192 184 170 181 163 163 162 158 154 151 138 139 143 125 123 -9999 -9999 -9999 -9999 -9999 -9999 -9999 -9999 -9999
234 260 256 244 228 210 198 191 187 183 168 165 175 199 207 228 236 202 200 206 220 213 181 161 149 147 146 161 175 174 162 158 155 157 162 163 173 180 168 168 169 167 168 180 208 268 215 202 178 178 165 169 171 194 189 166 168 173 176 166 151 148 143 149 143 140 141 130 122 115 -9999 -9999 -9999 -9999 -9999 -9999 -9999 -9999 -9999 -9999
176 182 181 184 184 182 177 177 178 179 171 153 167 174 175 189 180 178 181 178 182 176 160 156 137 154 160 161 169 153 156 150 147 148 148 146 145 144 140 140 147 160 150 152 210 187 138 154 148 150 164 170 167 157 158 163 164 171 169 146 138 132 130 128 129 123 137 116 104 -9999 -9999 -9999 -9999 -9999 -9999 -9999 -9999 -9999 -9999 -9999
146 146 147 151 156 158 159 171 161 164 160 151 157 158 167 171 169 151 169 164 161 168 181 174 148 141 163 163 168 157 158 150 155 151 144 137 136 135 131 132 134 154 170 146 137 125 127 145 134 142 159 168 165 153 162 154 148 157 151 141 134 130 133 123 114 114 114 104 97 100 -9999 -9999 -9999 -9999 -9999 -9999 -9999 -9999 -9999 -9999
129 128 128 132 136 136 143 146 154 149 154 169 151 148 151 143 162 153 149 155 178 158 155 176 163 143 144 145 154 146 147 142 142 146 139 136 137 134 132 138 132 146 167 156 138 123 134 136 130 136 144 161 210 142 161 156 138 139 134 136 131 130 122 114 104 101 96 98 96 96 -9999 -9999 -9999 -9999 -9999 -9999 -9999 -9999 -9999 -9999
122 119 120 120 123 126 131 132 132 151 157 174 162 138 161 141 162 177 149 135 143 140 160 181 165 131 127 139 149 142 131 140 148 141 134 133 127 126 125 127 127 145 142 129 114 115 122 127 125 133 170 189 170 174 226 192 155 135 115 117 113 113 110 102 94 91 91 92 92 94 96 -9999 -9999 -9999 -9999 -9999 -9999 -9999 -9999 -9999
-9999 -9999 -9999 -9999 120 121 126 124 122 133 145 153 149 141 143 149 161 167 153 137 133 150 155 162 152 151 135 128 132 148 136 130 134 132 128 128 129 127 124 125 122 121 119 117 112 114 120 122 126 146 197 219 177 201 237 169 137 129 127 134 113 100 98 98 92 87 87 88 91 93 96 -9999 -9999 -9999 -9999 -9999 -9999 -9999 -9999 -9999
-9999 -9999 -9999 -9999 -9999 -9999 -9999 122 117 123 133 143 152 130 134 159 143 134 128 132 124 125 133 144 138 132 149 133 126 142 146 126 127 132 124 129 134 125 126 125 124 122 117 116 116 113 116 121 130 135 194 201 229 233 233 152 150 137 132 125 114 99 94 90 85 84 85 87 91 94 101 106 126 128 -9999 -9999 -9999 -9999 -9999 -9999
-9999 -9999 -9999 -9999 -9999 -9999 -9999 -9999 112 118 122 122 126 130 135 140 131 114 119 125 115 129 138 140 138 134 123 121 138 144 141 125 127 127 126 135 126 127 128 123 127 129 122 117 116 116 115 123 128 160 149 194 246 199 169 154 163 154 160 148 129 102 110 93 85 83 85 88 94 108 104 113 132 132 -9999 -9999 -9999 -9999 -9999 -9999
-9999 -9999 -9999 -9999 -9999 -9999 -9999 -9999 -9999 109 111 109 115 112 117 120 116 112 124 110 118 130 153 147 130 124 123 113 128 136 128 121 133 129 126 128 123 130 130 123 129 130 131 124 117 119 122 131 142 227 209 216 219 162 151 172 165 160 154 142 138 112 119 91 99 92 100 109 136 112 124 130 126 -9999 -9999 -9999 -9999 -9999 -9999 -9999
-9999 -9999 -9999 -9999 -9999 -9999 -9999 -9999 -9999 -9999 -9999 106 105 107 110 110 109 103 111 109 124 132 135 136 130 124 112 109 113 119 115 114 120 118 124 127 121 122 123 127 131 131 133 122 120 121 129 139 144 211 248 239 203 151 148 163 156 142 134 123 131 127 119 117 90 89 116 106 124 156 159 144 123 -9999 -9999 -9999 -9999 -9999 -9999 -9999
-9999 -9999 -9999 -9999 -9999 -9999 -9999 -9999 -9999 -9999 -9999 -9999 101 103 102 102 103 99 108 114 116 116 117 116 116 117 107 108 112 120 111 120 112 115 121 114 116 123 130 135 131 126 124 122 126 130 132 136 147 242 269 271 170 155 147 140 137 130 118 111 117 125 135 96 91 116 113 116 158 195 191 135 -9999 -9999 -9999 -9999 -9999 -9999 -9999 -9999
-9999 -9999 -9999 -9999 -9999 -9999 -9999 -9999 -9999 -9999 -9999 -9999 -9999 -9999 -9999 97 95 97 100 102 102 102 103 108 111 106 99 103 109 114 112 110 112 114 113 109 113 118 124 125 118 116 122 130 133 133 136 144 161 217 259 267 185 160 149 141 122 114 109 105 108 124 113 96 110 111 145 145 187 240 178 138 -9999 -9999 -9999 -9999 -9999 -9999 -9999 -9999
-9999 -9999 -9999 -9999 -9999 -9999 -9999 -9999 -9999 -9999 -9999 -9999 -9999 -9999 -9999 -9999 -9999 -9999 -9999 -9999 -9999 97 98 102 104 98 97 106 110 115 109 110 110 110 111 112 112 119 119 113 115 120 125 132 137 142 146 162 234 266 277 204 166 161 144 132 115 107 102 103 107 124 109 99 111 123 135 150 204 220 172 165 -9999 -9999 -9999 -9999 -9999 -9999 -9999 -9999
-9999 -9999 -9999 -9999 -9999 -9999 -9999 -9999 -9999 -9999 -9999 -9999 -9999 -9999 -9999 -9999 -9999 -9999 -9999 -9999 -9999 -9999 -9999 95 94 96 101 102 108 113 104 108 110 113 114 120 121 120 125 112 121 124 132 139 141 146 155 164 201 203 259 193 170 158 139 122 111 104 98 98 102 113 106 111 122 128 147 149 170 155 145 -9999 -9999 -9999 -9999 -9999 -9999 -9999 -9999 -9999
-9999 -9999 -9999 -9999 -9999 -9999 -9999 -9999 -9999 -9999 -9999 -9999 -9999 -9999 -9999 -9999 -9999 -9999 -9999 -9999 -9999 -9999 -9999 -9999 93 96 99 103 105 102 103 105 112 122 124 122 116 115 110 116 132 137 136 143 142 150 151 161 185 259 222 178 170 154 134 119 108 102 98 101 101 106 111 115 123 142 158 166 157 140 -9999 -9999 -9999 -9999 -9999 -9999 -9999 -9999 -9999 -9999
-9999 -9999 -9999 -9999 -9999 -9999 -9999 -9999 -9999 -9999 -9999 -9999 -9999 -9999 -9999 -9999 -9999 -9999 -9999 -9999 -9999 -9999 -9999 -9999 -9999 95 96 97 100 102 103 111 116 116 117 111 107 112 125 133 142 139 143 141 149 147 152 163 219 216 199 181 171 152 133 120 111 104 101 109 99 105 116 137 131 145 166 167 153 156 -9999 -9999 -9999 -9999 -9999 -9999 -9999 -9999 -9999 -9999
-9999 -9999 -9999 -9999 -9999 -9999 -9999 -9999 -9999 -9999 -9999 -9999 -9999 -9999 -9999 -9999 -9999 -9999 -9999 -9999 -9999 -9999 -9999 -9999 -9999 -9999 94 96 98 100 104 108 111 111 109 104 110 118 123 126 129 138 143 139 148 144 152 183 202 208 183 174 165 147 134 122 122 109 116 102 105 115 134 142 143 151 158 175 154 147 -9999 -9999 -9999 -9999 -9999 -9999 -9999 -9999 -9999 -9999
-9999 -9999 -9999 -9999 -9999 -9999 -9999 -9999 -9999 -9999 -9999 -9999 -9999 -9999 -9999 -9999 -9999 -9999 -9999 -9999 -9999 -9999 -9999 -9999 -9999 -9999 -9999 97 98 100 103 106 108 107 103 107 113 118 121 122 126 134 133 144 135 141 170 211 216 182 172 159 148 139 127 140 161 144 129 105 115 129 143 142 153 150 172 162 146 141 -9999 -9999 -9999 -9999 -9999 -9999 -9999 -9999 -9999 -9999
-9999 -9999 -9999 -9999 -9999 -9999 -9999 -9999 -9999 -9999 -9999 -9999 -9999 -9999 -9999 -9999 -9999 -9999 -9999 -9999 -9999 -9999 -9999 -9999 -9999 -9999 -9999 -9999 97 99 101 103 105 103 101 108 107 114 115 116 121 130 139 132 134 158 199 214 173 158 147 143 137 129 144 155 154 118 103 100 103 113 135 142 148 148 161 154 150 -9999 -9999 -9999 -9999 -9999 -9999 -9999 -9999 -9999 -9999 -9999
-9999 -9999 -9999 -9999 -9999 -9999 -9999 -9999 -9999 -9999 -9999 -9999 -9999 -9999 -9999 -9999 -9999 -9999 -9999 -9999 -9999 -9999 -9999 -9999 -9999 -9999 -9999 -9999 98 99 100 101 101 101 104 107 106 111 110 115 123 133 131 131 159 207 204 172 155 146 135 137 130 138 163 152 161 134 118 115 110 111 116 125 138 146 144 151 -9999 -9999 -9999 -9999 -9999 -9999 -9999 -9999 -9999 -9999 -9999 -9999
-9999 -9999 -9999 -9999 -9999 -9999 -9999 -9999 -9999 -9999 -9999 -9999 -9999 -9999 -9999 -9999 -9999 -9999 -9999 -9999 -9999 -9999 -9999 -9999 -9999 -9999 -9999 -9999 -9999 98 99 99 99 99 102 107 103 103 107 113 124 134 126 146 206 198 171 147 138 131 125 124 124 133 143 156 152 155 139 119 113 116 119 133 129 132 131 -9999 -9999 -9999 -9999 -9999 -9999 -9999 -9999 -9999 -9999 -9999 -9999 -9999
-9999 -9999 -9999 -9999 -9999 -9999 -9999 -9999 -9999 -9999 -9999 -9999 -9999 -9999 -9999 -9999 -9999 -9999 -9999 -9999 -9999 -9999 -9999 -9999 -9999 -9999 -9999 -9999 -9999 98 98 100 101 99 101 103 101 103 107 114 127 131 129 159 185 150 142 138 127 126 129 139 142 137 163 162 174 166 150 124 119 120 146 134 122 -9999 -9999 -9999 -9999 -9999 -9999 -9999 -9999 -9999 -9999 -9999 -9999 -9999 -9999 -9999
