Electronic Materials (Flash Drives)/data/NZclimate/2050/ccsm_4_2050/bio14nz.asc
ncols         384
nrows         384
xllcorner     164
yllcorner     -49
cellsize      0.041666666666667
NODATA_value  -9999
[rows 216 to 251 of 384, columns 162 to 242 of 384]
-9999 -9999 -9999 -9999 -9999 -9999 -9999 -9999 -9999 -9999 -9999 -9999 -9999 -9999 149 159 165 160 168 204 203 201 194 184 166 132 122 123 129 145 149 156 155 140 121 128 131 116 106 112 114 108 102 125 110 129 111 127 126 121 109 85 103 107 110 104 109 86 80 80 82 96 57 53 54 71 74 97 117 133 86 57 57 56 58 52 51 48 43 -9999 -9999
-9999 -9999 -9999 -9999 -9999 -9999 -9999 -9999 -9999 -9999 -9999 -9999 -9999 -9999 160 174 152 160 204 211 205 196 200 190 146 127 121 126 143 151 148 152 153 145 121 125 116 115 117 120 130 112 107 137 113 125 130 128 109 103 94 97 91 109 90 105 94 75 71 78 57 52 55 60 55 75 104 112 67 62 59 59 58 59 57 54 51 46 -9999 -9999 -9999
-9999 -9999 -9999 -9999 -9999 -9999 -9999 -9999 -9999 -9999 -9999 -9999 -9999 146 161 153 164 195 212 198 193 199 190 157 133 138 120 137 143 147 158 148 149 151 123 111 113 112 112 129 134 115 105 135 121 132 129 129 110 113 122 93 93 90 75 80 70 66 65 57 53 60 67 71 79 111 76 68 59 62 59 65 67 60 58 58 51 -9999 -9999 -9999 -9999
-9999 -9999 -9999 -9999 -9999 -9999 -9999 -9999 -9999 -9999 -9999 -9999 -9999 146 153 170 183 205 214 200 199 180 146 133 134 140 140 143 146 144 139 147 153 150 128 110 114 121 121 120 143 122 104 129 133 118 115 129 112 100 100 90 78 85 75 71 66 86 63 63 73 84 71 70 95 65 61 63 62 62 85 109 64 61 61 57 53 -9999 -9999 -9999 -9999
-9999 -9999 -9999 -9999 -9999 -9999 -9999 -9999 -9999 -9999 -9999 -9999 -9999 146 172 185 204 214 204 201 164 146 133 132 137 147 158 159 136 157 156 153 151 150 126 110 111 118 120 122 144 134 105 116 137 107 116 106 102 108 107 89 78 81 84 71 78 80 81 77 74 63 59 58 61 65 60 58 71 76 129 77 61 63 63 60 -9999 -9999 -9999 -9999 -9999
-9999 -9999 -9999 -9999 -9999 -9999 -9999 -9999 -9999 -9999 -9999 -9999 -9999 150 196 219 221 200 169 159 150 138 129 140 139 155 167 164 150 156 157 149 151 144 122 111 112 117 118 119 140 114 125 128 119 97 111 99 98 105 103 96 83 101 86 68 72 69 68 66 63 66 65 64 62 59 60 72 116 109 87 65 67 67 65 -9999 -9999 -9999 -9999 -9999 -9999
-9999 -9999 -9999 -9999 -9999 -9999 -9999 -9999 -9999 -9999 -9999 -9999 -9999 189 227 229 206 176 151 147 136 129 129 135 148 165 172 168 163 151 157 152 145 142 119 116 120 117 134 122 132 139 121 99 104 97 109 108 89 104 104 92 86 80 72 70 77 66 77 90 67 65 62 62 61 70 77 88 79 68 71 79 77 75 -9999 -9999 -9999 -9999 -9999 -9999 -9999
-9999 -9999 -9999 -9999 -9999 -9999 -9999 -9999 -9999 -9999 -9999 -9999 180 217 231 223 189 159 145 138 132 139 150 138 147 160 160 166 162 159 154 149 141 134 118 115 114 114 117 125 120 117 117 110 91 93 97 105 89 90 97 92 85 75 73 82 74 81 74 69 65 62 62 62 66 72 68 68 68 72 84 75 -9999 -9999 -9999 -9999 -9999 -9999 -9999 -9999 -9999
-9999 -9999 -9999 -9999 -9999 -9999 -9999 -9999 -9999 -9999 -9999 152 186 227 231 187 169 150 149 148 150 160 171 152 148 153 155 159 157 158 155 149 142 127 119 116 116 123 118 113 119 110 103 102 88 95 102 104 88 84 80 79 80 74 79 75 78 79 69 69 66 67 66 67 72 74 77 81 80 77 70 -9999 -9999 -9999 -9999 -9999 -9999 -9999 -9999 -9999 -9999
-9999 -9999 -9999 -9999 -9999 -9999 -9999 -9999 -9999 -9999 -9999 170 173 219 228 172 160 163 172 178 175 166 166 171 173 171 171 171 161 154 153 146 134 125 125 120 122 114 123 108 119 108 115 105 88 90 93 87 81 78 79 78 75 74 75 73 70 71 71 69 69 67 72 77 79 77 75 74 68 64 61 -9999 -9999 -9999 -9999 -9999 -9999 -9999 -9999 -9999 -9999
-9999 -9999 -9999 -9999 -9999 -9999 -9999 -9999 -9999 -9999 152 163 168 184 175 173 187 185 185 181 193 191 182 166 166 179 177 171 164 156 151 141 138 131 135 127 122 123 116 104 117 109 113 95 81 88 87 95 81 79 82 77 77 85 75 72 80 79 69 73 81 80 80 78 76 73 77 72 62 -9999 61 58 -9999 -9999 -9999 -9999 -9999 -9999 -9999 -9999 -9999
-9999 -9999 -9999 -9999 -9999 -9999 -9999 -9999 -9999 -9999 161 183 176 189 185 183 207 215 212 208 198 203 196 183 163 171 175 169 163 157 150 141 137 134 132 130 125 116 110 94 114 95 93 80 87 102 99 94 81 77 76 74 81 76 73 73 74 75 80 80 82 80 80 79 74 72 73 -9999 -9999 -9999 -9999 -9999 -9999 -9999 -9999 -9999 -9999 -9999 -9999 -9999 -9999
-9999 -9999 -9999 -9999 -9999 -9999 -9999 -9999 -9999 164 170 200 208 210 216 204 211 219 221 217 211 211 211 195 175 165 170 170 162 155 149 140 134 129 130 116 110 113 102 92 101 97 96 76 90 87 75 71 71 71 73 74 74 74 75 78 81 81 79 77 81 78 77 77 75 71 65 -9999 -9999 -9999 -9999 -9999 -9999 -9999 -9999 -9999 -9999 -9999 -9999 -9999 -9999
-9999 -9999 -9999 -9999 -9999 -9999 -9999 -9999 173 174 188 195 211 225 240 238 223 220 224 224 230 220 205 197 183 171 169 168 158 152 147 140 133 137 125 123 125 108 87 108 100 82 79 74 72 69 66 65 65 68 71 72 73 74 75 76 76 78 80 77 78 76 76 76 73 66 66 -9999 -9999 -9999 -9999 -9999 -9999 -9999 -9999 -9999 -9999 -9999 -9999 -9999 -9999
-9999 -9999 -9999 -9999 -9999 -9999 -9999 -9999 187 190 200 223 228 241 246 243 236 230 229 223 233 226 215 201 196 181 176 165 158 150 142 140 136 127 124 108 106 95 84 76 71 68 67 69 75 82 72 67 65 68 70 69 67 66 65 67 69 72 73 74 73 72 72 68 65 60 -9999 -9999 -9999 -9999 -9999 -9999 -9999 -9999 -9999 -9999 -9999 -9999 -9999 -9999 -9999
-9999 -9999 -9999 -9999 -9999 -9999 189 191 204 215 215 214 234 249 254 249 255 247 245 231 234 224 201 191 200 176 170 164 156 150 141 136 134 122 117 100 113 107 93 86 91 84 81 73 82 80 67 65 62 65 63 60 60 59 59 62 64 67 72 69 67 69 71 73 64 -9999 -9999 -9999 -9999 -9999 -9999 -9999 -9999 -9999 -9999 -9999 -9999 -9999 -9999 -9999 -9999
-9999 -9999 -9999 -9999 -9999 194 194 202 218 235 235 227 233 245 229 233 265 262 252 237 212 224 196 183 183 169 165 161 152 144 135 123 113 111 97 91 118 115 100 101 87 98 93 64 74 76 61 64 59 58 58 56 57 58 59 58 63 64 72 64 62 62 72 66 61 -9999 -9999 -9999 -9999 -9999 -9999 -9999 -9999 -9999 -9999 -9999 -9999 -9999 -9999 -9999 -9999
-9999 -9999 -9999 -9999 202 201 210 224 224 231 242 245 235 243 235 254 264 264 253 216 209 207 186 183 180 174 164 155 151 144 141 131 123 112 101 91 82 84 84 88 72 87 67 60 65 65 58 57 56 57 55 54 54 56 57 61 67 63 62 59 57 58 69 65 -9999 -9999 -9999 -9999 -9999 -9999 -9999 -9999 -9999 -9999 -9999 -9999 -9999 -9999 -9999 -9999 -9999
-9999 -9999 -9999 208 209 214 209 222 239 244 244 241 238 239 246 245 247 244 221 219 236 224 221 204 183 167 157 152 146 140 135 132 125 106 97 84 73 69 77 92 65 65 61 60 60 58 55 52 51 49 48 50 52 55 63 65 62 62 62 61 59 61 64 62 -9999 -9999 -9999 -9999 -9999 -9999 -9999 -9999 -9999 -9999 -9999 -9999 -9999 -9999 -9999 -9999 -9999
-9999 -9999 212 212 213 221 218 227 235 245 229 240 236 216 199 201 217 243 203 230 213 192 189 177 163 161 154 150 144 138 136 134 122 107 86 84 86 75 71 88 62 61 60 58 55 53 51 49 48 46 46 47 54 60 63 60 59 62 62 61 60 65 66 -9999 -9999 -9999 -9999 -9999 -9999 -9999 -9999 -9999 -9999 -9999 -9999 -9999 -9999 -9999 -9999 -9999 -9999
-9999 211 213 217 215 217 221 222 225 237 218 217 219 214 211 194 216 187 187 209 188 177 172 171 164 160 156 146 137 133 133 136 124 111 108 114 107 79 71 71 61 60 59 56 54 51 49 46 45 47 50 51 52 55 56 57 60 62 61 58 61 60 -9999 -9999 -9999 -9999 -9999 -9999 -9999 -9999 -9999 -9999 -9999 -9999 -9999 -9999 -9999 -9999 -9999 -9999 -9999
216 215 216 217 218 219 221 221 224 226 215 202 198 194 194 184 192 176 175 179 175 166 162 162 155 152 148 141 134 125 130 124 114 108 110 116 94 72 66 63 61 60 58 55 53 49 48 47 53 56 52 49 53 52 54 57 58 59 58 56 57 59 -9999 -9999 -9999 -9999 -9999 -9999 -9999 -9999 -9999 -9999 -9999 -9999 -9999 -9999 -9999 -9999 -9999 -9999 -9999
217 211 209 207 208 211 216 212 198 193 190 186 183 181 178 178 177 174 170 177 168 162 159 158 153 148 142 133 129 126 114 109 104 96 106 110 93 72 73 64 60 58 56 53 52 49 48 48 49 48 46 46 47 53 56 56 58 58 57 57 55 -9999 -9999 -9999 -9999 -9999 -9999 -9999 -9999 -9999 -9999 -9999 -9999 -9999 -9999 -9999 -9999 -9999 -9999 -9999 -9999
206 204 207 192 194 195 198 183 183 177 179 177 180 175 173 177 174 173 174 168 173 160 154 154 147 142 137 126 130 127 112 99 106 115 107 97 82 79 72 65 59 58 55 53 53 50 48 48 47 47 46 45 52 51 52 55 55 55 57 54 -9999 -9999 -9999 -9999 -9999 -9999 -9999 -9999 -9999 -9999 -9999 -9999 -9999 -9999 -9999 -9999 -9999 -9999 -9999 -9999 -9999
204 190 196 190 179 178 184 173 171 168 170 178 168 165 169 170 168 161 162 162 160 154 149 143 137 130 134 119 118 120 102 102 115 106 91 101 84 68 64 62 60 57 54 55 54 51 48 47 44 44 44 48 51 49 51 51 51 -9999 -9999 -9999 -9999 -9999 -9999 -9999 -9999 -9999 -9999 -9999 -9999 -9999 -9999 -9999 -9999 -9999 -9999 -9999 -9999 -9999 -9999 -9999 -9999
195 187 179 176 180 176 167 163 166 169 172 169 155 150 156 164 158 153 155 151 147 147 145 136 124 119 116 109 103 99 103 118 102 88 84 75 67 69 66 62 58 57 55 53 51 50 48 45 44 48 50 50 49 49 50 48 -9999 -9999 -9999 -9999 -9999 -9999 -9999 -9999 -9999 -9999 -9999 -9999 -9999 -9999 -9999 -9999 -9999 -9999 -9999 -9999 -9999 -9999 -9999 -9999 -9999
178 179 181 183 182 162 156 172 173 161 174 160 151 136 134 157 156 141 150 153 141 140 140 136 118 122 106 104 96 99 123 98 88 80 71 67 70 68 64 63 60 60 58 55 51 50 48 46 45 48 47 45 46 -9999 -9999 -9999 -9999 -9999 -9999 -9999 -9999 -9999 -9999 -9999 -9999 -9999 -9999 -9999 -9999 -9999 -9999 -9999 -9999 -9999 -9999 -9999 -9999 -9999 -9999 -9999 -9999
171 168 171 179 183 154 166 170 161 142 168 153 143 134 109 122 143 136 124 135 128 137 130 119 115 107 100 98 93 94 110 93 86 71 68 70 72 70 64 60 58 56 55 53 52 51 48 46 45 45 45 -9999 -9999 -9999 -9999 -9999 -9999 -9999 -9999 -9999 -9999 -9999 -9999 -9999 -9999 -9999 -9999 -9999 -9999 -9999 -9999 -9999 -9999 -9999 -9999 -9999 -9999 -9999 -9999 -9999 -9999
179 173 167 179 181 155 170 162 148 126 162 141 155 150 116 83 89 118 93 94 137 140 113 100 100 97 91 87 86 95 87 79 74 71 72 71 66 65 63 59 56 54 53 52 51 50 49 46 45 -9999 -9999 -9999 -9999 -9999 -9999 -9999 -9999 -9999 -9999 -9999 -9999 -9999 -9999 -9999 -9999 -9999 -9999 -9999 -9999 -9999 -9999 -9999 -9999 -9999 -9999 -9999 -9999 -9999 -9999 -9999 -9999
155 164 166 184 178 164 155 159 160 130 108 106 113 130 120 82 83 78 104 94 124 142 108 90 102 110 113 94 81 81 79 84 81 70 69 69 67 64 59 55 54 54 53 52 51 50 47 45 -9999 -9999 -9999 -9999 -9999 -9999 -9999 -9999 -9999 -9999 -9999 -9999 -9999 -9999 -9999 -9999 -9999 -9999 -9999 -9999 -9999 -9999 -9999 -9999 -9999 -9999 -9999 -9999 -9999 -9999 -9999 -9999 -9999
156 163 181 165 142 134 121 126 131 120 107 88 83 79 74 77 88 64 77 70 111 124 103 109 115 107 91 83 75 74 72 71 70 68 69 64 62 60 57 55 53 52 52 51 49 48 46 44 -9999 -9999 -9999 -9999 -9999 -9999 -9999 -9999 -9999 -9999 -9999 -9999 -9999 -9999 -9999 -9999 -9999 -9999 -9999 -9999 -9999 -9999 -9999 -9999 -9999 -9999 -9999 -9999 -9999 -9999 -9999 -9999 -9999
178 180 163 156 158 171 166 130 101 95 100 95 86 79 71 66 64 68 54 59 75 107 97 92 81 78 72 72 72 71 70 69 68 66 64 62 60 58 55 53 52 50 49 48 47 46 44 44 -9999 -9999 -9999 -9999 -9999 -9999 -9999 -9999 -9999 -9999 -9999 -9999 -9999 -9999 -9999 -9999 -9999 -9999 -9999 -9999 -9999 -9999 -9999 -9999 -9999 -9999 -9999 -9999 -9999 -9999 -9999 -9999 -9999
149 165 179 150 139 180 156 146 114 99 129 134 134 133 111 107 85 56 52 53 57 73 101 112 84 73 72 71 68 67 66 65 65 63 62 60 58 55 53 51 50 48 47 46 45 44 43 -9999 -9999 -9999 -9999 -9999 -9999 -9999 -9999 -9999 -9999 -9999 -9999 -9999 -9999 -9999 -9999 -9999 -9999 -9999 -9999 -9999 -9999 -9999 -9999 -9999 -9999 -9999 -9999 -9999 -9999 -9999 -9999 -9999 -9999
141 135 163 121 154 143 135 120 125 86 85 115 120 122 109 130 118 73 74 59 56 65 97 79 69 68 70 69 67 66 64 63 61 60 58 56 55 53 51 50 48 47 46 44 44 42 41 40 -9999 -9999 -9999 -9999 -9999 -9999 -9999 -9999 -9999 -9999 -9999 -9999 -9999 -9999 -9999 -9999 -9999 -9999 -9999 -9999 -9999 -9999 -9999 -9999 -9999 -9999 -9999 -9999 -9999 -9999 -9999 -9999 -9999
160 109 114 126 137 143 141 112 103 82 75 95 135 120 106 121 108 93 122 75 62 60 65 65 66 67 69 67 64 61 61 59 58 55 54 53 52 51 50 48 47 46 44 43 41 40 39 39 -9999 -9999 -9999 -9999 -9999 -9999 -9999 -9999 -9999 -9999 -9999 -9999 -9999 -9999 -9999 -9999 -9999 -9999 -9999 -9999 -9999 -9999 -9999 -9999 -9999 -9999 -9999 -9999 -9999 -9999 -9999 -9999 -9999
140 125 88 141 130 112 146 105 118 76 71 77 101 144 124 92 81 106 125 86 66 65 65 69 67 68 68 62 61 58 56 54 53 52 51 50 49 48 47 47 46 45 43 41 39 38 37 37 -9999 -9999 -9999 -9999 -9999 -9999 -9999 -9999 -9999 -9999 -9999 -9999 -9999 -9999 -9999 -9999 -9999 -9999 -9999 -9999 -9999 -9999 -9999 -9999 -9999 -9999 -9999 -9999 -9999 -9999 -9999 -9999 -9999
