Electronic Materials (Flash Drives)/data/NZclimate/2050/ccsm_4_2050/bio13nz.asc
ncols         384
nrows         384
xllcorner     164
yllcorner     -49
cellsize      0.041666666666667
NODATA_value  -9999
[rows 280 to 314 of 384, columns 80 to 159 of 384]
-9999 -9999 -9999 -9999 -9999 482 434 424 360 335 317 326 357 386 334 310 277 285 323 274 275 282 240 213 207 247 226 199 273 284 246 217 173 165 182 215 197 236 153 95 114 136 78 72 69 67 68 76 122 105 84 77 78 80 92 109 106 163 173 130 127 103 147 145 125 95 82 67 81 91 104 88 67 64 67 67 68 70 73 75
-9999 -9999 -9999 -9999 403 423 384 338 316 306 356 385 416 298 281 283 280 280 266 266 268 245 237 199 187 186 183 210 271 243 213 204 167 132 187 241 210 146 123 135 166 155 97 67 69 67 65 65 85 105 99 95 76 80 80 80 110 126 185 134 95 84 103 169 138 117 95 76 71 90 141 127 75 65 65 65 68 74 77 79
-9999 -9999 385 366 371 313 368 368 304 289 342 287 288 310 284 278 267 269 256 248 250 261 263 198 191 162 172 231 250 244 257 210 177 140 196 223 193 135 156 190 154 90 83 136 120 90 77 65 68 95 81 68 64 74 78 85 93 98 137 124 100 77 82 148 136 114 89 107 85 77 113 141 88 68 66 65 65 68 73 74
379 367 349 319 364 318 330 306 290 284 283 280 272 269 266 275 264 249 231 228 235 221 273 210 166 156 189 236 237 201 208 172 139 134 191 184 153 137 171 119 95 78 125 166 162 149 138 78 62 63 62 63 65 73 92 127 119 112 84 102 81 73 73 112 132 108 109 119 108 95 102 135 104 80 70 65 65 65 66 68
358 316 330 325 330 295 297 301 279 278 273 276 271 258 251 254 261 248 222 214 237 198 217 240 159 148 178 209 236 180 167 140 125 178 185 132 172 143 202 136 82 110 176 187 206 163 98 65 60 60 61 64 89 105 134 136 146 107 71 72 71 70 70 86 128 125 123 117 108 87 86 108 117 109 78 74 67 66 67 67
314 324 291 291 300 302 289 271 269 259 258 264 255 255 241 241 230 214 215 209 235 221 180 186 154 142 171 239 182 162 153 136 117 144 147 136 121 129 160 110 119 153 183 204 171 87 61 59 59 59 61 73 110 122 102 121 95 72 65 67 66 70 77 74 91 125 121 108 103 96 98 106 107 85 85 78 72 71 67 67
303 321 296 285 272 266 267 259 257 258 250 245 245 241 234 233 209 221 226 234 193 207 190 162 145 137 148 191 174 167 127 114 132 130 107 92 94 152 153 125 147 136 170 160 83 60 59 62 66 70 76 80 98 104 84 79 67 63 62 63 64 69 70 73 78 94 113 112 106 93 95 96 84 75 73 74 74 69 67 69
280 293 291 277 263 260 258 246 244 247 244 228 224 237 209 220 197 230 206 237 209 171 171 223 163 131 127 148 176 142 127 133 101 87 81 79 79 101 137 143 113 101 135 100 61 59 61 76 98 118 119 98 89 80 64 60 59 59 59 66 73 66 66 67 71 76 77 75 70 67 69 75 94 84 79 73 70 69 70 69
274 270 261 253 248 245 249 239 241 223 236 219 209 206 204 214 190 199 220 233 204 178 178 214 189 127 121 181 169 116 151 115 97 86 88 109 108 94 78 83 79 80 79 76 59 59 70 105 140 151 124 86 65 60 58 58 57 57 61 71 61 64 72 66 65 67 68 66 65 64 65 75 104 93 85 78 76 75 74 71
262 255 259 253 245 233 248 231 217 211 214 202 194 190 212 183 179 198 211 206 216 152 190 191 166 121 114 131 112 102 96 90 85 82 100 214 195 142 109 94 72 93 77 60 58 62 84 115 140 100 71 59 58 57 56 55 57 59 58 58 65 79 66 61 61 62 62 61 62 61 62 67 91 107 94 80 78 78 78 76
252 251 239 236 236 220 217 228 223 204 187 177 171 166 171 165 205 205 191 189 194 145 169 184 141 118 109 105 100 103 120 159 87 79 113 191 194 151 117 91 96 101 86 61 60 73 68 64 78 63 57 57 57 57 55 56 59 56 57 63 80 70 60 57 57 58 58 58 59 59 61 65 73 99 89 90 84 82 84 79
242 249 239 219 211 205 197 191 195 199 178 158 152 151 151 157 179 186 207 156 158 190 149 173 128 137 133 133 150 152 163 135 106 79 113 184 199 162 124 93 107 117 104 68 63 78 89 57 58 55 55 55 55 57 61 60 56 56 60 75 82 67 58 56 55 55 55 56 57 58 60 64 70 82 99 90 95 89 84 78
251 239 229 228 227 219 203 180 168 160 151 143 140 140 140 148 174 161 193 142 171 177 170 123 133 158 168 154 165 136 123 101 92 79 123 186 183 167 112 83 92 122 104 82 72 66 66 54 52 53 52 52 54 58 65 57 56 58 69 83 82 69 57 56 55 54 54 54 56 57 60 64 73 74 82 98 96 88 85 85
236 217 231 231 224 223 221 200 159 149 142 134 132 131 138 143 171 143 184 164 147 155 147 120 131 180 156 133 120 134 125 153 128 79 111 153 186 153 95 96 114 158 136 109 83 75 60 53 52 52 52 54 57 61 61 58 58 63 69 78 85 66 57 56 55 55 57 61 69 66 62 68 77 73 73 78 81 82 85 84
235 202 210 206 219 219 203 199 173 141 135 129 127 126 132 131 136 164 157 170 141 147 122 136 163 171 146 150 151 152 145 133 155 83 90 158 164 123 108 138 146 170 152 129 122 101 65 55 53 55 57 57 58 61 65 66 67 73 78 82 82 63 57 56 58 60 70 82 82 73 62 67 73 78 74 70 75 81 85 85
229 212 184 194 174 204 202 193 169 135 128 123 124 121 121 140 127 136 142 144 120 117 140 184 157 161 164 168 157 134 105 120 122 83 96 152 128 98 135 155 161 147 149 134 145 124 75 60 59 65 61 62 71 70 71 71 76 81 83 88 75 58 57 59 70 81 97 102 94 71 62 69 72 76 78 71 70 72 78 81
221 222 221 205 181 162 150 140 133 127 121 118 116 119 116 120 119 130 116 127 125 116 153 180 146 127 125 122 105 101 101 106 83 97 142 128 98 126 153 162 142 139 132 150 142 124 71 61 66 77 74 78 76 75 78 80 85 86 95 91 73 61 62 63 81 95 105 105 82 63 64 71 76 73 74 76 76 73 70 74
196 204 221 198 188 206 189 148 126 121 117 114 113 111 123 119 125 118 119 128 114 154 145 160 157 120 106 124 104 90 90 85 84 99 138 108 121 138 156 155 134 116 115 128 148 117 73 60 70 78 83 82 82 80 80 81 89 99 95 83 70 68 68 75 97 110 106 80 64 64 70 73 73 74 76 77 79 78 73 69
193 194 209 199 184 163 157 134 122 117 114 111 110 109 118 114 114 106 107 112 148 144 153 164 135 137 104 116 106 94 92 94 83 88 108 127 140 147 145 126 124 101 99 118 130 121 78 61 63 73 87 86 84 84 82 83 89 88 82 72 68 70 79 92 104 111 79 63 64 68 75 72 73 78 79 80 79 79 77 71
179 176 179 155 148 138 131 127 120 116 113 110 109 107 109 107 105 105 104 115 130 119 134 135 111 112 109 95 94 92 88 90 85 96 97 114 134 143 134 118 106 87 83 108 109 112 77 60 64 75 84 89 91 87 86 83 83 79 75 70 75 84 93 102 107 84 65 65 67 72 74 73 76 79 85 83 81 79 77 72
183 172 155 147 141 135 129 123 118 113 110 108 107 106 106 103 109 109 104 105 104 112 108 103 105 103 97 95 92 89 91 93 88 90 101 105 118 112 116 112 89 82 93 100 101 99 77 62 69 75 77 79 87 90 84 82 83 77 78 85 92 89 89 94 95 67 66 67 68 71 74 74 79 84 87 83 82 81 78 74
187 162 187 171 140 132 127 121 117 113 111 108 107 106 105 108 110 104 103 100 107 113 99 103 99 95 94 94 101 99 93 90 97 108 103 108 102 88 87 87 81 102 121 106 93 100 95 68 71 74 77 79 82 84 82 81 90 85 88 90 90 88 88 90 78 67 68 69 70 72 74 77 84 86 86 87 85 85 80 76
163 194 193 194 151 131 128 123 116 112 111 114 120 127 122 125 135 104 103 99 100 108 99 97 96 95 94 96 118 108 98 94 107 99 99 96 92 85 84 82 94 113 113 101 91 101 98 73 69 73 74 80 88 89 87 90 99 96 93 99 95 87 77 72 70 70 70 71 73 74 77 79 84 88 87 88 86 80 76 73
161 205 179 172 176 140 128 129 115 112 125 154 161 157 146 113 120 103 100 99 99 98 98 97 97 96 96 101 102 105 103 95 103 96 94 94 90 87 87 92 96 106 101 90 88 90 86 78 73 73 75 79 83 92 96 104 105 98 103 103 94 82 79 77 77 76 75 75 75 76 78 82 87 86 90 89 87 84 80 76
175 189 190 164 192 144 122 118 114 115 150 160 163 142 120 108 115 103 99 99 99 98 98 98 97 97 98 101 99 100 99 95 97 97 94 92 91 90 96 94 104 97 94 92 94 93 88 83 80 81 78 79 81 82 90 105 106 105 107 102 92 81 81 78 77 79 78 78 78 79 81 83 87 93 94 95 92 88 87 80
165 188 175 144 144 130 122 119 115 117 142 159 165 146 120 109 105 101 99 99 99 100 102 101 99 98 98 99 100 98 98 96 95 95 94 93 93 93 96 101 106 98 97 94 96 95 93 88 86 89 84 81 82 83 87 95 102 107 106 100 89 89 87 85 84 85 86 85 84 83 84 86 88 95 97 99 101 84 80 78
162 185 182 140 128 124 121 117 113 117 149 154 139 136 110 116 110 108 102 98 99 99 103 102 100 99 99 98 100 99 98 96 96 95 94 96 101 97 99 100 104 101 97 92 93 94 91 89 89 88 88 86 85 86 85 91 93 98 101 100 92 90 88 86 84 85 87 87 86 87 88 88 91 97 101 102 107 91 95 85
154 182 156 132 128 126 120 116 112 109 116 123 117 111 109 113 113 109 101 98 100 101 100 102 101 100 100 100 100 100 99 97 96 95 95 97 97 101 100 100 101 99 98 97 97 94 94 92 91 91 91 89 87 85 87 91 91 91 91 89 87 87 89 89 89 89 89 88 86 87 88 90 93 98 108 105 112 109 90 78
146 171 142 135 140 126 121 115 111 108 106 107 108 111 110 108 112 104 99 98 103 106 100 100 100 102 105 103 102 101 100 99 97 96 95 95 96 100 98 100 103 99 99 97 94 92 92 92 93 97 96 90 88 86 85 85 89 93 92 89 89 90 91 92 94 95 99 95 85 85 87 86 86 90 108 105 93 97 88 85
162 144 145 145 129 125 118 115 111 107 104 103 105 107 105 104 106 105 99 98 103 105 100 100 101 105 111 110 107 103 102 101 98 97 96 96 98 100 100 99 100 98 99 97 95 94 95 95 100 103 97 92 90 89 86 83 83 85 89 89 88 92 95 93 96 97 98 87 85 86 86 87 91 88 93 91 87 89 96 88
167 153 139 129 126 121 118 116 114 109 105 104 103 101 102 103 103 101 99 99 103 106 102 100 102 107 113 113 115 112 105 101 100 100 98 98 98 102 101 100 100 100 100 98 97 96 96 104 109 102 96 91 90 88 85 82 84 83 83 84 88 96 98 95 87 85 82 83 85 87 90 89 90 86 88 -9999 -9999 -9999 -9999 -9999
146 137 133 129 126 122 120 117 115 111 107 107 105 110 104 102 101 100 98 98 101 103 105 101 101 108 115 113 118 118 119 117 112 108 103 101 101 102 103 103 102 102 101 100 101 97 100 106 101 99 93 88 87 86 84 86 87 82 80 82 92 95 96 93 85 81 81 83 85 88 88 -9999 -9999 -9999 -9999 -9999 -9999 -9999 -9999 -9999
142 137 133 129 126 123 119 117 115 114 111 111 109 107 105 104 101 99 98 98 98 98 100 101 102 105 112 119 122 122 123 120 119 116 113 114 111 106 105 106 105 105 105 103 103 99 103 101 98 93 89 86 83 82 85 86 83 82 83 85 89 89 88 86 82 79 82 86 85 86 -9999 -9999 -9999 -9999 -9999 -9999 -9999 -9999 -9999 -9999
141 137 134 130 127 124 121 118 117 116 114 114 113 111 112 110 105 100 98 97 97 98 99 100 101 103 106 112 114 123 125 124 124 123 122 118 118 112 108 108 107 108 107 109 107 103 103 100 96 91 87 84 81 80 81 81 82 86 89 82 82 85 81 81 81 86 88 89 84 84 -9999 -9999 -9999 -9999 -9999 -9999 -9999 -9999 -9999 -9999
145 137 134 131 128 126 123 121 119 118 116 115 113 113 116 115 111 104 99 98 98 98 99 100 102 105 105 108 114 122 125 127 126 126 121 117 114 113 111 113 114 111 110 110 108 106 105 100 98 92 87 83 79 78 78 79 81 85 86 80 78 77 78 78 82 91 90 84 83 -9999 -9999 -9999 -9999 -9999 -9999 -9999 -9999 -9999 -9999 -9999
