Electronic Materials (Flash Drives)/data/NZclimate/2050/ccsm_4_2050/bio12nz.asc
ncols         384
nrows         384
xllcorner     164
yllcorner     -49
cellsize      0.041666666666667
NODATA_value  -9999
[rows 210 to 244 of 384, columns 156 to 233 of 384]
-9999 -9999 -9999 -9999 -9999 -9999 -9999 -9999 -9999 -9999 -9999 -9999 -9999 -9999 -9999 -9999 -9999 -9999 -9999 -9999 -9999 -9999 2401 2413 2362 2345 2297 2326 2454 3088 3154 3056 2848 2502 2571 2591 2305 2687 2440 2257 2088 2066 1946 1867 1960 1898 2164 2063 2073 2095 2025 1968 1895 1834 1763 1723 1680 1602 1562 1459 1658 1710 1398 1342 1255 1212 1420 1901 1308 1057 1181 1067 1215 982 1025 1307 1247 1316
-9999 -9999 -9999 -9999 -9999 -9999 -9999 -9999 -9999 -9999 -9999 -9999 -9999 -9999 -9999 -9999 -9999 -9999 -9999 -9999 -9999 -9999 2385 2390 2359 2385 2354 2341 2880 2944 2672 2769 2550 2404 2469 2484 2404 2368 2327 2305 2207 2037 2085 1885 1933 1847 2038 1869 2080 2134 1963 1948 1875 1844 1803 1703 1645 1878 1519 1652 1962 1566 1310 1611 1212 1234 1705 1520 1096 1177 1090 1154 1080 1125 1238 1498 1155 984
-9999 -9999 -9999 -9999 -9999 -9999 -9999 -9999 -9999 -9999 -9999 -9999 -9999 -9999 -9999 -9999 -9999 -9999 -9999 -9999 -9999 -9999 2368 2389 2401 2507 2920 3251 2804 2577 2597 2384 2404 2394 2369 2306 2480 2910 2775 2430 2313 2055 2044 1926 2150 1997 2143 1870 2047 2067 2024 1840 1858 1914 2100 1876 1978 1885 1565 2050 1967 1903 1379 1526 1229 2017 1798 1252 1065 1297 1090 1385 1105 1027 1088 1169 945 932
-9999 -9999 -9999 -9999 -9999 -9999 -9999 -9999 -9999 -9999 -9999 -9999 -9999 -9999 -9999 -9999 -9999 -9999 -9999 -9999 -9999 -9999 2393 2429 2486 2770 3412 3786 3083 3132 2719 2564 2628 2328 2301 2296 2587 3096 2948 2425 2536 2104 2090 1935 2160 2095 2183 1939 2010 1976 1980 1814 1799 2405 2260 1762 2235 1752 1754 2162 1828 1542 1921 1262 1576 1891 1346 1401 1480 1335 1429 1257 1169 935 887 921 973 1180
-9999 -9999 -9999 -9999 -9999 -9999 -9999 -9999 -9999 -9999 -9999 -9999 -9999 -9999 -9999 -9999 -9999 -9999 -9999 -9999 -9999 2391 2679 2565 2596 3407 3894 3581 3026 3550 2796 2843 2626 2242 2268 2341 2820 3097 2717 2529 2092 2250 2241 2098 2176 2285 2139 2125 1937 2066 2052 1873 1948 2412 2103 1850 2070 1569 1825 1907 2042 1712 1496 1316 1666 1910 1856 1818 1683 1177 1080 1056 933 902 1165 1193 1271 1798
-9999 -9999 -9999 -9999 -9999 -9999 -9999 -9999 -9999 -9999 -9999 -9999 -9999 -9999 -9999 -9999 -9999 -9999 -9999 -9999 -9999 2580 2861 2622 2723 3675 3911 3297 3556 3559 3291 2753 2294 2204 2268 2684 3132 3061 2876 2550 2060 2333 2710 2248 2113 2111 1986 1903 1874 2264 2234 2009 1977 2348 1967 2174 1944 1548 1882 2237 2174 1862 1793 1962 1698 1868 1662 1793 1727 1196 913 1023 981 1108 2158 2373 1971 1411
-9999 -9999 -9999 -9999 -9999 -9999 -9999 -9999 -9999 -9999 -9999 -9999 -9999 -9999 -9999 -9999 -9999 -9999 -9999 -9999 2524 2754 2902 2827 3029 3861 3850 3838 3692 3487 3116 2404 2195 2246 2376 2737 2843 2997 2985 2674 2263 2424 2487 2154 1944 2079 2114 1959 1808 2368 2006 2438 2034 2396 2382 2284 2021 1474 1906 1985 2044 1917 2031 1549 1436 1442 1479 1764 953 865 899 1265 1331 1785 2193 2506 1580 985
-9999 -9999 -9999 -9999 -9999 -9999 -9999 -9999 -9999 -9999 -9999 -9999 -9999 -9999 -9999 -9999 -9999 -9999 -9999 -9999 2782 3102 2643 2838 3829 4005 3904 3705 3835 3613 2675 2304 2189 2304 2678 2863 2809 2921 2946 2776 2259 2361 2155 2141 2189 2262 2474 2077 1956 2610 2102 2371 2464 2424 2015 1884 1685 1752 1644 2037 1623 1946 1726 1313 1233 1384 955 834 893 1022 904 1332 1921 2091 1166 1061 980 972
-9999 -9999 -9999 -9999 -9999 -9999 -9999 -9999 -9999 -9999 -9999 -9999 -9999 -9999 -9999 -9999 -9999 -9999 -9999 2476 2821 2678 2928 3605 4023 3729 3618 3787 3598 2903 2418 2537 2168 2546 2681 2785 3036 2828 2857 2903 2306 2047 2091 2080 2076 2456 2562 2141 1901 2578 2278 2499 2447 2445 2038 2113 2302 1688 1676 1620 1295 1409 1195 1120 1101 931 862 1024 1162 1252 1414 2069 1347 1178 948 979 1000 1129
-9999 -9999 -9999 -9999 -9999 -9999 -9999 -9999 -9999 -9999 -9999 -9999 -9999 -9999 -9999 -9999 -9999 -9999 -9999 2492 2664 3040 3332 3815 4040 3754 3743 3363 2633 2374 2418 2571 2571 2658 2725 2694 2607 2802 2944 2891 2405 2011 2116 2276 2272 2268 2752 2313 1897 2459 2533 2202 2148 2453 2079 1829 1824 1614 1351 1525 1286 1211 1100 1545 1066 1056 1280 1503 1237 1218 1744 1092 954 984 989 1053 1546 2016
-9999 -9999 -9999 -9999 -9999 -9999 -9999 -9999 -9999 -9999 -9999 -9999 -9999 -9999 -9999 -9999 -9999 -9999 -9999 2524 3073 3361 3769 4039 3813 3759 2976 2620 2369 2351 2475 2693 2934 2990 2495 2999 2993 2931 2915 2890 2360 2014 2052 2215 2275 2312 2756 2545 1939 2178 2618 1974 2182 1958 1881 2003 1994 1608 1337 1423 1491 1214 1362 1413 1431 1363 1287 1059 967 921 971 993 989 947 1254 1359 2416 1379
-9999 -9999 -9999 -9999 -9999 -9999 -9999 -9999 -9999 -9999 -9999 -9999 -9999 -9999 -9999 -9999 -9999 -9999 -9999 2613 3574 4092 4130 3706 3057 2863 2679 2438 2262 2503 2480 2851 3129 3096 2783 2955 3029 2861 2913 2773 2272 2030 2082 2207 2222 2256 2686 2146 2361 2429 2240 1765 2078 1813 1786 1949 1909 1753 1463 1856 1541 1128 1238 1172 1171 1128 1050 1084 994 981 965 949 988 1258 2151 2019 1563 1062
-9999 -9999 -9999 -9999 -9999 -9999 -9999 -9999 -9999 -9999 -9999 -9999 -9999 -9999 -9999 -9999 -9999 -9999 -9999 3412 4246 4329 3805 3201 2688 2598 2382 2231 2215 2373 2653 3043 3241 3207 3104 2830 3012 2923 2785 2745 2201 2148 2282 2217 2568 2320 2521 2670 2296 1825 1928 1774 2026 2020 1599 1930 1930 1666 1551 1394 1211 1169 1341 1112 1351 1628 1079 1001 997 1016 965 1221 1368 1592 1412 1167 1092 1148
-9999 -9999 -9999 -9999 -9999 -9999 -9999 -9999 -9999 -9999 -9999 -9999 -9999 -9999 -9999 -9999 -9999 -9999 3202 3998 4332 4131 3456 2834 2535 2381 2264 2418 2637 2392 2600 2888 2907 3110 3049 3039 2958 2853 2693 2561 2144 2148 2154 2167 2218 2397 2276 2209 2202 2061 1633 1698 1783 1951 1606 1628 1780 1672 1513 1291 1210 1465 1260 1435 1248 1106 1024 986 1001 1001 1108 1245 1138 1055 1133 1108 1244 1112
-9999 -9999 -9999 -9999 -9999 -9999 -9999 -9999 -9999 -9999 -9999 -9999 -9999 -9999 -9999 -9999 -9999 2633 3332 4185 4319 3399 3027 2631 2585 2579 2594 2817 3050 2669 2584 2699 2759 2911 2877 3024 3010 2879 2734 2367 2188 2177 2196 2367 2255 2144 2270 2083 1932 1890 1587 1745 1889 1933 1571 1487 1411 1376 1396 1249 1390 1299 1341 1364 1095 1163 1078 1138 1082 1050 1093 1119 1139 1177 1184 1157 1061 -9999
-9999 -9999 -9999 -9999 -9999 -9999 -9999 -9999 -9999 -9999 -9999 -9999 -9999 -9999 -9999 -9999 -9999 2963 3050 3977 4210 3064 2795 2849 3014 3137 3083 2896 2902 3027 3082 3084 3134 3210 2961 2843 2956 2801 2492 2301 2368 2294 2323 2168 2343 2052 2260 2040 2180 1968 1602 1649 1710 1573 1411 1353 1363 1340 1258 1228 1244 1160 1130 1132 1201 1128 1110 1109 1106 1163 1167 1143 1133 1117 1070 1006 939 -9999
-9999 -9999 -9999 -9999 -9999 -9999 -9999 -9999 -9999 -9999 -9999 -9999 -9999 -9999 -9999 -9999 2588 2823 2931 3255 3063 3034 3296 3248 3222 3145 3392 3372 3204 2863 2874 3288 3414 3248 3137 2846 2825 2642 2628 2527 2609 2442 2341 2368 2214 1974 2219 2073 2140 1768 1452 1610 1589 1758 1439 1379 1453 1339 1322 1532 1269 1207 1417 1397 1134 1142 1217 1214 1211 1181 1151 1118 1145 1091 985 -9999 935 898
-9999 -9999 -9999 -9999 -9999 -9999 -9999 -9999 -9999 -9999 -9999 -9999 -9999 -9999 -9999 -9999 2779 3182 3046 3304 3213 3175 3625 3803 3719 3642 3428 3594 3446 3183 2755 3068 3392 3261 3120 2907 2748 2697 2621 2594 2544 2522 2412 2230 2094 1775 2167 1778 1741 1446 1597 1899 1827 1724 1450 1337 1321 1262 1440 1309 1209 1258 1210 1215 1229 1223 1240 1213 1210 1189 1139 1115 1109 -9999 -9999 -9999 -9999 -9999
-9999 -9999 -9999 -9999 -9999 -9999 -9999 -9999 -9999 -9999 -9999 -9999 -9999 -9999 -9999 2812 2922 3491 3615 3652 3769 3505 3636 3789 3851 3788 3638 3716 3808 3447 2986 2843 3075 3090 3066 2986 2881 2684 2585 2501 2516 2246 2115 2171 1943 1747 1919 1835 1794 1386 1659 1602 1318 1208 1150 1133 1162 1189 1222 1198 1197 1203 1233 1247 1218 1190 1228 1202 1198 1174 1147 1077 982 -9999 -9999 -9999 -9999 -9999
-9999 -9999 -9999 -9999 -9999 -9999 -9999 -9999 -9999 -9999 -9999 -9999 -9999 -9999 2862 2918 3188 3327 3609 3877 4188 4137 3761 3661 3758 3820 4153 3926 3515 3421 3113 2931 2946 3014 2830 2741 2785 2668 2562 2655 2416 2387 2419 2070 1639 2057 1893 1528 1453 1342 1282 1208 1098 1040 1014 1049 1104 1166 1174 1177 1151 1139 1138 1203 1227 1192 1214 1188 1191 1174 1120 997 984 -9999 -9999 -9999 -9999 -9999
-9999 -9999 -9999 -9999 -9999 -9999 -9999 -9999 -9999 -9999 -9999 -9999 -9999 -9999 3065 3153 3335 3798 3872 4142 4229 4134 3910 3777 3743 3644 4095 4153 3771 3519 3661 3498 3349 3171 3000 2790 2740 2734 2650 2457 2406 2086 2040 1820 1586 1410 1308 1247 1202 1231 1358 1491 1278 1153 1039 1132 1131 1078 1004 959 951 975 1026 1098 1115 1148 1153 1146 1132 1051 987 897 -9999 -9999 -9999 -9999 -9999 -9999
-9999 -9999 -9999 -9999 -9999 -9999 -9999 -9999 -9999 -9999 -9999 -9999 2961 3036 3305 3525 3541 3542 3912 4267 4452 4409 4223 4340 4188 3725 4037 4129 3862 3690 3665 3416 3286 3113 3014 2927 2751 2645 2603 2360 2268 1931 2176 2063 1775 1628 1718 1569 1504 1330 1504 1460 1152 1107 962 1045 957 844 828 827 841 896 937 1013 1117 1077 1067 1129 1124 1146 961 -9999 -9999 -9999 -9999 -9999 -9999 -9999
-9999 -9999 -9999 -9999 -9999 -9999 -9999 -9999 -9999 -9999 -9999 2990 3006 3166 3504 3907 3856 3732 3853 4533 4412 4464 4545 4570 4344 4323 4069 4213 3793 3573 3539 3313 3206 3098 2976 2797 2606 2363 2165 2128 1850 1745 2284 2222 1913 1938 1652 1863 1751 1152 1343 1374 1031 1088 888 833 794 780 788 813 849 825 945 958 1121 1014 987 984 1145 1045 926 -9999 -9999 -9999 -9999 -9999 -9999 -9999
-9999 -9999 -9999 -9999 -9999 -9999 -9999 -9999 -9999 -9999 3127 3107 3272 3578 3573 3715 3925 4025 3952 4201 4356 4535 4517 4396 4491 4066 4017 3972 3621 3549 3483 3341 3170 3033 2921 2810 2735 2557 2389 2162 1940 1751 1567 1604 1606 1668 1347 1643 1212 1052 1148 1143 950 901 847 853 764 741 754 770 802 904 1027 961 946 897 890 908 1099 1029 -9999 -9999 -9999 -9999 -9999 -9999 -9999 -9999
-9999 -9999 -9999 -9999 -9999 -9999 -9999 -9999 -9999 3237 3257 3355 3256 3478 3780 3961 3937 4240 4314 4283 4270 4406 4481 4504 4223 4048 4230 4044 4027 3749 3453 3234 3077 2973 2848 2736 2626 2581 2430 2058 1861 1625 1388 1301 1467 1756 1179 1184 1060 1015 1028 953 864 764 717 686 674 695 726 793 994 1028 956 957 941 906 896 949 993 957 -9999 -9999 -9999 -9999 -9999 -9999 -9999 -9999
-9999 -9999 -9999 -9999 -9999 -9999 -9999 -9999 3313 3320 3342 3480 3427 3581 3975 3906 4087 4063 4220 4109 3907 3926 4165 4489 3939 4347 4025 3712 3642 3445 3198 3140 3009 2904 2809 2688 2663 2611 2367 2063 1653 1597 1640 1416 1309 1676 1075 1047 1006 908 846 799 758 712 679 660 657 679 756 930 985 904 901 946 945 903 908 1008 1016 -9999 -9999 -9999 -9999 -9999 -9999 -9999 -9999 -9999
-9999 -9999 -9999 -9999 -9999 -9999 -9999 3333 3355 3429 3395 3431 3493 3502 3845 3827 3969 3978 4044 4050 4043 3809 4137 3682 3664 4026 3656 3458 3373 3343 3204 3104 2967 2850 2658 2607 2601 2663 2407 2164 2082 2210 2058 1494 1305 1307 1039 986 942 831 796 755 715 678 651 668 708 735 745 802 831 843 901 950 913 896 931 920 -9999 -9999 -9999 -9999 -9999 -9999 -9999 -9999 -9999 -9999
-9999 -9999 -9999 -9999 -9999 3394 3433 3431 3459 3604 3522 3550 3507 3514 3572 3673 3781 3812 3799 3775 3776 3618 3756 3483 3462 3517 3419 3272 3194 3167 3048 2966 2831 2725 2598 2403 2525 2427 2205 2094 2131 2237 1792 1339 1198 1095 1012 1018 907 788 767 724 701 695 815 881 768 718 767 769 800 840 869 890 898 882 894 920 -9999 -9999 -9999 -9999 -9999 -9999 -9999 -9999 -9999 -9999
-9999 -9999 -9999 3497 3474 3427 3485 3711 3649 3622 3585 3493 3454 3529 3595 3605 3628 3598 3605 3584 3530 3520 3491 3428 3366 3474 3313 3200 3136 3084 2982 2879 2770 2478 2473 2442 2181 2105 1993 1827 2042 2137 1786 1345 1348 1155 994 903 845 767 772 722 703 712 732 700 678 689 714 780 823 833 877 894 899 902 878 -9999 -9999 -9999 -9999 -9999 -9999 -9999 -9999 -9999 -9999 -9999
-9999 -9999 3581 3526 3469 3483 3668 3586 3490 3559 3492 3443 3398 3479 3595 3419 3543 3452 3554 3457 3434 3493 3416 3398 3398 3287 3352 3143 3029 2955 2815 2744 2664 2346 2533 2473 2152 1866 2033 2230 2067 1857 1543 1472 1317 1152 962 900 804 774 824 746 711 718 695 685 682 688 771 774 795 838 856 875 898 874 -9999 -9999 -9999 -9999 -9999 -9999 -9999 -9999 -9999 -9999 -9999 -9999
3818 3707 3629 3567 3485 3427 3522 3518 3387 3371 3423 3440 3285 3263 3319 3312 3365 3511 3321 3263 3346 3364 3320 3199 3197 3166 3093 2956 2844 2711 2585 2422 2620 2212 2271 2327 1923 1968 2230 2052 1738 1950 1585 1202 1108 1044 1000 879 794 864 873 773 699 678 651 656 669 713 763 752 792 817 836 -9999 -9999 -9999 -9999 -9999 -9999 -9999 -9999 -9999 -9999 -9999 -9999 -9999 -9999 -9999
3769 3721 3611 3605 3573 3345 3399 3358 3430 3401 3540 3467 3096 3138 3268 3356 3407 3350 3056 2962 3082 3249 3139 3032 3078 2989 2894 2894 2853 2619 2338 2199 2147 1954 1860 1795 1936 2294 1966 1637 1553 1340 1152 1220 1155 1062 908 875 846 771 736 726 681 658 651 701 743 742 747 758 783 798 -9999 -9999 -9999 -9999 -9999 -9999 -9999 -9999 -9999 -9999 -9999 -9999 -9999 -9999 -9999 -9999
3834 3623 3523 3521 3474 3330 3383 3480 3551 3597 3581 3155 3011 3399 3429 3203 3438 3194 3016 2713 2659 3116 3080 2787 2975 3040 2779 2775 2765 2698 2269 2366 1982 1963 1723 1840 2415 1877 1630 1443 1195 1130 1245 1192 1073 1061 1014 1006 962 846 748 715 688 671 666 702 699 695 710 -9999 -9999 -9999 -9999 -9999 -9999 -9999 -9999 -9999 -9999 -9999 -9999 -9999 -9999 -9999 -9999 -9999 -9999 -9999
3711 3596 3490 3421 3450 3403 3228 3239 3359 3509 3583 3021 3277 3365 3197 2827 3326 3042 2856 2671 2166 2417 2833 2699 2450 2657 2506 2697 2566 2315 2230 2039 1852 1822 1707 1757 2131 1763 1576 1172 1089 1215 1280 1244 1046 909 883 843 842 806 749 722 696 680 671 669 679 -9999 -9999 -9999 -9999 -9999 -9999 -9999 -9999 -9999 -9999 -9999 -9999 -9999 -9999 -9999 -9999 -9999 -9999 -9999 -9999 -9999
3702 3543 3442 3309 3227 3413 3487 3376 3281 3517 3541 3075 3347 3212 2940 2498 3208 2808 3074 2983 2320 1644 1800 2342 1862 1874 2707 2767 2194 1913 1902 1815 1670 1549 1519 1789 1620 1408 1278 1154 1273 1274 1074 1007 1005 886 849 822 804 789 757 730 703 683 674 -9999 -9999 -9999 -9999 -9999 -9999 -9999 -9999 -9999 -9999 -9999 -9999 -9999 -9999 -9999 -9999 -9999 -9999 -9999 -9999 -9999 -9999 -9999
