Electronic Materials (Flash Drives)/data/NZclimate/2050/ccsm_4_2050/bio12nz.asc
ncols         384
nrows         384
xllcorner     164
yllcorner     -49
cellsize      0.041666666666667
NODATA_value  -9999
[rows 280 to 314 of 384, columns 78 to 155 of 384]
-9999 -9999 -9999 -9999 -9999 -9999 -9999 4644 4243 4155 3615 3395 3278 3313 3585 3821 3365 3147 2860 2957 3219 2795 2854 2934 2453 2138 2083 2557 2326 2013 2865 2985 2571 2240 1754 1667 1869 2247 2047 2492 1576 952 1166 1406 789 737 709 696 699 784 1279 1099 867 792 795 799 919 1114 1063 1760 1870 1352 1315 1027 1564 1545 1300 935 781 597 775 891 1054 861 589 548 579 575
-9999 -9999 -9999 -9999 -9999 -9999 3962 4128 3805 3428 3251 3149 3545 3794 4054 3105 2873 2931 2899 2904 2720 2702 2782 2520 2430 1996 1873 1875 1842 2153 2851 2542 2199 2107 1690 1321 1929 2554 2210 1499 1256 1388 1725 1612 1003 684 705 676 646 651 882 1105 1035 979 767 793 785 776 1117 1309 2025 1406 926 794 1026 1831 1453 1203 932 708 649 882 1519 1343 703 563 562 558
-9999 -9999 -9999 -9999 3792 3636 3680 3227 3661 3648 3130 2983 3403 2977 2953 3141 2945 2888 2770 2790 2659 2504 2593 2718 2737 1996 1916 1601 1720 2403 2630 2560 2709 2184 1821 1416 2050 2365 2030 1391 1617 2004 1610 910 833 1430 1259 932 776 631 665 993 821 674 619 725 765 831 919 977 1441 1284 984 711 763 1582 1434 1164 856 1085 818 721 1165 1521 855 602 567 557
-9999 -9999 3735 3635 3491 3253 3605 3235 3325 3117 3000 2954 2937 2904 2807 2793 2763 2860 2743 2578 2332 2325 2439 2276 2860 2158 1637 1537 1921 2478 2487 2085 2179 1761 1403 1356 2000 1925 1578 1415 1796 1232 959 754 1307 1760 1723 1578 1460 779 580 598 592 604 623 710 918 1320 1224 1135 801 1013 765 657 650 1143 1385 1091 1111 1238 1094 945 1028 1450 1054 764 627 564
3663 3510 3555 3224 3317 3263 3305 3024 3047 3064 2899 2886 2832 2859 2809 2667 2598 2638 2708 2571 2270 2181 2472 2016 2248 2507 1573 1459 1810 2183 2487 1858 1712 1414 1258 1850 1936 1354 1804 1485 2152 1418 790 1145 1867 1999 2225 1744 1022 616 558 563 563 606 889 1072 1417 1434 1550 1078 645 658 631 618 622 817 1343 1306 1283 1210 1103 847 831 1112 1221 1127 726 672
3396 3192 3190 3259 3018 2989 3051 3053 2934 2818 2791 2670 2655 2741 2649 2595 2462 2506 2366 2166 2210 2140 2456 2303 1808 1894 1529 1399 1743 2525 1889 1655 1566 1373 1177 1485 1519 1404 1239 1336 1681 1141 1241 1615 1955 2199 1831 876 566 543 544 546 574 717 1132 1277 1026 1256 940 663 573 599 570 619 710 663 874 1307 1260 1102 1031 949 978 1089 1092 820 815 736
3127 3125 3086 3194 3002 2907 2804 2759 2768 2684 2666 2682 2575 2486 2497 2434 2372 2415 2101 2290 2352 2444 1976 2150 1950 1627 1437 1347 1494 1996 1806 1730 1279 1139 1344 1326 1079 931 950 1597 1609 1305 1550 1431 1821 1706 830 554 532 577 625 680 761 791 996 1056 819 759 616 555 538 546 554 609 618 654 717 916 1155 1156 1078 916 935 953 794 684 653 682
3023 2964 2910 2957 2931 2828 2737 2698 2683 2545 2482 2568 2528 2359 2297 2333 2129 2282 1970 2395 2134 2486 2186 1728 1743 2343 1664 1291 1254 1505 1833 1450 1284 1362 1004 853 799 771 772 1040 1435 1511 1184 1041 1430 1042 561 528 556 755 1016 1245 1246 1002 881 783 591 541 524 516 511 586 663 573 566 583 619 693 706 685 622 587 610 690 931 799 742 654
2922 2856 2814 2758 2700 2633 2570 2536 2586 2481 2504 2279 2448 2259 2089 2033 2105 2222 1922 2066 2298 2445 2134 1832 1841 2254 1984 1248 1197 1904 1762 1160 1562 1155 960 850 887 1119 1114 953 750 818 769 786 777 734 534 528 674 1100 1510 1640 1315 856 613 542 520 513 502 493 533 638 523 554 637 566 559 587 583 570 553 539 549 679 1054 923 819 725
2844 2826 2705 2673 2703 2637 2549 2388 2581 2391 2231 2118 2202 2053 1897 1921 2206 1846 1817 2068 2211 2166 2271 1537 1993 2010 1725 1196 1123 1326 1115 1011 939 878 836 813 1015 2318 2110 1500 1142 961 688 954 757 539 519 573 851 1209 1507 1027 685 541 525 511 495 483 497 512 502 492 561 735 568 506 504 512 514 509 519 500 518 578 888 1100 931 749
2711 2714 2634 2608 2489 2454 2452 2271 2226 2376 2321 2100 1844 1718 1654 1632 1718 1646 2145 2146 2003 1974 2045 1470 1762 1938 1444 1176 1076 1033 988 1027 1229 1688 865 785 1178 2067 2102 1611 1231 923 989 1047 862 561 547 717 652 599 772 598 526 510 511 498 474 496 517 487 489 544 749 625 503 467 460 467 467 467 479 479 500 553 653 994 859 885
2723 2587 2532 2616 2498 2261 2172 2112 1983 1926 1998 2056 1797 1518 1458 1456 1466 1575 1860 1951 2185 1599 1631 2010 1536 1830 1306 1413 1367 1371 1571 1596 1734 1414 1094 775 1181 1998 2168 1752 1316 953 1125 1255 1093 641 584 785 901 517 525 498 494 483 473 505 549 536 484 485 517 693 768 587 472 451 443 440 435 440 453 464 485 535 610 773 995 876
2627 2476 2635 2504 2399 2382 2368 2278 2108 1807 1656 1565 1460 1367 1332 1337 1356 1487 1817 1656 2036 1452 1798 1880 1800 1253 1373 1670 1778 1624 1758 1428 1276 1030 935 772 1301 2030 1997 1815 1187 823 937 1303 1096 822 709 631 629 473 454 462 458 452 465 514 592 498 489 508 617 792 774 619 470 444 435 428 422 424 445 456 479 534 645 663 770 990
2630 2532 2479 2273 2423 2424 2345 2341 2308 2080 1592 1459 1375 1297 1268 1264 1370 1442 1786 1467 1949 1724 1526 1630 1537 1231 1363 1932 1657 1399 1247 1412 1311 1643 1355 777 1169 1657 2036 1668 983 988 1218 1732 1464 1145 842 743 553 455 444 448 448 460 491 543 540 510 509 551 615 722 812 571 462 444 441 440 452 503 604 569 506 579 710 656 646 717
2476 2483 2479 2114 2205 2153 2295 2301 2127 2076 1793 1386 1316 1252 1244 1234 1318 1311 1385 1732 1649 1814 1469 1542 1263 1431 1741 1832 1543 1593 1611 1634 1556 1422 1680 821 906 1722 1788 1328 1143 1497 1587 1868 1650 1382 1292 1037 618 497 464 481 501 496 512 543 583 587 604 666 726 770 773 536 464 454 468 488 613 775 772 650 514 570 652 710 663 623
2248 2355 2413 2224 1925 2027 1803 2135 2126 2026 1765 1337 1263 1203 1234 1196 1214 1443 1298 1414 1487 1518 1231 1206 1484 1982 1675 1730 1769 1823 1692 1431 1103 1273 1309 824 986 1657 1379 1017 1462 1693 1763 1604 1620 1444 1573 1320 713 543 528 596 550 556 648 633 651 648 702 767 786 852 694 485 469 486 620 759 973 1036 926 632 509 603 641 697 707 627
2408 2332 2331 2350 2331 2158 1895 1683 1534 1420 1333 1274 1211 1178 1159 1200 1170 1221 1212 1356 1197 1327 1307 1203 1634 1945 1563 1343 1327 1290 1103 1050 1046 1117 824 1001 1549 1380 1018 1353 1675 1781 1539 1500 1407 1628 1535 1311 672 553 602 731 686 731 702 694 727 753 820 830 940 895 658 512 521 537 764 947 1085 1080 769 521 530 621 688 652 658 688
2358 2344 2075 2161 2336 2093 1979 2182 1992 1543 1282 1226 1179 1159 1149 1131 1273 1227 1300 1221 1243 1356 1186 1661 1558 1734 1702 1270 1106 1330 1087 907 919 842 831 1031 1505 1139 1293 1496 1714 1702 1446 1219 1206 1364 1601 1234 684 538 640 730 797 782 771 750 749 761 869 1000 942 789 629 606 605 684 978 1146 1097 753 530 525 608 665 657 671 690 708
2252 2131 2047 2060 2212 2111 1949 1717 1653 1386 1255 1196 1166 1141 1120 1115 1230 1188 1186 1078 1097 1158 1600 1556 1650 1784 1457 1476 1076 1229 1110 961 935 964 820 887 1133 1362 1519 1610 1575 1349 1317 1038 1010 1245 1380 1274 739 543 558 669 838 818 798 797 770 794 866 858 776 653 604 632 746 912 1069 1155 733 522 520 582 687 651 652 719 733 757
2133 2176 1899 1869 1901 1623 1546 1425 1346 1312 1228 1195 1153 1133 1110 1098 1121 1092 1067 1071 1058 1202 1398 1260 1450 1459 1172 1184 1146 966 944 934 873 902 830 977 990 1208 1451 1552 1444 1242 1094 846 793 1114 1124 1157 718 538 563 676 797 860 880 841 818 794 781 743 691 627 688 813 915 1041 1104 803 528 520 558 642 671 661 695 738 815 802
2026 1877 1952 1839 1620 1527 1456 1387 1320 1259 1209 1168 1133 1108 1089 1088 1079 1048 1124 1132 1057 1078 1063 1174 1119 1060 1083 1058 986 956 911 875 899 938 870 903 1041 1095 1254 1181 1213 1165 877 784 923 1008 1013 995 721 564 620 672 686 725 831 880 797 769 790 721 735 821 905 871 871 944 947 569 528 539 574 632 673 681 738 815 856 809
2187 2121 2005 1721 2003 1826 1459 1359 1300 1245 1199 1165 1149 1112 1092 1076 1065 1115 1139 1060 1036 992 1099 1189 987 1058 990 939 938 931 1020 1002 925 877 976 1124 1054 1118 1036 854 840 843 770 1033 1275 1076 898 1008 930 629 640 653 687 715 762 796 762 753 870 818 854 890 882 858 867 887 725 562 554 565 602 639 670 710 807 846 840 858
2118 2010 1740 2080 2069 2081 1619 1372 1345 1292 1195 1164 1154 1195 1261 1347 1286 1326 1456 1059 1034 978 990 1107 979 955 936 926 918 955 1253 1115 979 925 1110 997 999 958 901 815 796 780 922 1168 1170 1013 871 1013 964 677 652 670 670 729 832 854 831 881 985 953 915 992 951 844 721 651 615 609 604 604 631 662 709 756 824 879 861 887
2152 1917 1730 2212 1932 1850 1899 1504 1353 1368 1195 1168 1338 1675 1755 1718 1597 1185 1265 1043 993 978 963 952 945 937 934 927 927 1015 1026 1082 1047 929 1039 950 923 925 860 828 823 874 940 1071 996 841 808 852 793 724 703 702 701 718 763 888 943 1048 1066 976 1046 1048 931 782 744 714 717 702 694 688 686 702 734 801 864 862 908 909
2013 1841 1896 2048 2050 1776 2072 1560 1283 1239 1199 1211 1635 1746 1782 1548 1272 1119 1215 1054 979 971 965 954 955 944 939 932 963 1010 974 988 979 903 946 949 901 870 863 851 919 898 1045 929 882 860 874 870 804 778 760 758 755 743 740 770 868 1068 1080 1071 1092 1029 904 772 768 729 717 740 729 730 725 741 774 809 870 949 974 988
2094 1898 1801 2033 1896 1566 1560 1389 1287 1266 1220 1257 1553 1737 1808 1600 1273 1128 1077 1019 987 967 958 976 1018 1003 955 940 940 968 960 935 946 908 902 896 882 878 885 880 909 981 1052 940 909 876 887 880 856 824 809 821 810 796 772 778 834 935 1028 1100 1087 1013 874 876 850 828 815 826 840 834 813 801 822 866 891 979 1014 1046
2016 1739 1772 2014 1986 1521 1368 1325 1285 1248 1201 1253 1633 1696 1509 1472 1151 1224 1145 1110 1035 969 962 965 1022 1009 966 948 941 940 952 937 919 902 894 884 876 904 966 917 948 950 1017 974 908 868 870 876 861 852 845 837 839 848 814 817 807 895 917 974 1021 1012 920 892 861 844 815 821 857 856 854 862 879 883 938 1026 1076 1089
2039 1984 1674 1986 1708 1417 1370 1354 1286 1239 1196 1170 1246 1316 1244 1160 1128 1185 1187 1121 1011 974 988 987 975 1003 976 959 959 948 942 944 924 903 889 880 869 893 905 957 944 947 964 935 920 914 916 898 893 886 879 871 870 865 853 817 833 884 898 900 907 887 868 869 887 887 879 883 889 873 855 870 878 917 967 1034 1116 1113
1966 1906 1581 1877 1551 1456 1538 1364 1314 1233 1193 1157 1134 1129 1128 1153 1138 1104 1170 1060 991 977 1039 1078 976 964 956 989 1022 985 960 950 935 916 888 870 860 857 879 927 903 931 981 931 935 922 907 904 911 912 908 946 935 893 865 830 812 816 875 925 923 889 892 908 929 946 951 969 1025 969 736 736 784 773 797 910 1141 1105
1839 1969 1793 1565 1583 1602 1408 1365 1268 1226 1187 1152 1123 1098 1101 1107 1072 1045 1074 1070 985 979 1039 1061 968 955 962 1018 1096 1078 1027 969 951 934 904 877 864 858 882 915 915 913 928 919 932 922 923 928 936 935 978 1025 944 898 873 859 812 773 775 820 886 893 884 938 979 954 992 1005 1011 788 671 685 720 783 888 855 943 928
1710 1635 1859 1687 1516 1398 1366 1314 1263 1223 1192 1154 1122 1102 1085 1067 1052 1045 1043 1015 987 983 1040 1076 1001 955 977 1053 1125 1112 1150 1088 991 933 921 913 891 877 882 923 916 922 922 940 944 944 947 946 955 1030 1098 1002 939 877 859 845 793 764 790 785 802 817 880 985 1019 984 870 811 731 699 692 773 863 848 893 824 864 -9999
2019 1567 1587 1491 1442 1390 1342 1301 1261 1226 1194 1160 1127 1113 1104 1151 1078 1048 1027 1007 985 974 998 1024 1032 962 963 1057 1137 1096 1175 1195 1184 1134 1072 1019 945 915 912 927 943 953 945 958 960 965 978 955 986 1043 988 971 895 837 815 797 773 821 845 766 755 784 944 986 990 960 839 762 730 723 755 820 805 -9999 -9999 -9999 -9999 -9999
1717 1568 1536 1481 1437 1389 1347 1317 1277 1237 1199 1174 1145 1132 1115 1135 1101 1062 1033 1008 985 968 959 953 959 955 962 1002 1085 1184 1217 1224 1217 1172 1151 1113 1066 1083 1041 964 963 981 971 979 990 991 995 968 1003 983 946 890 843 801 764 749 789 822 780 778 789 844 900 907 895 864 790 749 784 835 791 784 -9999 -9999 -9999 -9999 -9999 -9999
1605 1609 1536 1476 1445 1387 1351 1315 1287 1242 1211 1190 1166 1152 1135 1122 1102 1080 1050 1014 983 963 954 948 945 945 957 973 1008 1073 1097 1215 1248 1235 1226 1195 1186 1129 1134 1044 990 1000 1000 1015 1007 1038 1027 995 989 960 912 857 818 776 740 725 750 752 780 833 888 795 793 836 789 784 791 867 878 890 791 756 -9999 -9999 -9999 -9999 -9999 -9999
1607 1747 1588 1470 1432 1389 1355 1317 1286 1250 1224 1205 1186 1175 1183 1151 1128 1109 1077 1034 989 966 957 948 940 939 959 999 993 1020 1085 1200 1244 1253 1261 1236 1163 1104 1066 1049 1029 1060 1074 1041 1035 1043 1024 1009 1000 956 921 864 806 758 722 704 715 740 778 838 853 775 738 740 744 747 805 957 931 821 797 -9999 -9999 -9999 -9999 -9999 -9999 -9999
