Electronic Materials (Flash Drives)/data/NZclimate/2050/ccsm_4_2050/bio13nz.asc
ncols         384
nrows         384
xllcorner     164
yllcorner     -49
cellsize      0.041666666666667
NODATA_value  -9999
[rows 105 to 139 of 384, columns 240 to 319 of 384]
-9999 -9999 -9999 -9999 -9999 -9999 -9999 -9999 -9999 -9999 -9999 -9999 -9999 -9999 -9999 -9999 142 154 177 168 162 152 145 145 136 128 126 121 119 125 127 144 186 178 129 115 117 121 126 134 156 260 242 244 238 255 231 -9999 -9999 -9999 -9999 -9999 -9999 -9999 -9999 -9999 -9999 -9999 -9999 -9999 -9999 -9999 -9999 -9999 -9999 -9999 -9999 -9999 -9999 -9999 -9999 -9999 -9999 -9999 -9999 -9999 -9999 -9999 -9999 -9999
-9999 -9999 -9999 -9999 -9999 -9999 -9999 -9999 -9999 -9999 -9999 -9999 -9999 -9999 -9999 -9999 148 157 170 166 163 156 156 140 134 128 122 120 121 126 141 139 162 194 184 129 115 118 124 142 191 244 222 237 241 241 205 194 -9999 -9999 -9999 -9999 -9999 -9999 -9999 -9999 -9999 -9999 -9999 -9999 -9999 -9999 -9999 -9999 -9999 -9999 -9999 -9999 -9999 -9999 -9999 -9999 -9999 -9999 -9999 -9999 -9999 -9999 -9999 -9999
-9999 -9999 -9999 -9999 -9999 -9999 -9999 -9999 -9999 -9999 -9999 -9999 -9999 -9999 -9999 -9999 -9999 156 154 153 162 155 153 142 135 129 127 124 124 123 128 132 192 159 149 134 113 115 120 128 159 264 265 302 272 246 196 190 195 -9999 -9999 -9999 -9999 -9999 -9999 -9999 -9999 -9999 -9999 -9999 -9999 -9999 -9999 -9999 -9999 -9999 -9999 -9999 -9999 -9999 -9999 -9999 -9999 -9999 -9999 -9999 -9999 -9999 -9999 -9999
-9999 -9999 -9999 -9999 -9999 -9999 -9999 -9999 -9999 -9999 -9999 -9999 -9999 -9999 -9999 -9999 -9999 147 151 164 167 161 151 144 142 135 133 130 129 136 125 121 125 121 122 126 111 112 116 124 141 266 312 305 267 213 192 186 187 185 -9999 -9999 -9999 -9999 -9999 -9999 -9999 -9999 -9999 -9999 -9999 -9999 -9999 -9999 -9999 -9999 -9999 -9999 -9999 -9999 -9999 -9999 -9999 -9999 -9999 176 194 -9999 -9999 -9999
-9999 -9999 -9999 -9999 -9999 -9999 -9999 -9999 -9999 -9999 -9999 -9999 -9999 -9999 -9999 -9999 -9999 -9999 158 167 166 164 150 155 163 145 137 136 142 132 125 122 121 120 139 133 112 112 115 124 139 181 226 312 262 197 183 180 181 181 181 -9999 -9999 -9999 -9999 -9999 -9999 -9999 -9999 -9999 -9999 -9999 -9999 -9999 -9999 -9999 -9999 -9999 -9999 -9999 -9999 -9999 -9999 -9999 -9999 -9999 -9999 -9999 -9999 -9999
-9999 -9999 -9999 -9999 -9999 -9999 -9999 -9999 -9999 -9999 -9999 -9999 -9999 -9999 -9999 -9999 -9999 -9999 159 157 164 161 160 171 174 155 150 154 142 131 127 123 121 119 122 119 113 112 115 125 138 154 170 227 258 199 182 176 176 177 174 170 -9999 -9999 -9999 -9999 -9999 173 182 -9999 -9999 -9999 -9999 -9999 -9999 -9999 -9999 -9999 -9999 -9999 -9999 -9999 -9999 -9999 -9999 -9999 -9999 -9999 -9999 -9999
-9999 -9999 -9999 -9999 -9999 -9999 -9999 -9999 -9999 -9999 -9999 -9999 -9999 -9999 -9999 -9999 -9999 -9999 -9999 157 156 159 168 168 166 168 167 155 137 133 129 124 123 121 118 118 118 115 118 123 134 149 164 201 281 223 192 179 174 170 168 164 162 160 -9999 -9999 -9999 177 181 -9999 -9999 -9999 -9999 -9999 -9999 -9999 -9999 -9999 -9999 -9999 -9999 -9999 -9999 -9999 -9999 -9999 -9999 -9999 -9999 -9999
-9999 -9999 -9999 -9999 -9999 -9999 -9999 -9999 -9999 -9999 -9999 -9999 -9999 -9999 -9999 -9999 -9999 -9999 -9999 161 157 158 166 163 172 180 166 144 139 134 130 125 122 120 119 118 125 120 125 128 133 142 153 163 258 262 228 208 189 175 167 165 159 160 165 168 -9999 -9999 -9999 -9999 -9999 -9999 -9999 -9999 -9999 -9999 -9999 -9999 -9999 -9999 -9999 -9999 -9999 -9999 -9999 -9999 -9999 -9999 -9999 -9999
-9999 -9999 -9999 -9999 -9999 -9999 -9999 -9999 -9999 -9999 -9999 -9999 -9999 -9999 -9999 -9999 -9999 -9999 -9999 159 158 164 157 158 175 184 154 142 139 135 130 126 123 121 120 134 130 126 128 130 135 139 145 152 178 264 257 238 223 200 170 167 172 179 187 168 168 167 -9999 163 -9999 -9999 -9999 -9999 -9999 -9999 -9999 -9999 -9999 -9999 -9999 -9999 -9999 -9999 -9999 -9999 -9999 -9999 -9999 -9999
-9999 -9999 -9999 -9999 -9999 -9999 -9999 -9999 -9999 -9999 -9999 -9999 -9999 -9999 -9999 -9999 -9999 -9999 -9999 -9999 165 156 150 160 194 185 149 142 138 135 131 126 123 121 120 128 145 147 134 135 138 138 140 146 152 254 260 245 221 176 181 187 221 229 208 171 167 165 163 164 160 -9999 -9999 -9999 -9999 -9999 -9999 -9999 -9999 -9999 -9999 -9999 -9999 -9999 -9999 -9999 -9999 -9999 -9999 -9999
-9999 -9999 -9999 -9999 -9999 -9999 -9999 -9999 -9999 -9999 -9999 -9999 -9999 -9999 -9999 -9999 -9999 -9999 152 165 158 159 157 159 181 183 160 143 140 136 132 127 123 121 121 132 159 160 177 149 143 137 136 141 153 238 259 217 210 204 209 222 248 262 218 194 177 166 161 159 160 159 158 -9999 -9999 -9999 -9999 -9999 -9999 -9999 -9999 -9999 -9999 -9999 -9999 -9999 -9999 -9999 -9999 -9999
-9999 -9999 -9999 -9999 -9999 -9999 -9999 -9999 -9999 -9999 -9999 -9999 -9999 -9999 -9999 -9999 -9999 -9999 222 232 184 176 184 193 165 183 181 146 141 138 133 128 124 123 122 122 142 150 165 173 147 134 136 137 144 193 250 217 211 219 231 241 249 242 236 213 189 170 166 167 167 170 162 158 158 150 -9999 -9999 -9999 -9999 -9999 153 -9999 -9999 -9999 -9999 -9999 -9999 -9999 -9999
-9999 -9999 -9999 -9999 -9999 -9999 -9999 -9999 -9999 -9999 -9999 -9999 -9999 -9999 -9999 -9999 -9999 -9999 181 193 188 206 217 242 184 182 168 149 143 139 136 130 126 125 123 123 123 132 147 145 138 134 136 139 143 166 234 235 227 232 235 240 247 250 245 221 190 185 183 185 183 180 181 172 181 192 154 149 148 148 -9999 -9999 -9999 -9999 -9999 -9999 -9999 -9999 -9999 -9999
-9999 -9999 -9999 -9999 -9999 -9999 -9999 -9999 -9999 -9999 -9999 -9999 -9999 -9999 -9999 -9999 -9999 -9999 168 171 170 194 200 225 212 219 194 164 147 143 137 133 131 128 125 126 138 127 133 140 141 141 137 140 145 169 234 228 233 235 245 239 235 235 231 214 201 205 205 196 203 196 188 191 218 175 154 151 149 150 154 156 161 -9999 -9999 -9999 -9999 -9999 -9999 -9999
-9999 -9999 -9999 -9999 -9999 -9999 -9999 -9999 -9999 -9999 -9999 -9999 -9999 -9999 -9999 -9999 -9999 -9999 178 168 158 178 216 244 246 273 282 224 154 145 142 137 133 130 126 128 151 144 147 138 144 150 141 142 152 170 206 233 237 237 238 231 225 218 216 213 207 213 215 214 230 231 233 247 234 174 159 156 155 154 157 163 175 164 161 160 161 156 152 154
-9999 -9999 -9999 -9999 -9999 -9999 -9999 -9999 -9999 -9999 -9999 -9999 -9999 -9999 -9999 -9999 -9999 -9999 158 168 169 198 217 210 241 277 271 228 167 147 142 139 136 132 131 154 172 224 189 144 145 155 146 147 156 169 190 215 229 230 228 222 208 203 203 202 199 204 215 232 238 249 255 246 196 169 165 161 161 170 169 166 187 169 166 162 160 160 153 154
-9999 -9999 -9999 -9999 -9999 -9999 -9999 -9999 -9999 -9999 -9999 -9999 -9999 -9999 -9999 -9999 -9999 -9999 163 167 161 163 175 202 237 249 228 183 155 155 151 141 135 134 135 146 169 177 159 144 146 149 151 155 162 173 192 211 218 221 217 199 180 173 174 177 191 209 216 232 247 243 241 202 179 177 170 164 177 181 173 170 179 181 180 170 169 176 158 156
-9999 -9999 -9999 -9999 -9999 -9999 -9999 -9999 -9999 -9999 -9999 -9999 -9999 -9999 -9999 -9999 165 206 163 160 163 170 175 209 232 227 205 179 161 154 145 143 142 133 134 141 150 150 148 150 151 155 158 161 165 170 180 198 210 213 211 182 198 165 162 165 197 221 220 244 232 226 227 192 177 191 177 171 183 172 171 172 177 179 179 172 177 204 171 181
-9999 -9999 -9999 -9999 -9999 -9999 -9999 -9999 -9999 -9999 -9999 -9999 -9999 -9999 -9999 -9999 180 184 188 172 184 215 203 230 242 214 189 186 164 151 148 149 146 138 143 147 145 150 154 150 159 159 161 163 164 170 174 176 199 211 215 188 172 156 157 173 193 183 218 249 195 179 172 169 178 189 188 175 192 175 169 171 179 177 175 177 185 217 188 204
-9999 -9999 -9999 -9999 -9999 -9999 -9999 -9999 -9999 -9999 -9999 -9999 -9999 -9999 -9999 -9999 161 181 203 232 212 234 223 252 256 222 211 201 157 150 146 146 143 150 150 151 149 156 162 164 159 164 163 165 164 169 176 183 197 213 219 200 178 162 160 189 180 164 167 183 193 180 176 176 192 193 182 169 186 187 181 172 184 182 177 201 200 242 192 194
-9999 -9999 -9999 -9999 -9999 -9999 -9999 -9999 -9999 -9999 -9999 -9999 -9999 -9999 -9999 -9999 -9999 200 217 233 240 249 247 260 250 221 196 170 155 147 146 145 159 152 159 166 171 166 183 175 161 168 169 168 164 166 168 177 190 201 192 188 161 152 159 166 180 163 157 204 244 204 185 184 193 186 170 158 171 200 216 184 193 207 184 214 201 227 201 191
-9999 -9999 -9999 -9999 -9999 -9999 -9999 -9999 -9999 -9999 -9999 -9999 -9999 -9999 -9999 -9999 -9999 209 191 207 223 236 241 241 240 206 185 166 159 160 159 179 162 158 174 185 185 182 185 169 155 163 169 171 164 164 167 169 176 178 164 165 146 146 155 177 171 154 150 159 176 177 177 178 178 168 157 153 179 201 212 194 180 199 179 214 216 245 207 194
-9999 -9999 -9999 -9999 -9999 -9999 -9999 -9999 -9999 -9999 -9999 -9999 -9999 -9999 -9999 -9999 165 195 226 242 249 245 245 245 238 213 186 169 174 174 179 190 162 177 214 209 206 197 178 164 152 155 161 162 158 162 171 159 151 153 150 144 139 138 140 150 160 148 147 154 158 162 162 166 164 155 147 153 190 202 208 173 168 181 186 190 201 255 232 194
-9999 -9999 -9999 -9999 -9999 -9999 -9999 -9999 -9999 -9999 -9999 -9999 -9999 -9999 -9999 168 231 204 253 267 253 250 248 248 235 210 176 182 175 186 187 182 172 201 237 245 232 206 175 158 153 152 148 144 153 175 168 147 142 140 149 144 134 144 154 149 139 138 147 155 159 157 158 159 156 147 141 145 213 209 199 171 169 190 197 208 220 267 223 213
-9999 -9999 -9999 -9999 -9999 -9999 -9999 -9999 -9999 -9999 -9999 -9999 -9999 -9999 -9999 188 237 235 277 272 256 251 245 242 227 209 193 183 184 178 176 174 180 195 215 222 231 205 177 160 152 147 142 150 172 173 145 143 140 139 141 139 143 165 165 134 131 136 147 154 159 160 157 157 149 143 140 144 201 213 189 172 168 195 197 205 255 255 219 225
-9999 -9999 -9999 -9999 -9999 -9999 -9999 -9999 -9999 -9999 -9999 -9999 -9999 -9999 -9999 205 232 261 279 271 257 248 238 232 214 191 190 183 182 180 177 174 188 187 197 197 205 201 187 168 153 145 144 144 154 147 143 143 163 148 148 139 152 155 138 131 131 137 150 156 161 160 155 150 145 142 146 195 183 202 169 183 175 208 194 220 256 235 229 233
-9999 -9999 -9999 -9999 -9999 -9999 -9999 -9999 -9999 -9999 -9999 -9999 -9999 -9999 -9999 197 215 250 284 259 251 243 224 219 193 190 189 180 176 173 173 173 176 175 180 185 198 196 193 178 160 154 151 153 167 160 154 151 173 168 163 138 141 142 134 130 131 137 148 158 161 158 154 152 146 147 161 230 186 207 184 181 190 203 224 221 268 266 249 250
-9999 -9999 -9999 -9999 -9999 -9999 -9999 -9999 -9999 -9999 -9999 -9999 -9999 -9999 -9999 200 240 266 291 248 237 220 217 209 186 187 180 186 188 182 181 172 169 189 178 180 192 198 214 212 214 170 155 158 164 165 156 158 170 163 149 142 133 132 133 130 132 143 153 159 157 155 157 153 157 157 167 193 196 192 181 175 217 213 212 226 289 296 289 266
-9999 -9999 -9999 -9999 -9999 -9999 -9999 -9999 -9999 -9999 -9999 -9999 -9999 -9999 -9999 195 237 252 277 241 204 188 186 183 175 177 172 171 181 183 179 174 179 172 168 186 191 203 248 245 193 165 159 161 174 181 167 166 162 160 149 140 137 134 133 132 139 156 166 160 153 153 155 157 166 167 165 196 222 217 208 184 217 224 217 268 280 275 267 252
-9999 -9999 -9999 -9999 -9999 -9999 -9999 -9999 -9999 -9999 -9999 -9999 -9999 -9999 160 206 217 233 200 197 197 172 171 177 171 171 187 168 170 184 178 163 154 156 164 171 181 220 252 229 189 163 160 164 170 167 171 169 158 149 143 139 136 135 131 135 155 167 170 162 156 158 156 172 166 163 163 190 193 208 188 197 240 259 282 304 280 251 248 250
-9999 -9999 -9999 -9999 -9999 -9999 -9999 -9999 -9999 -9999 -9999 -9999 -9999 -9999 158 185 200 211 220 244 235 174 186 177 191 197 191 184 186 192 171 156 156 163 170 171 211 258 260 220 183 167 158 157 156 154 150 163 160 147 140 144 138 137 141 157 164 169 168 164 163 163 169 177 168 161 179 196 211 200 190 211 261 272 305 290 261 250 247 205
-9999 -9999 -9999 -9999 -9999 -9999 -9999 -9999 -9999 -9999 -9999 -9999 -9999 -9999 158 180 175 175 196 189 211 192 211 209 206 181 186 176 175 169 164 164 166 178 182 204 225 242 201 178 166 163 151 144 140 142 153 149 149 137 142 168 148 147 156 171 171 168 167 169 170 174 182 179 168 186 223 228 230 209 243 270 273 243 288 287 287 263 244 210
-9999 -9999 -9999 -9999 -9999 -9999 -9999 -9999 -9999 -9999 -9999 -9999 -9999 -9999 160 176 188 199 212 217 201 211 219 206 194 175 170 170 167 168 162 162 157 176 215 242 265 225 202 182 170 156 142 141 139 139 138 140 139 136 145 157 161 161 173 173 170 168 170 174 179 186 201 183 179 221 220 216 198 220 261 259 242 225 246 262 250 248 241 210
-9999 -9999 -9999 -9999 -9999 -9999 -9999 -9999 -9999 -9999 -9999 -9999 -9999 -9999 174 189 187 195 215 241 247 241 225 192 184 165 164 166 177 164 168 168 162 177 235 250 240 254 238 202 168 150 142 142 140 140 139 139 138 137 145 153 167 177 176 173 173 172 174 179 188 197 213 190 206 230 212 235 212 245 228 229 213 216 213 227 248 220 189 194
-9999 -9999 -9999 -9999 -9999 -9999 -9999 -9999 -9999 -9999 -9999 -9999 -9999 157 168 179 186 209 235 252 252 236 211 189 172 176 194 190 182 161 166 159 155 174 174 182 217 262 259 218 170 161 161 153 142 142 141 140 140 148 148 157 172 181 180 176 176 178 179 185 197 205 221 218 231 247 251 249 185 227 216 229 239 250 219 191 198 191 183 180
