Electronic Materials (Flash Drives)/data/NZclimate/2050/ccsm_4_2050/bio12nz.asc
ncols         384
nrows         384
xllcorner     164
yllcorner     -49
cellsize      0.041666666666667
NODATA_value  -9999
[rows 245 to 279 of 384, columns 156 to 233 of 384]
3539 3533 3487 3341 3109 2931 2912 3177 3253 3584 3486 3224 3065 3149 3151 2585 2117 2071 2244 2579 2392 1597 1644 1556 2048 1845 2438 2791 2096 1712 1952 2135 2194 1776 1403 1412 1409 1551 1484 1190 1102 1058 984 939 895 855 829 809 797 780 757 722 695 679 -9999 -9999 -9999 -9999 -9999 -9999 -9999 -9999 -9999 -9999 -9999 -9999 -9999 -9999 -9999 -9999 -9999 -9999 -9999 -9999 -9999 -9999 -9999 -9999
3806 3443 3425 3601 3091 3327 3070 3209 3521 3241 2831 2677 2417 2508 2586 2375 2104 1670 1560 1480 1405 1481 1750 1270 1516 1381 2170 2430 1989 2106 2247 2065 1690 1487 1188 1181 1136 1102 1057 1052 1013 970 935 895 872 843 816 792 778 763 736 706 685 672 -9999 -9999 -9999 -9999 -9999 -9999 -9999 -9999 -9999 -9999 -9999 -9999 -9999 -9999 -9999 -9999 -9999 -9999 -9999 -9999 -9999 -9999 -9999 -9999
3305 3184 3544 3757 3590 3730 3464 3502 3184 3065 3102 3347 3252 2569 2006 1846 1962 1839 1647 1499 1310 1208 1199 1318 1044 1150 1447 2071 1855 1745 1487 1407 1198 1137 1083 1056 1038 1015 992 971 948 921 888 856 830 807 788 767 747 729 710 689 673 665 -9999 -9999 -9999 -9999 -9999 -9999 -9999 -9999 -9999 -9999 -9999 -9999 -9999 -9999 -9999 -9999 -9999 -9999 -9999 -9999 -9999 -9999 -9999 -9999
3090 3113 3085 3358 3419 3383 2938 3218 3469 2955 2752 3493 3059 2876 2262 1957 2549 2655 2650 2622 2192 2107 1633 1010 968 991 1072 1370 1944 2168 1553 1287 1230 1120 1028 1007 986 965 949 927 905 875 846 822 801 779 760 741 722 702 687 673 661 -9999 -9999 -9999 -9999 -9999 -9999 -9999 -9999 -9999 -9999 -9999 -9999 -9999 -9999 -9999 -9999 -9999 -9999 -9999 -9999 -9999 -9999 -9999 -9999 -9999
3569 3182 3159 3391 2904 3397 2783 2667 3166 2417 3007 2806 2664 2386 2470 1684 1661 2261 2362 2395 2133 2566 2322 1376 1391 1013 971 1181 1841 1461 1216 1119 1123 1064 1002 977 945 921 897 882 862 833 808 788 771 753 735 716 699 683 669 659 648 641 -9999 -9999 -9999 -9999 -9999 -9999 -9999 -9999 -9999 -9999 -9999 -9999 -9999 -9999 -9999 -9999 -9999 -9999 -9999 -9999 -9999 -9999 -9999 -9999
3516 3353 3522 3199 2511 2986 3112 2187 2283 2498 2697 2807 2761 2218 2051 1606 1433 1852 2644 2353 2071 2356 2106 1781 2382 1347 994 1026 1117 1104 1098 1095 1072 998 963 922 905 882 869 843 823 800 780 763 749 732 716 698 681 666 654 644 637 634 -9999 -9999 -9999 -9999 -9999 -9999 -9999 -9999 -9999 -9999 -9999 -9999 -9999 -9999 -9999 -9999 -9999 -9999 -9999 -9999 -9999 -9999 -9999 -9999
3046 3536 3493 2893 2511 2251 2744 2463 1800 2745 2558 2223 2838 2071 2319 1463 1348 1475 1976 2819 2428 1752 1503 2049 2439 1598 1009 1037 1081 1174 1086 1054 1013 945 917 877 856 842 829 812 794 773 756 740 728 713 699 684 669 656 643 632 627 627 -9999 -9999 -9999 -9999 -9999 -9999 -9999 -9999 -9999 -9999 -9999 -9999 -9999 -9999 -9999 -9999 -9999 -9999 -9999 -9999 -9999 -9999 -9999 -9999
3027 3452 3157 3127 2818 2406 1998 1699 1558 1944 2506 1983 2169 1880 1857 1417 1248 1317 1809 2721 2471 2050 1335 1876 1703 1478 1042 1032 1029 1030 1004 973 941 914 870 838 821 809 801 787 771 754 739 726 713 701 688 675 663 652 642 634 631 637 -9999 -9999 -9999 -9999 -9999 -9999 -9999 -9999 -9999 -9999 -9999 -9999 -9999 -9999 -9999 -9999 -9999 -9999 -9999 -9999 -9999 -9999 -9999 -9999
3038 3361 2610 3194 2986 3258 2487 2274 1490 1304 1342 1384 1467 1698 1488 1230 1205 1335 1404 1931 1622 1545 1262 1233 1158 1080 1078 1051 1012 975 959 936 907 878 842 813 796 784 774 760 747 733 720 707 697 688 678 670 660 655 651 663 665 698 675 -9999 -9999 -9999 -9999 -9999 -9999 -9999 -9999 -9999 -9999 -9999 -9999 -9999 -9999 -9999 -9999 -9999 -9999 -9999 -9999 -9999 -9999 -9999
2665 3245 2405 2946 2675 3207 2524 2068 1496 1181 1169 1548 1282 1279 1221 1122 1189 1555 1209 1240 1712 1563 1215 1125 1122 1124 1073 1015 980 953 919 896 881 857 830 802 784 767 756 743 730 718 706 693 686 680 675 670 665 665 726 790 769 763 711 757 772 775 -9999 -9999 -9999 -9999 -9999 -9999 -9999 -9999 -9999 -9999 -9999 -9999 -9999 -9999 -9999 -9999 -9999 -9999 -9999 -9999
2541 2800 2271 1978 2630 2997 2154 2435 1369 1087 1103 1302 1746 1730 1179 1203 1145 1137 1055 1102 1177 1129 1121 1110 1089 1053 1004 959 932 906 888 865 844 830 809 786 770 756 743 728 717 704 693 682 677 672 670 669 669 680 811 755 752 812 886 850 894 850 863 865 853 838 -9999 -9999 -9999 -9999 -9999 -9999 -9999 -9999 -9999 -9999 -9999 -9999 -9999 -9999 -9999 -9999
1582 1857 1574 2272 2840 2492 2131 2571 1441 1089 1018 1036 1271 1360 1332 1131 1351 1060 1073 1036 1052 1070 1029 977 967 952 927 898 878 861 850 838 825 809 794 778 765 749 737 721 709 698 687 680 674 670 669 670 675 707 812 792 882 1021 1011 953 996 921 1047 978 969 893 911 -9999 -9999 -9999 -9999 -9999 -9999 -9999 -9999 -9999 -9999 -9999 -9999 -9999 -9999 -9999
1520 1294 1471 2345 2794 2310 2414 1958 1414 1766 1975 1800 1340 1185 1089 994 1048 1144 1061 1017 1027 1014 979 923 898 881 863 844 828 820 815 810 806 799 789 773 756 740 728 714 703 692 684 678 673 670 671 673 680 695 722 829 904 977 1056 1049 1077 1038 1058 1086 1036 1031 938 913 -9999 -9999 -9999 -9999 -9999 -9999 -9999 -9999 -9999 -9999 -9999 -9999 -9999 -9999
1491 1170 1427 2196 2572 2639 2169 2386 2241 2054 1536 1328 1317 1101 1405 1301 994 1002 1009 1010 1008 973 938 899 871 842 823 809 800 792 790 787 789 790 787 766 750 736 723 713 702 693 684 678 674 673 677 682 690 704 728 770 877 996 1018 1051 1118 1066 982 1058 1149 1066 1016 924 -9999 -9999 -9999 -9999 -9999 -9999 -9999 -9999 -9999 -9999 -9999 -9999 -9999 -9999
1165 1077 1275 1822 2299 2781 2399 2383 1751 1287 1385 1388 1005 955 1097 1324 1252 994 1022 1006 988 949 908 874 844 815 797 785 778 771 767 765 770 772 767 752 738 724 715 706 697 689 683 680 678 679 683 691 699 714 735 759 803 919 1075 1121 1158 1115 1082 1148 1188 1126 1023 -9999 -9999 -9999 -9999 -9999 -9999 -9999 -9999 -9999 -9999 -9999 -9999 -9999 -9999 -9999
1011 1006 1277 2229 2379 2574 2518 1775 1033 1043 1207 1020 962 942 949 1287 1252 990 1042 1011 978 932 889 851 823 801 783 771 763 755 755 753 753 752 747 736 727 717 708 699 692 687 685 684 684 685 692 700 711 724 -9999 -9999 -9999 883 1011 1079 1167 1173 1170 1211 1160 1051 984 -9999 -9999 -9999 -9999 -9999 -9999 -9999 -9999 -9999 -9999 -9999 -9999 -9999 -9999 -9999
916 959 1377 2197 2047 1650 1864 995 947 952 948 931 1173 1069 990 986 1025 1039 1048 1012 961 909 865 826 804 784 770 757 748 740 739 736 734 731 727 720 714 705 698 691 687 685 684 -9999 -9999 -9999 -9999 -9999 -9999 -9999 -9999 -9999 -9999 -9999 -9999 931 1072 1123 1138 1043 1070 -9999 -9999 -9999 -9999 -9999 -9999 -9999 -9999 -9999 -9999 -9999 -9999 -9999 -9999 -9999 -9999 -9999
833 953 1621 2252 1871 1132 1067 949 983 962 960 1032 1224 1291 989 959 1067 1086 1054 994 938 878 835 805 786 771 758 747 739 731 726 722 719 716 711 705 700 695 693 690 -9999 -9999 -9999 -9999 -9999 -9999 -9999 -9999 -9999 -9999 -9999 -9999 -9999 -9999 -9999 -9999 -9999 -9999 -9999 -9999 -9999 -9999 -9999 -9999 -9999 -9999 -9999 -9999 -9999 -9999 -9999 -9999 -9999 -9999 -9999 -9999 -9999 -9999
776 905 1450 1545 1134 916 942 977 993 970 937 1065 1171 1082 948 989 1103 1090 1015 948 899 842 802 779 766 755 746 735 726 718 713 708 704 701 697 694 693 -9999 -9999 -9999 -9999 -9999 -9999 -9999 -9999 -9999 -9999 -9999 -9999 -9999 -9999 -9999 -9999 -9999 -9999 -9999 -9999 -9999 -9999 -9999 -9999 -9999 -9999 -9999 -9999 -9999 -9999 -9999 -9999 -9999 -9999 -9999 -9999 -9999 -9999 -9999 -9999 -9999
757 1055 1652 1130 896 942 973 980 987 977 949 944 940 968 1019 1089 1079 1008 952 898 850 811 781 759 747 739 731 719 713 705 699 695 691 691 691 -9999 -9999 -9999 -9999 -9999 -9999 -9999 -9999 -9999 -9999 -9999 -9999 -9999 -9999 -9999 -9999 -9999 -9999 -9999 -9999 -9999 -9999 -9999 -9999 -9999 -9999 -9999 -9999 -9999 -9999 -9999 -9999 -9999 -9999 -9999 -9999 -9999 -9999 -9999 -9999 -9999 -9999 -9999
689 800 955 938 857 909 965 972 972 970 975 952 943 953 996 993 961 930 878 843 805 773 751 734 723 713 706 699 695 689 688 685 -9999 -9999 -9999 -9999 -9999 -9999 -9999 -9999 -9999 -9999 -9999 -9999 -9999 -9999 -9999 -9999 -9999 -9999 -9999 -9999 -9999 -9999 -9999 -9999 -9999 -9999 -9999 -9999 -9999 -9999 -9999 -9999 -9999 -9999 -9999 -9999 -9999 -9999 -9999 -9999 -9999 -9999 -9999 -9999 -9999 -9999
687 719 789 811 836 908 939 952 948 942 949 937 954 955 948 923 867 848 809 788 765 742 726 710 699 689 682 679 681 680 -9999 -9999 -9999 -9999 -9999 -9999 -9999 -9999 -9999 -9999 -9999 -9999 -9999 -9999 -9999 -9999 -9999 -9999 -9999 -9999 -9999 -9999 -9999 -9999 -9999 -9999 -9999 -9999 -9999 -9999 -9999 -9999 -9999 -9999 -9999 -9999 -9999 -9999 -9999 -9999 -9999 -9999 -9999 -9999 -9999 -9999 -9999 -9999
696 705 1031 770 803 984 883 931 922 930 919 875 891 888 843 808 774 760 748 737 723 710 697 682 672 664 667 -9999 -9999 -9999 -9999 -9999 -9999 -9999 -9999 -9999 -9999 -9999 -9999 -9999 -9999 -9999 -9999 -9999 -9999 -9999 -9999 -9999 -9999 -9999 -9999 -9999 -9999 -9999 -9999 -9999 -9999 -9999 -9999 -9999 -9999 -9999 -9999 -9999 -9999 -9999 -9999 -9999 -9999 -9999 -9999 -9999 -9999 -9999 -9999 -9999 -9999 -9999
689 702 882 790 844 858 907 910 894 919 880 831 815 807 795 780 727 705 702 697 691 682 674 665 660 -9999 -9999 -9999 -9999 -9999 -9999 -9999 -9999 -9999 -9999 -9999 -9999 -9999 -9999 -9999 -9999 -9999 -9999 -9999 -9999 -9999 -9999 -9999 -9999 -9999 -9999 -9999 -9999 -9999 -9999 -9999 -9999 -9999 -9999 -9999 -9999 -9999 -9999 -9999 -9999 -9999 -9999 -9999 -9999 -9999 -9999 -9999 -9999 -9999 -9999 -9999 -9999 -9999
667 688 1045 788 790 865 900 887 861 882 862 785 763 738 704 683 666 659 664 664 664 659 658 -9999 -9999 -9999 -9999 -9999 -9999 -9999 -9999 -9999 -9999 -9999 -9999 -9999 -9999 -9999 -9999 -9999 -9999 -9999 -9999 -9999 -9999 -9999 -9999 -9999 -9999 -9999 -9999 -9999 -9999 -9999 -9999 -9999 -9999 -9999 -9999 -9999 -9999 -9999 -9999 -9999 -9999 -9999 -9999 -9999 -9999 -9999 -9999 -9999 -9999 -9999 -9999 -9999 -9999 -9999
1055 732 1264 902 786 823 882 881 856 815 853 777 742 706 681 647 623 627 640 644 647 650 -9999 -9999 -9999 -9999 -9999 -9999 -9999 -9999 -9999 -9999 -9999 -9999 -9999 -9999 -9999 -9999 -9999 -9999 -9999 -9999 -9999 -9999 -9999 -9999 -9999 -9999 -9999 -9999 -9999 -9999 -9999 -9999 -9999 -9999 -9999 -9999 -9999 -9999 -9999 -9999 -9999 -9999 -9999 -9999 -9999 -9999 -9999 -9999 -9999 -9999 -9999 -9999 -9999 -9999 -9999 -9999
1581 980 1222 793 1055 808 835 845 863 827 779 781 746 725 683 637 612 611 624 631 -9999 -9999 -9999 -9999 -9999 -9999 -9999 -9999 -9999 -9999 -9999 -9999 -9999 -9999 -9999 -9999 -9999 -9999 -9999 -9999 -9999 -9999 -9999 -9999 -9999 -9999 -9999 -9999 -9999 -9999 -9999 -9999 -9999 -9999 -9999 -9999 -9999 -9999 -9999 -9999 -9999 -9999 -9999 -9999 -9999 -9999 -9999 -9999 -9999 -9999 -9999 -9999 -9999 -9999 -9999 -9999 -9999 -9999
1436 1185 725 729 993 1016 820 838 865 777 746 767 795 711 724 654 621 618 621 -9999 -9999 -9999 -9999 -9999 -9999 -9999 -9999 -9999 -9999 -9999 -9999 -9999 -9999 -9999 -9999 -9999 -9999 -9999 -9999 -9999 -9999 -9999 -9999 -9999 -9999 -9999 -9999 -9999 -9999 -9999 -9999 -9999 -9999 -9999 -9999 -9999 -9999 -9999 -9999 -9999 -9999 -9999 -9999 -9999 -9999 -9999 -9999 -9999 -9999 -9999 -9999 -9999 -9999 -9999 -9999 -9999 -9999 -9999
911 741 714 735 769 1179 925 866 872 791 734 695 747 731 695 658 637 623 622 -9999 -9999 -9999 -9999 -9999 -9999 -9999 -9999 -9999 -9999 -9999 -9999 -9999 -9999 -9999 -9999 -9999 -9999 -9999 -9999 -9999 -9999 -9999 -9999 -9999 -9999 -9999 -9999 -9999 -9999 -9999 -9999 -9999 -9999 -9999 -9999 -9999 -9999 -9999 -9999 -9999 -9999 -9999 -9999 -9999 -9999 -9999 -9999 -9999 -9999 -9999 -9999 -9999 -9999 -9999 -9999 -9999 -9999 -9999
865 820 701 729 755 864 1062 1022 858 831 740 732 693 642 625 628 625 621 618 -9999 -9999 -9999 -9999 -9999 -9999 -9999 -9999 -9999 -9999 -9999 -9999 -9999 -9999 -9999 -9999 -9999 -9999 -9999 -9999 -9999 -9999 -9999 -9999 -9999 -9999 -9999 -9999 -9999 -9999 -9999 -9999 -9999 -9999 -9999 -9999 -9999 -9999 -9999 -9999 -9999 -9999 -9999 -9999 -9999 -9999 -9999 -9999 -9999 -9999 -9999 -9999 -9999 -9999 -9999 -9999 -9999 -9999 -9999
1497 1127 713 721 751 776 875 1027 852 796 719 715 674 646 629 619 616 617 -9999 -9999 -9999 -9999 -9999 -9999 -9999 -9999 -9999 -9999 -9999 -9999 -9999 -9999 -9999 -9999 -9999 -9999 -9999 -9999 -9999 -9999 -9999 -9999 -9999 -9999 -9999 -9999 -9999 -9999 -9999 -9999 -9999 -9999 -9999 -9999 -9999 -9999 -9999 -9999 -9999 -9999 -9999 -9999 -9999 -9999 -9999 -9999 -9999 -9999 -9999 -9999 -9999 -9999 -9999 -9999 -9999 -9999 -9999 -9999
1481 896 688 710 737 767 803 881 873 826 753 694 669 644 630 621 616 -9999 -9999 -9999 -9999 -9999 -9999 -9999 -9999 -9999 -9999 -9999 -9999 -9999 -9999 -9999 -9999 -9999 -9999 -9999 -9999 -9999 -9999 -9999 -9999 -9999 -9999 -9999 -9999 -9999 -9999 -9999 -9999 -9999 -9999 -9999 -9999 -9999 -9999 -9999 -9999 -9999 -9999 -9999 -9999 -9999 -9999 -9999 -9999 -9999 -9999 -9999 -9999 -9999 -9999 -9999 -9999 -9999 -9999 -9999 -9999 -9999
1221 685 675 691 729 781 810 805 841 833 841 719 670 648 634 625 617 -9999 -9999 -9999 -9999 -9999 -9999 -9999 -9999 -9999 -9999 -9999 -9999 -9999 -9999 -9999 -9999 -9999 -9999 -9999 -9999 -9999 -9999 -9999 -9999 -9999 -9999 -9999 -9999 -9999 -9999 -9999 -9999 -9999 -9999 -9999 -9999 -9999 -9999 -9999 -9999 -9999 -9999 -9999 -9999 -9999 -9999 -9999 -9999 -9999 -9999 -9999 -9999 -9999 -9999 -9999 -9999 -9999 -9999 -9999 -9999 -9999
693 642 657 675 731 794 842 790 812 843 843 710 669 646 637 624 -9999 -9999 -9999 -9999 -9999 -9999 -9999 -9999 -9999 -9999 -9999 -9999 -9999 -9999 -9999 -9999 -9999 -9999 -9999 -9999 -9999 -9999 -9999 -9999 -9999 -9999 -9999 -9999 -9999 -9999 -9999 -9999 -9999 -9999 -9999 -9999 -9999 -9999 -9999 -9999 -9999 -9999 -9999 -9999 -9999 -9999 -9999 -9999 -9999 -9999 -9999 -9999 -9999 -9999 -9999 -9999 -9999 -9999 -9999 -9999 -9999 -9999
607 618 634 659 708 780 774 781 778 832 827 706 677 656 640 626 -9999 -9999 -9999 -9999 -9999 -9999 -9999 -9999 -9999 -9999 -9999 -9999 -9999 -9999 -9999 -9999 -9999 -9999 -9999 -9999 -9999 -9999 -9999 -9999 -9999 -9999 -9999 -9999 -9999 -9999 -9999 -9999 -9999 -9999 -9999 -9999 -9999 -9999 -9999 -9999 -9999 -9999 -9999 -9999 -9999 -9999 -9999 -9999 -9999 -9999 -9999 -9999 -9999 -9999 -9999 -9999 -9999 -9999 -9999 -9999 -9999 -9999
