Electronic Materials (Flash Drives)/data/NZclimate/2050/ccsm_4_2050/bio12nz.asc
ncols         384
nrows         384
xllcorner     164
yllcorner     -49
cellsize      0.041666666666667
NODATA_value  -9999
[rows 140 to 174 of 384, columns 234 to 311 of 384]
-9999 -9999 -9999 -9999 -9999 -9999 -9999 -9999 -9999 -9999 -9999 -9999 -9999 -9999 -9999 -9999 -9999 -9999 1665 1920 1811 1868 1964 2083 2290 2551 2567 2535 2313 1821 1817 1917 1939 1853 1923 1573 1529 1515 1439 1456 1499 1696 2155 2565 2412 1988 1563 1508 1491 1439 1422 1410 1390 1363 1407 1514 1501 1533 1671 1799 1876 1834 1788 1803 1847 1965 1994 2245 2305 2326 2474 2364 2291 2263 2154 1803 2173 2125
-9999 -9999 -9999 -9999 -9999 -9999 -9999 -9999 -9999 -9999 -9999 -9999 -9999 -9999 -9999 -9999 -9999 1741 1977 1997 2025 2049 1995 2015 2208 2468 2498 2462 2177 1898 1764 1801 1894 1705 1837 1586 1496 1477 1404 1397 1439 1731 2110 2170 2049 1803 1793 1628 1482 1465 1466 1451 1458 1605 1729 1642 1634 1608 1658 1829 1870 1884 1812 1882 1866 2019 1955 2264 2225 2304 2273 2502 2287 1906 2104 2128 1710 1714
-9999 -9999 -9999 -9999 -9999 -9999 -9999 -9999 -9999 -9999 -9999 -9999 -9999 -9999 -9999 -9999 1726 1840 1986 1980 2155 2364 2343 2462 2368 2455 2438 2396 2069 1926 1732 1752 1781 1639 1624 1515 1498 1505 1476 1421 1454 1770 1859 2103 1981 1921 2195 1807 1510 1522 1533 1566 1584 1749 1779 1792 1613 1684 1779 1937 1898 1887 1864 1854 1970 2011 1976 2230 2126 2360 2546 2317 2142 1916 2227 1820 1799 1833
-9999 -9999 -9999 -9999 -9999 -9999 -9999 -9999 -9999 -9999 1568 1583 1670 1706 1731 1726 1808 1984 2040 2027 2341 2356 2348 2376 2238 2220 2303 2188 2092 1910 1742 1782 1733 1718 1772 1690 1708 1601 1655 1559 1720 1725 1926 2071 2054 2087 2845 2489 1657 1618 1659 1675 1693 1693 1761 1834 1810 1893 2141 2256 1881 1923 2023 1994 2025 2027 1965 1988 2007 2040 2361 2160 1898 1918 2086 1786 1845 1793
-9999 -9999 -9999 -9999 -9999 -9999 -9999 -9999 1601 1628 1626 1665 1777 1808 1805 1986 2046 1969 2048 2274 2367 2256 2306 2346 2164 2100 1996 1995 2034 1939 1798 1740 1673 1767 1881 1842 1689 1727 1774 1759 2218 1987 1842 1994 1968 1932 1999 2309 2227 1762 1733 1826 1917 1959 1938 2078 2161 2349 2197 2053 1855 1963 2050 2018 2124 2326 2097 1816 1851 2034 2157 1996 1757 1643 1700 1711 1672 1654
-9999 -9999 -9999 -9999 -9999 -9999 1740 1724 1732 1792 1813 1872 1845 1996 2003 2011 2189 2031 2237 2171 2240 2179 2257 2254 2164 1997 1951 1949 1923 1892 1868 1715 1850 1838 1644 1592 1658 1648 1837 1910 2460 2167 2207 2240 2280 2257 1954 1897 2288 1783 1753 1956 2246 2385 2640 2470 2263 2387 2424 2197 1807 1898 2070 2051 2298 2405 2160 1837 1790 2050 1908 1694 1821 1803 1864 1822 1742 1638
-9999 -9999 -9999 -9999 1660 1775 1926 1983 1961 2029 2113 2147 2096 2018 2014 2159 2127 2200 2240 2110 2196 2305 2250 2166 2049 1978 1844 1954 1838 1816 1812 1673 1671 1602 1601 1581 1527 1601 1768 1890 2068 2267 2474 2651 2988 3460 3079 2328 1944 1814 1982 2314 2730 2763 2857 2753 2840 2552 2590 2027 1955 2025 1886 2090 2066 2234 2065 1866 1953 1793 1676 1888 2131 2105 1765 1557 1511 1452
-9999 -9999 1644 1707 2043 2585 2354 2410 2342 2384 2373 2305 2125 2112 2041 2059 2120 2189 2045 2076 2188 2280 2165 2035 2110 2014 1838 1857 1825 1761 1914 1834 1856 1626 1852 1772 1560 1745 1971 2160 2253 2313 2490 2839 3400 3988 3399 2856 2345 2015 2554 3018 3023 3029 2986 2996 2778 2539 2299 2486 2168 2093 1999 1937 2185 1932 1871 1858 1877 1719 1830 2453 2178 1867 1722 1560 1502 1415
-9999 1587 1701 1878 2318 3148 3391 3221 2901 2731 2578 2427 2295 2222 2195 2034 2065 2049 2001 2074 2110 2124 2088 2014 2028 2069 1868 1917 1820 1882 1901 1915 1895 1873 1902 1914 1707 1790 2079 2248 2359 2495 2716 3000 3310 3195 2973 2747 2471 2528 2794 3038 3116 2829 2653 2728 2833 2537 2305 2506 2752 2547 2216 1998 1851 1763 1745 1863 1767 1741 2132 2317 1779 1570 1549 1494 1499 1374
1506 1619 1840 2089 2581 3895 5378 4908 3739 3216 2790 2552 2410 2282 2133 2083 2006 2039 2072 2042 2029 2054 2199 2309 1997 1792 1811 1740 1823 1756 1886 1843 1966 1917 1769 1821 1881 1830 2021 2192 3117 2910 3260 3698 3548 3082 2767 2582 2482 2581 2847 3029 2998 2543 2786 2609 2714 2405 2565 2375 2462 2596 2482 2569 2026 1797 1854 1944 1918 2128 1931 1744 1546 1532 1471 1468 1579 1540
1490 1645 1910 2217 2749 3660 5277 5801 5211 3939 3116 2670 2441 2281 2071 2039 2082 2032 1890 1877 1997 1976 2049 2101 2013 1711 1747 1680 1725 1630 1726 1660 1757 1801 1623 1635 1791 1877 1977 2100 2391 2937 3890 5063 4170 3277 2786 2537 2634 2950 3136 3078 2732 2283 2407 2537 2780 2114 2437 2652 2524 2306 2841 2741 2151 1858 1858 1866 1880 1735 1684 1630 1462 1595 1638 1476 1401 1339
1454 1589 1801 2118 2704 3541 5162 5874 5537 4187 3256 2705 2342 2151 2060 1938 1922 1910 1816 2003 1886 1863 1963 2074 2166 2219 1768 1729 1732 1556 1578 1710 1687 1666 1531 1534 1605 1794 1902 2021 2279 2713 3500 4303 3640 2931 2530 2397 2685 2959 2724 2513 2512 2618 2068 2176 1958 1824 2223 2307 2015 2248 2645 2146 2009 1883 1807 1835 1723 1506 1521 1500 1344 1355 1478 1315 1260 1212
1401 1486 1623 1840 2213 2680 3476 4169 3891 3323 2884 2471 2157 1985 1899 1815 1762 1783 1813 1957 2070 2384 2437 2279 2273 2257 2458 2061 1833 1668 1509 1624 1507 1388 1454 1554 1613 1691 1756 1851 1980 2201 2511 2678 2528 2295 2074 2129 2282 2256 2383 2522 2414 2218 1761 1834 1809 1766 2093 2153 1863 2015 1917 1840 1654 1768 1507 1492 1463 1404 1351 1316 1194 1214 1261 1090 1072 -9999
1360 1396 1483 1586 1754 1946 2272 2524 2486 2365 2199 2025 1899 1834 1812 1794 1670 1654 1771 2008 2100 2311 2387 2071 2050 2110 2248 2177 1878 1642 1503 1471 1467 1622 1764 1740 1601 1542 1500 1523 1580 1588 1706 1797 1649 1646 1662 1644 1656 1805 2101 2648 2161 2048 1810 1804 1633 1691 1734 1959 1903 1668 1705 1732 1728 1547 1362 1311 1232 1294 1225 1209 1219 1122 1050 997 -9999 -9999
-9999 1338 1349 1403 1466 1569 1689 1730 1719 1747 1746 1719 1662 1680 1713 1745 1687 1524 1680 1762 1782 1926 1849 1830 1861 1841 1886 1832 1638 1579 1369 1551 1609 1615 1687 1501 1516 1444 1400 1402 1393 1369 1356 1342 1293 1289 1383 1548 1419 1458 2111 1899 1287 1490 1413 1437 1621 1706 1665 1538 1561 1632 1641 1694 1618 1317 1201 1126 1102 1090 1103 1060 1192 1005 899 -9999 -9999 -9999
-9999 -9999 1274 1286 1320 1367 1409 1404 1406 1433 1471 1482 1494 1625 1539 1588 1568 1499 1568 1593 1696 1743 1730 1561 1747 1703 1668 1736 1868 1790 1493 1399 1638 1632 1673 1534 1542 1440 1492 1437 1345 1263 1243 1229 1187 1191 1218 1471 1680 1380 1269 1119 1144 1376 1236 1333 1560 1681 1653 1481 1621 1508 1390 1471 1377 1245 1152 1091 1110 1038 977 991 1008 910 851 866 -9999 -9999
-9999 -9999 -9999 1231 1230 1235 1243 1230 1233 1259 1292 1289 1351 1389 1479 1446 1499 1664 1505 1483 1523 1457 1656 1569 1544 1606 1838 1623 1576 1819 1653 1414 1424 1419 1510 1411 1408 1337 1328 1370 1280 1244 1247 1216 1194 1261 1188 1359 1632 1493 1276 1087 1226 1258 1174 1251 1351 1585 2081 1327 1605 1530 1280 1260 1188 1176 1115 1089 1017 966 903 897 852 862 838 834 -9999 -9999
-9999 -9999 -9999 -9999 -9999 1178 1171 1147 1146 1144 1172 1198 1245 1258 1272 1461 1524 1707 1607 1381 1619 1430 1648 1800 1536 1372 1457 1413 1632 1862 1675 1280 1238 1354 1455 1366 1239 1319 1396 1316 1228 1214 1150 1124 1106 1127 1133 1353 1313 1160 985 998 1080 1139 1118 1217 1708 1895 1723 1768 2206 1911 1476 1211 998 997 950 946 921 875 831 823 813 810 807 819 830 -9999
-9999 -9999 -9999 -9999 -9999 -9999 -9999 -9999 -9999 -9999 1142 1157 1206 1192 1177 1288 1412 1498 1475 1402 1434 1505 1634 1704 1575 1402 1347 1531 1578 1642 1520 1496 1319 1229 1261 1416 1292 1216 1244 1214 1168 1157 1162 1131 1099 1103 1068 1049 1030 1006 964 978 1051 1071 1115 1377 1961 2149 1788 1995 2292 1723 1239 1143 1110 1166 961 845 836 855 827 797 784 786 794 808 830 -9999
-9999 -9999 -9999 -9999 -9999 -9999 -9999 -9999 -9999 -9999 -9999 -9999 -9999 1170 1125 1193 1290 1396 1499 1297 1339 1596 1446 1366 1317 1343 1253 1246 1332 1439 1365 1289 1468 1280 1198 1358 1396 1175 1169 1210 1127 1170 1213 1114 1121 1101 1091 1060 1018 1000 1005 966 994 1058 1162 1226 1930 1988 2222 2255 2254 1445 1375 1221 1167 1095 987 843 820 800 781 773 771 779 792 812 863 906
-9999 -9999 -9999 -9999 -9999 -9999 -9999 -9999 -9999 -9999 -9999 -9999 -9999 -9999 1084 1136 1182 1197 1243 1287 1349 1408 1323 1170 1208 1264 1156 1298 1390 1387 1360 1305 1184 1144 1320 1377 1338 1161 1170 1159 1142 1225 1131 1137 1139 1088 1113 1138 1061 1010 1003 994 985 1066 1140 1556 1419 1918 2364 1960 1717 1451 1534 1384 1434 1321 1146 901 980 842 794 764 768 782 821 927 888 958
-9999 -9999 -9999 -9999 -9999 -9999 -9999 -9999 -9999 -9999 -9999 -9999 -9999 -9999 -9999 1059 1078 1071 1129 1110 1170 1206 1174 1141 1267 1110 1188 1308 1559 1480 1275 1203 1188 1072 1214 1295 1199 1119 1230 1183 1149 1169 1112 1172 1160 1094 1139 1153 1161 1081 1013 1018 1057 1160 1307 2200 2047 2101 2134 1602 1448 1742 1543 1440 1384 1277 1246 1023 1084 847 919 841 895 955 1168 955 1043 1078
-9999 -9999 -9999 -9999 -9999 -9999 -9999 -9999 -9999 -9999 -9999 -9999 -9999 -9999 -9999 -9999 -9999 1036 1039 1066 1100 1103 1104 1045 1127 1099 1246 1331 1353 1348 1277 1195 1063 1026 1054 1102 1063 1044 1102 1078 1135 1151 1089 1098 1100 1129 1168 1158 1180 1057 1033 1045 1132 1258 1332 2056 2378 2297 1993 1439 1394 1577 1416 1287 1222 1144 1212 1182 1116 1086 837 809 1026 929 1059 1299 1309 1185
-9999 -9999 -9999 -9999 -9999 -9999 -9999 -9999 -9999 -9999 -9999 -9999 -9999 -9999 -9999 -9999 -9999 -9999 999 1018 1019 1027 1036 1006 1093 1148 1161 1159 1161 1138 1121 1128 1013 1017 1049 1121 1025 1113 1024 1047 1109 1038 1052 1109 1175 1222 1179 1119 1094 1067 1109 1149 1173 1212 1362 2323 2558 2567 1701 1484 1391 1307 1258 1200 1109 1056 1104 1176 1257 883 826 1027 995 1008 1330 1597 1548 1100
-9999 -9999 -9999 -9999 -9999 -9999 -9999 -9999 -9999 -9999 -9999 -9999 -9999 -9999 -9999 -9999 -9999 -9999 -9999 -9999 -9999 972 961 978 1009 1014 1011 1006 1002 1050 1073 1014 939 968 1017 1057 1036 1009 1023 1037 1030 991 1021 1069 1119 1120 1046 1019 1065 1150 1172 1173 1217 1307 1541 2102 2456 2518 1831 1545 1420 1327 1154 1076 1038 1009 1017 1150 1032 867 977 971 1238 1234 1547 1939 1443 1123
-9999 -9999 -9999 -9999 -9999 -9999 -9999 -9999 -9999 -9999 -9999 -9999 -9999 -9999 -9999 -9999 -9999 -9999 -9999 -9999 -9999 -9999 -9999 -9999 -9999 -9999 -9999 948 957 991 1007 938 922 997 1029 1075 1013 1013 1009 1002 1022 1029 1024 1089 1085 1020 1022 1064 1111 1168 1226 1281 1341 1536 2242 2511 2608 1988 1616 1545 1366 1247 1100 1035 992 975 993 1140 985 887 972 1061 1152 1267 1666 1777 1395 1329
-9999 -9999 -9999 -9999 -9999 -9999 -9999 -9999 -9999 -9999 -9999 -9999 -9999 -9999 -9999 -9999 -9999 -9999 -9999 -9999 -9999 -9999 -9999 -9999 -9999 -9999 -9999 -9999 -9999 918 901 914 958 962 1006 1051 968 998 1010 1041 1054 1110 1120 1101 1146 1011 1089 1109 1191 1249 1272 1323 1440 1549 1953 1966 2439 1893 1669 1510 1304 1136 1053 994 950 927 945 1021 947 976 1064 1099 1245 1255 1401 1270 1186 -9999
-9999 -9999 -9999 -9999 -9999 -9999 -9999 -9999 -9999 -9999 -9999 -9999 -9999 -9999 -9999 -9999 -9999 -9999 -9999 -9999 -9999 -9999 -9999 -9999 -9999 -9999 -9999 -9999 -9999 -9999 898 918 947 975 986 957 960 976 1051 1133 1153 1139 1079 1066 1014 1059 1213 1253 1241 1311 1302 1379 1404 1524 1815 2430 2121 1770 1657 1471 1259 1110 1021 974 934 942 931 957 987 1008 1071 1213 1331 1385 1294 1144 -9999 -9999
-9999 -9999 -9999 -9999 -9999 -9999 -9999 -9999 -9999 -9999 -9999 -9999 -9999 -9999 -9999 -9999 -9999 -9999 -9999 -9999 -9999 -9999 -9999 -9999 -9999 -9999 -9999 -9999 -9999 -9999 -9999 907 920 916 947 958 968 1048 1092 1085 1090 1038 989 1034 1163 1241 1319 1283 1328 1298 1389 1364 1428 1556 2094 2068 1938 1809 1673 1452 1242 1112 1040 997 961 1014 907 947 1023 1191 1134 1236 1385 1382 1260 1274 -9999 -9999
-9999 -9999 -9999 -9999 -9999 -9999 -9999 -9999 -9999 -9999 -9999 -9999 -9999 -9999 -9999 -9999 -9999 -9999 -9999 -9999 -9999 -9999 -9999 -9999 -9999 -9999 -9999 -9999 -9999 -9999 -9999 -9999 899 914 928 952 986 1022 1056 1051 1021 965 1031 1108 1150 1177 1208 1294 1351 1302 1398 1363 1466 1787 1947 1998 1824 1728 1623 1410 1258 1138 1175 1041 1086 939 956 1025 1170 1233 1227 1278 1323 1439 1264 1192 -9999 -9999
-9999 -9999 -9999 -9999 -9999 -9999 -9999 -9999 -9999 -9999 -9999 -9999 -9999 -9999 -9999 -9999 -9999 -9999 -9999 -9999 -9999 -9999 -9999 -9999 -9999 -9999 -9999 -9999 -9999 -9999 -9999 -9999 -9999 914 924 944 972 997 1019 1007 960 999 1058 1105 1132 1134 1177 1256 1243 1367 1277 1353 1673 2016 2057 1795 1706 1554 1417 1312 1194 1328 1507 1336 1189 962 1028 1136 1236 1225 1302 1267 1429 1336 1196 1143 -9999 -9999
-9999 -9999 -9999 -9999 -9999 -9999 -9999 -9999 -9999 -9999 -9999 -9999 -9999 -9999 -9999 -9999 -9999 -9999 -9999 -9999 -9999 -9999 -9999 -9999 -9999 -9999 -9999 -9999 -9999 -9999 -9999 -9999 -9999 -9999 913 926 951 971 987 959 939 1009 1003 1066 1074 1079 1132 1224 1330 1253 1287 1562 1912 2033 1698 1561 1426 1374 1304 1220 1355 1444 1423 1082 942 907 920 995 1172 1221 1263 1247 1330 1264 1222 -9999 -9999 -9999
-9999 -9999 -9999 -9999 -9999 -9999 -9999 -9999 -9999 -9999 -9999 -9999 -9999 -9999 -9999 -9999 -9999 -9999 -9999 -9999 -9999 -9999 -9999 -9999 -9999 -9999 -9999 -9999 -9999 -9999 -9999 -9999 -9999 -9999 918 912 925 938 933 926 968 996 982 1037 1013 1059 1151 1263 1246 1242 1573 1966 1944 1675 1533 1410 1271 1291 1228 1299 1504 1391 1456 1203 1052 1020 971 979 1010 1080 1173 1220 1191 1239 -9999 -9999 -9999 -9999
-9999 -9999 -9999 -9999 -9999 -9999 -9999 -9999 -9999 -9999 -9999 -9999 -9999 -9999 -9999 -9999 -9999 -9999 -9999 -9999 -9999 -9999 -9999 -9999 -9999 -9999 -9999 -9999 -9999 -9999 -9999 -9999 -9999 -9999 -9999 907 909 907 910 912 947 998 956 949 973 1027 1153 1278 1192 1431 1949 1884 1669 1471 1342 1236 1154 1146 1165 1230 1303 1395 1352 1363 1214 1043 992 1009 1031 1138 1097 1106 1088 -9999 -9999 -9999 -9999 -9999
-9999 -9999 -9999 -9999 -9999 -9999 -9999 -9999 -9999 -9999 -9999 -9999 -9999 -9999 -9999 -9999 -9999 -9999 -9999 -9999 -9999 -9999 -9999 -9999 -9999 -9999 -9999 -9999 -9999 -9999 -9999 -9999 -9999 -9999 -9999 902 902 916 926 908 924 947 918 921 944 1019 1181 1238 1219 1571 1780 1506 1405 1344 1203 1181 1223 1307 1303 1245 1450 1421 1516 1441 1295 1072 1033 1042 1227 1145 1038 -9999 -9999 -9999 -9999 -9999 -9999 -9999
